4.297129 164.052368 1.707429 0.036286
4.290210 518.911255 1.872423 -0.636228
5.341441 220.597580 1.997272 -3.497389
7.082442 505.438629 2.259328 0.567655
10.087919 101.774712 2.055841 -1.320094
12.358897 366.815948 1.791894 -0.087770
12.682622 373.135040 1.960677 -0.044756
12.682622 373.135040 1.960677 -3.228917
12.701364 382.174042 1.956342 0.103676
13.556222 530.549500 1.967579 1.319290
13.719503 156.505630 2.153411 -0.807877
17.360277 159.993011 1.926789 -1.204314
17.360277 159.993011 1.926789 -3.954565
16.813122 276.909729 1.935008 -0.532818
16.661123 351.391754 2.019428 -4.327970
18.324614 457.660431 2.037678 -2.012089
19.205130 613.509827 1.798657 0.943907
19.205130 613.509827 1.798657 -2.856496
20.669115 485.614410 2.007261 0.594943
21.991276 120.318512 2.008909 1.355976
21.991276 120.318512 2.008909 -1.624642
23.901524 239.413620 2.112802 0.482138
28.016726 113.607407 1.764119 -4.153095
31.203104 446.938507 2.059779 -1.968887
31.331041 121.618988 1.850995 1.143194
32.104179 435.896210 1.971594 -1.946101
35.549088 113.981026 2.312411 -1.244234
36.858952 132.698166 2.001938 -2.935695
38.853443 159.469025 2.021738 1.119664
38.573620 511.083893 1.875834 1.349869
42.129059 149.229126 1.834530 0.198676
42.129059 149.229126 1.834530 -1.352221
43.249413 426.066803 2.193623 1.437347
44.452660 436.478760 1.954387 -2.323330
48.572491 341.946228 2.105341 0.461940
50.709366 230.065140 2.002134 -0.409046
50.709366 230.065140 2.002134 -4.635817
51.125439 366.182556 2.183872 -0.136360
54.660347 424.138641 1.988905 1.554913
57.396938 148.091461 1.785735 -2.029726
57.396938 148.091461 1.785735 -3.597143
56.645821 257.623077 2.259349 -0.440116
56.892872 598.173096 1.920606 -1.518403
59.402760 172.119934 2.773406 0.934827
59.926529 152.437729 1.776870 1.435518
60.562195 326.010498 2.039096 0.420852
65.299629 110.214226 1.958442 -1.789975
66.120399 304.033478 1.955961 -0.269989
68.236160 116.970833 1.959369 -3.740495
69.890297 276.936005 1.859833 -0.583354
70.601471 627.189819 1.947557 -1.648913
72.248634 112.107994 2.048695 -1.197026
73.323502 347.976776 2.145276 -3.079319
74.471672 364.567627 1.875084 -1.670660
74.771896 68.132797 1.972698 -2.245209
77.234871 103.103004 1.904254 -3.618734
76.596436 565.142883 1.871107 1.458317
77.422234 576.800720 2.230238 -1.818667
78.477333 274.727661 2.177609 -0.655295
80.343346 70.379555 2.127616 0.596708
81.269501 181.414459 2.053819 -3.754106
81.269501 181.414459 2.053819 -4.660299
82.475502 92.201500 1.950264 -1.175638
82.965256 386.879639 1.925595 1.255510
87.665901 221.628128 2.101484 0.194796
89.796783 19.018354 2.086046 0.504969
89.796783 19.018354 2.086046 -3.114205
92.841362 49.106834 1.892297 0.885633
94.218147 109.263725 2.050642 0.743944
93.787605 588.886475 1.933121 -1.189645
94.907524 57.202679 2.010706 -3.329801
94.645844 247.606644 1.851318 0.701993
95.691856 302.059448 2.074351 -0.808032
98.291100 164.329773 2.352957 -1.385069
98.002777 51.858578 2.011607 -3.279855
98.031471 379.212982 2.006825 0.264671
98.267563 538.760925 2.182992 -0.414943
99.359535 226.945038 2.013104 -2.936150
100.818771 503.908051 1.829563 -0.183920
103.017471 84.013039 2.012786 -1.349744
103.017471 84.013039 2.012786 -3.693049
104.956215 177.321152 1.840629 -0.333589
105.400200 391.844116 1.924459 -1.696855
110.300240 235.716339 1.804860 -3.167148
110.613533 385.894501 2.191555 -1.647204
113.480865 140.529465 2.096745 -3.295390
112.891342 524.622375 1.843964 0.379589
112.891342 524.622375 1.843964 -3.259645
113.974136 147.920258 2.019788 -2.356937
114.871803 258.258362 1.962746 -0.011716
114.871803 258.258362 1.962746 -2.605958
115.359169 361.764130 1.968661 1.536021
115.359169 361.764130 1.968661 -2.092658
116.337189 306.235504 2.195907 -2.451587
119.740547 262.579010 2.168746 -2.659265
119.740547 262.579010 2.168746 -4.064418
122.664581 341.460236 2.168608 -4.484940
126.723114 559.075195 1.837299 1.464916
128.062317 57.529274 1.806663 -2.849038
129.867447 15.756885 1.929627 -3.613972
134.918503 335.561066 2.190874 -3.935852
136.953644 386.470093 1.863643 -2.945726
138.362564 437.143311 1.846113 -4.389994
143.191299 320.722504 2.092876 0.930183
144.585083 119.497536 1.855996 -2.127792
144.585083 119.497536 1.855996 -3.628373
150.424667 112.877472 1.991915 -2.856747
152.759155 321.738251 1.982258 -0.724707
152.759155 321.738251 1.982258 -4.437437
156.129974 165.661652 1.979084 -0.177602
161.117447 227.900436 1.816238 -3.398365
163.396179 164.178284 2.081503 -4.407864
166.953766 100.001160 2.108264 -3.539231
166.414734 416.864197 2.202387 -4.196035
172.170700 132.651489 2.087750 1.481650
172.170700 132.651489 2.087750 0.065302
171.821014 436.258057 1.984766 -4.487195
183.626541 296.875061 1.860741 -2.963926
184.327042 580.963745 1.972726 -1.138564
184.327042 580.963745 1.972726 -4.145647
187.178543 314.229340 2.061770 -1.073959
187.178543 314.229340 2.061770 -2.238610
187.277252 565.891052 2.080789 -3.670094
187.549622 350.133972 1.876722 -1.456284
189.097580 140.587128 2.109305 -2.556788
189.184998 340.064697 2.044479 1.301096
190.026886 13.514400 1.870513 0.839067
190.026886 13.514400 1.870513 -2.135951
189.933319 471.982300 2.248362 -4.465806
193.790710 17.628181 1.942058 -2.166067
193.690292 189.777359 2.140896 -3.578955
194.731857 153.063339 2.112716 -1.841540
195.470886 310.933350 1.923301 -3.476342
195.470886 310.933350 1.923301 -4.645866
199.188171 503.202881 1.934141 -0.746373
201.047867 443.166901 1.784874 -3.886941
204.191864 125.229973 2.017048 -1.274637
204.191864 125.229973 2.017048 -4.335806
206.888458 486.237640 2.087074 -4.624595
209.400787 583.881470 2.217592 -1.477315
213.255905 205.227814 1.820637 0.337666
215.029282 218.189911 2.058498 -1.146067
218.270569 516.442688 1.956331 1.166498
218.270569 516.442688 1.956331 -3.629872
219.543076 400.145416 1.938638 1.189385
219.543076 400.145416 1.938638 -2.061871
222.138657 39.818253 1.919504 -3.516498
223.058426 380.069733 1.826403 -1.645916
225.087631 218.702957 1.989885 -1.529295
224.806946 403.814789 1.899071 1.319634
227.492294 475.950378 1.884310 -3.916594
230.426987 280.527008 1.744219 -0.762615
232.742310 329.042603 2.215695 -1.505351
233.584854 426.348114 1.976776 -3.988422
234.306030 209.329010 2.330361 -3.181009
237.271378 286.800659 1.930923 -1.131633
236.287598 421.157501 1.878527 -1.582836
243.195877 339.910004 1.727890 -0.731762
246.878754 182.671402 1.881036 -0.244600
247.467896 393.370880 2.085928 -4.701951
249.271088 547.558350 1.929108 1.453662
252.304825 500.111694 2.212218 -3.722087
252.818314 591.638611 1.915074 -0.690711
254.882080 154.829605 1.987187 -1.445388
255.685425 59.226025 1.803903 -4.030169
256.736389 88.429039 1.822825 1.085314
257.621735 546.459351 2.412522 1.534174
257.450653 614.081604 1.888356 -3.910354
257.810913 101.202805 2.195728 0.973560
257.810913 101.202805 2.195728 -1.725015
258.037628 440.057922 1.945813 -4.279369
258.690033 468.035950 2.031393 -1.698300
260.426941 40.760818 1.901099 -4.071810
259.824707 506.972107 1.933695 -4.009252
260.703674 384.169891 2.069598 -3.072438
262.949768 157.103531 2.146019 -1.963456
263.967773 142.150482 2.072334 1.306731
263.967773 142.150482 2.072334 -2.096914
263.483521 230.815613 1.975948 -3.918960
266.075531 611.213196 1.901076 -0.442651
267.894440 171.835587 1.990168 -4.227949
267.882080 313.167938 1.972682 0.656910
269.327637 11.324865 1.890782 -3.382178
269.431854 294.206787 1.915237 0.343480
269.948730 257.452850 2.118794 -3.746094
270.837372 103.729065 1.919976 -1.016535
270.837372 103.729065 1.919976 -4.307992
275.425232 31.893734 2.234198 -1.608146
279.425751 147.015549 2.188600 -0.257627
279.425751 147.015549 2.188600 -2.708419
279.425751 147.015549 2.188600 -3.920832
278.882599 279.763611 1.925002 0.002849
278.684204 599.729980 2.196069 -1.734754
280.162842 425.772125 1.748646 -1.331080
281.634186 392.208862 1.926078 1.479542
283.233032 342.375366 2.155102 -1.271353
282.971710 472.483582 2.054878 -1.581817
283.730499 202.106934 2.299498 -3.097748
283.897644 289.690887 2.084401 -3.351518
286.543976 71.469391 1.925633 -1.343898
287.914490 13.672114 1.888543 -3.977477
288.182159 592.812561 2.194794 -4.302580
290.499695 471.819733 1.847505 -1.181542
292.382233 314.690155 2.126452 -3.216519
291.849640 318.924896 1.958829 -3.262370
294.587646 586.084351 1.805545 -3.576005
294.929749 482.695984 1.680448 -1.778226
296.477631 544.059082 2.141528 -4.163151
299.062500 598.254578 2.001438 -1.727697
299.989319 159.019653 1.818950 -1.579329
300.864777 260.371307 1.893883 -1.859806
301.636169 153.589828 2.138180 -1.595288
301.636169 153.589828 2.138180 -3.408901
301.168976 589.195801 1.857084 1.538460
301.168976 589.195801 1.857084 -1.044585
304.169250 562.958496 2.002623 -4.300655
305.343323 303.457947 2.116130 -3.333387
305.343323 303.457947 2.116130 -4.209987
305.899963 335.702393 1.861584 -1.639124
305.899963 335.702393 1.861584 -3.852740
311.952576 437.439911 2.068731 -4.577787
313.860413 69.995247 1.900054 -4.132516
315.585876 248.557556 2.076047 -2.630563
319.229004 258.455963 1.946113 -1.191880
321.255554 176.214294 1.944603 -0.651365
320.799744 464.260834 2.274952 1.255321
320.799744 464.260834 2.274952 -3.287522
321.937561 216.794373 2.191873 -1.651517
323.546814 84.878189 2.171302 -0.990620
323.546814 84.878189 2.171302 -3.510038
324.877991 148.732910 1.902322 1.528110
324.722015 245.798508 1.801565 -4.002731
327.840027 526.133606 1.809895 -0.930969
327.840027 526.133606 1.809895 -3.161937
330.294861 83.252228 2.589839 -0.205719
329.759247 33.739773 2.223357 0.855872
331.806152 603.040466 1.935982 1.376732
332.856415 40.147900 1.945068 0.752010
332.856415 40.147900 1.945068 -1.548212
333.397400 77.926384 1.931377 0.276030
333.397400 77.926384 1.931377 -1.848778
334.035095 313.531219 2.100487 -4.277408
334.982727 567.630737 2.050256 -4.071140
340.000916 433.936829 1.915056 -1.250834
341.181732 191.978455 2.006757 1.311715
341.416077 580.783997 1.890631 -3.855756
344.326630 75.102242 2.096899 1.324512
344.326630 75.102242 2.096899 -0.452646
344.078796 268.867584 1.861941 0.464555
344.078796 268.867584 1.861941 -1.975856
347.495239 492.294189 1.807215 -1.151346
347.495239 492.294189 1.807215 -4.341658
349.165497 176.104965 1.804088 0.413509
349.651978 600.808228 2.071459 -4.445640
351.514954 319.108673 1.914105 -3.470196
353.287872 269.389893 2.006430 -0.571369
353.287872 269.389893 2.006430 -2.873491
353.580292 312.538452 2.123024 0.717916
353.580292 312.538452 2.123024 -1.425094
353.580292 312.538452 2.123024 -2.869260
354.937195 70.016434 1.996632 -0.258097
356.311829 357.093933 2.078557 -4.704658
358.576965 248.877716 2.092301 -0.292928
360.187927 242.792877 1.983383 -0.993276
360.187927 242.792877 1.983383 -4.636032
360.021454 373.199615 2.145116 -4.559425
359.974487 414.353882 2.034930 -1.492793
360.247894 474.038666 1.919025 -1.502907
361.591339 378.930756 2.267356 -4.578506
363.681824 11.860033 1.692628 0.022063
364.254211 568.264771 2.209514 -3.772063
364.975891 209.928284 2.108867 -0.790499
365.491669 334.839722 1.763696 -4.238867
367.087982 582.230286 1.846480 -2.676048
368.091705 513.524048 1.968945 -1.285023
373.642731 606.467773 2.022534 -3.993133
374.841949 495.583069 2.226709 -1.011728
377.194061 319.650940 1.828957 -0.630369
377.489807 223.276703 1.994454 -3.746361
380.338531 180.696365 1.783617 -0.479894
382.052032 345.255096 2.073783 -1.213791
383.737152 75.265953 2.216447 -0.022643
383.622528 192.523575 2.129172 -1.117155
387.643585 103.928185 1.965881 -0.414875
387.643585 103.928185 1.965881 -1.553335
388.726624 70.256432 1.808311 -0.181260
390.428497 246.812119 1.877546 -0.885905
390.479706 448.332153 2.202059 -4.658252
394.092529 339.876343 1.810626 -1.669772
397.120422 326.514130 1.858328 0.067517
398.937347 181.980957 1.871321 -0.012565
400.981537 224.658218 1.901029 -4.354214
400.723297 603.191040 1.962557 -3.883878
402.406799 152.144012 1.918759 -0.763096
402.105255 541.052734 1.826241 1.531532
402.105255 541.052734 1.826241 -1.270405
403.536194 177.389359 2.005814 1.183390
403.536194 177.389359 2.005814 0.174516
403.174591 482.030121 2.054493 -1.545450
406.932220 171.043320 2.238614 0.479932
408.298462 220.209274 2.147408 -0.770122
407.593140 238.033020 2.055587 -1.135713
407.593140 238.033020 2.055587 -3.985451
408.172760 249.138245 2.015919 -0.770921
408.043030 523.222046 1.825743 -2.049023
409.228912 123.942467 2.474569 -0.132158
408.807892 295.010345 1.985122 1.359811
411.104614 340.734161 2.016711 -1.478781
411.718109 204.074615 1.893678 -1.586869
411.524170 311.194214 1.993820 1.562510
412.869324 71.084145 2.035084 -2.043086
412.869324 71.084145 2.035084 -3.049364
415.523071 178.505997 2.040636 -2.033992
415.770355 216.298828 1.812443 -2.074250
417.051147 64.390175 2.357772 -2.993251
416.431335 444.400696 2.326077 -4.596001
419.940155 211.264359 1.794030 -3.628325
420.027985 287.430176 1.960523 -1.799938
422.423615 620.229736 1.893208 -4.397276
424.098694 508.831543 1.908516 1.223149
424.098694 508.831543 1.908516 -1.790700
425.328186 172.926941 2.074064 -2.339759
424.680939 483.049744 2.012530 -1.330783
426.030334 108.505478 1.882367 -2.066080
425.864380 372.084808 2.171876 1.407995
426.346405 520.489929 2.287955 -1.418867
426.346405 520.489929 2.287955 -3.627423
426.705750 306.167603 1.901382 -1.979147
427.656372 102.934982 2.010999 -2.407096
431.991119 153.408722 2.176652 -3.677789
433.693024 110.973457 1.816448 1.175950
434.047821 384.206482 1.900924 -1.878950
436.169342 270.828094 2.199217 -3.926237
435.994263 348.718140 2.044767 -4.672966
436.000183 574.783569 1.832350 -1.653534
436.868805 49.404186 2.252853 -2.171229
437.728271 334.571289 1.899551 -4.415269
439.653015 147.581284 2.137521 1.272711
439.653015 147.581284 2.137521 -2.815172
439.999969 192.277664 2.094616 0.011150
440.644012 59.163937 1.808610 -3.661471
441.611755 21.223236 1.935142 -2.566033
445.471466 516.478577 1.835824 -1.392446
445.471466 516.478577 1.835824 -4.673494
445.807587 341.758484 1.789669 0.123473
446.124451 416.611359 2.066200 -1.574060
452.705536 536.735779 1.830405 -1.085687
454.421936 495.656952 1.962662 -3.888467
456.111206 7.432557 2.027946 -1.448489
455.834351 196.062134 2.019873 -2.168880
456.879761 623.252808 1.978948 1.403119
457.508362 152.667450 2.314889 1.023417
461.264740 182.377350 1.818751 0.239370
461.264740 182.377350 1.818751 -3.402234
463.192627 95.815315 1.961253 -4.585393
462.781982 365.769470 2.013209 1.358842
467.547272 8.517016 1.831606 -2.229918
468.776062 431.070404 1.997105 -1.614989
471.159882 192.032333 2.001952 -2.947795
473.050262 247.892731 2.176449 -4.349175
474.899536 38.261211 1.973754 -1.123766
476.640167 296.851776 2.228447 -3.287746
476.572906 277.715149 1.812061 0.349874
476.572906 277.715149 1.812061 -3.460002
476.999969 371.071899 1.822133 -1.802057
478.072388 204.785263 2.008051 0.080239
6.279171 308.036163 2.761781 -0.898463
6.725806 365.163452 2.433329 -0.252081
8.277210 586.178528 2.358680 -1.009369
9.132120 173.202988 2.277919 -2.317049
11.183644 445.129486 2.378617 0.945562
11.183644 445.129486 2.378617 -2.010217
12.058669 133.972748 2.423893 -0.534122
11.473361 520.447998 2.356005 0.003092
11.525595 611.845032 2.437729 0.785140
15.009387 392.514557 2.198647 1.072409
16.166000 142.527756 2.708129 -0.486513
18.417166 190.217316 2.558626 0.253154
18.417166 190.217316 2.558626 -2.427215
17.545103 242.125778 2.589810 0.061206
19.730707 292.860443 2.430984 -0.629400
21.458277 106.204887 2.319885 -1.309805
21.458277 106.204887 2.319885 -4.555242
21.844652 303.908020 2.499445 -0.863294
25.553862 191.181519 2.499730 -2.486312
26.787947 579.157715 2.440119 0.928277
26.787947 579.157715 2.440119 -0.735057
28.509859 395.685760 2.694057 1.088572
32.677345 245.818527 2.503648 0.524040
32.877274 622.002136 2.278484 0.204206
33.980591 301.444519 2.436231 -0.967428
33.790043 408.728790 3.030445 -1.858496
36.867138 275.642303 2.525661 -0.388729
37.532711 195.786179 2.610901 -1.011915
39.215389 487.482971 2.336866 0.960393
39.215389 487.482971 2.336866 -1.293189
40.601070 556.890503 2.754955 -2.610783
43.954006 192.243286 2.604605 -0.971723
44.665710 243.651657 2.493570 1.309913
44.665710 243.651657 2.493570 -0.866150
45.788403 562.531372 2.261960 -2.658014
49.460667 307.057281 2.483953 -1.025580
50.012096 510.217468 2.287601 -1.982129
50.012096 510.217468 2.287601 -4.294867
52.278049 109.569328 2.398413 0.559782
52.278049 109.569328 2.398413 -2.349836
51.534889 223.216980 2.485537 1.226402
55.878796 211.501846 2.843746 -0.824474
58.099453 250.201233 3.056961 -0.509701
58.871906 338.500641 2.863976 0.640409
59.862270 141.867493 2.750256 -1.405918
59.862270 141.867493 2.750256 -3.511771
62.241119 226.432434 2.325022 1.271797
63.529224 169.672943 2.728125 -3.527415
65.442520 318.044678 2.406113 -0.293815
66.163078 81.568832 2.735010 -2.823691
66.320663 334.072632 2.741473 0.136828
68.194786 295.948578 2.501985 0.008495
69.386650 21.240810 2.632751 -3.004405
69.028816 311.919342 2.417772 -0.237276
69.810150 88.042686 2.554874 0.690363
73.271584 179.335159 2.572370 -4.082640
78.295006 554.825928 2.275649 -1.782795
79.952766 96.873116 2.254329 -1.304414
79.952766 96.873116 2.254329 -3.509986
81.439026 225.285431 2.510103 0.472180
81.904335 350.857941 2.532387 0.539930
81.904335 350.857941 2.532387 -0.727847
85.343613 215.439758 2.460464 -1.432895
85.689011 48.385124 2.338403 -2.715866
86.150932 399.584076 2.500207 0.121050
87.434982 605.420593 1.891348 -3.591107
89.755737 185.159805 2.718005 -4.060968
90.660912 356.023895 2.591982 -0.772827
92.170143 386.468689 2.422041 0.727881
95.651932 335.464935 2.538112 0.886975
100.001160 100.178123 2.643420 -1.434580
100.535683 56.918724 2.610463 -3.359064
101.354797 266.129211 2.434279 -3.016035
103.045380 212.050278 2.421690 -2.040468
104.094734 11.663527 2.439778 -1.474205
104.094734 11.663527 2.439778 -4.401313
103.973755 153.359818 2.900208 -3.649943
106.729630 229.043152 2.658247 -4.317348
108.413864 22.997074 2.719245 1.044958
108.413864 22.997074 2.719245 -2.847575
108.629845 256.611267 2.450079 -2.715518
110.229630 118.012093 2.284024 -1.935775
110.229630 118.012093 2.284024 -3.168715
110.802773 326.020386 2.408087 -4.265680
113.655563 42.182423 2.793340 -2.916728
118.090996 7.115213 2.290047 -4.560478
119.007378 13.565725 2.251814 -4.633534
119.805801 335.284912 2.584034 -4.309737
123.321877 129.531464 2.275446 0.674638
123.321877 129.531464 2.275446 -4.650332
123.515930 185.957718 3.352372 -3.127719
125.083694 139.313675 2.724657 -2.146117
124.546341 473.098602 2.477542 -4.627712
128.126358 383.239197 2.765440 -1.801568
128.126358 383.239197 2.765440 -3.614170
128.401947 414.537354 2.291231 -0.296369
131.927048 171.654007 2.683712 -0.461018
133.234985 615.985779 2.475320 -1.773747
135.337128 288.026917 2.537492 -2.973142
142.912979 63.493336 2.453228 -4.395185
143.321472 237.170486 2.516672 -3.944210
143.370605 381.100555 2.493872 -4.671991
149.282837 84.270004 2.346897 -2.332646
150.991516 344.038483 2.438827 0.413185
150.991516 344.038483 2.438827 -3.580833
153.209427 141.310379 2.600502 0.315191
158.452240 200.909821 2.469315 -3.231426
161.884186 346.207001 2.699065 -3.204954
162.042603 423.884247 2.409769 -4.289637
165.970871 136.230637 2.567531 -0.068072
171.593155 227.409027 2.450177 -0.959463
171.750229 247.191544 2.621182 0.921287
174.681213 27.349680 2.275133 0.901280
175.463852 381.406067 2.413014 -4.570637
175.830322 55.728668 2.869942 1.469276
179.351440 32.746071 2.451869 0.976574
179.351440 32.746071 2.451869 -1.867341
178.540207 72.628227 2.669132 -1.009777
181.555542 243.355942 2.781049 1.124087
181.555542 243.355942 2.781049 -2.055130
181.655457 416.990753 2.628195 1.555315
184.550247 427.284790 2.417347 -3.995609
186.689743 29.353407 2.620714 1.082694
187.249847 113.403595 2.817176 -3.978701
186.742523 235.476364 2.447849 0.168292
187.450668 632.932678 2.862589 -4.495152
189.552032 399.088165 2.584203 -1.372208
192.263779 36.636414 2.841489 -0.700159
201.203552 238.275635 2.665559 -2.328756
210.899094 168.454529 2.660199 -1.234761
211.139069 375.197540 2.585603 1.342449
211.516571 142.429047 2.834589 -3.604741
211.965149 330.780029 2.560433 0.728951
213.134384 385.129517 2.541857 -1.833893
220.374329 462.260834 2.480052 -3.936037
222.856628 380.206055 2.001828 -1.733975
233.144165 7.048926 2.709995 -0.027955
233.856918 605.163513 2.444125 -1.565532
235.224136 77.286400 2.427643 -1.815534
237.422043 58.648018 2.482075 -0.219412
237.422043 58.648018 2.482075 -3.957581
238.757675 585.993713 2.406289 -3.674880
242.406555 401.175629 2.450599 1.401679
247.210175 137.958893 2.304989 1.548253
247.210175 137.958893 2.304989 -0.014049
246.808075 159.839737 2.597308 -0.622084
249.632782 468.222656 2.486347 -1.259864
251.660553 231.481186 2.545122 0.130402
257.162445 18.057112 2.252446 -4.155452
257.148682 486.011383 2.465015 -1.727355
258.615295 419.855377 2.431707 -2.083866
260.927124 107.439201 2.390631 -1.628364
265.268768 435.370026 2.516079 -4.494060
268.022644 267.275360 2.533551 -2.269979
269.884674 189.967346 2.844616 -1.757744
272.024963 96.999397 2.378880 -3.804110
273.166016 567.454407 2.535208 -3.923759
273.819641 138.552521 2.562305 0.760560
275.862244 471.285522 2.052765 -1.683831
275.862244 471.285522 2.052765 -4.166853
275.708679 525.004089 2.570588 -3.897178
278.152405 78.744591 2.409830 -1.869779
279.908264 129.948166 2.528174 1.119238
281.436951 304.453430 2.708060 1.305265
282.826660 104.002144 2.523860 -4.034420
288.189728 579.375305 2.382619 -1.257664
290.244659 262.868347 2.596682 -3.078870
290.864380 151.067871 2.762428 -1.190916
290.864380 151.067871 2.762428 -4.463901
292.224670 249.042404 2.648391 -2.021448
293.959412 256.652466 2.467749 -4.238989
299.988647 376.956177 2.274712 -1.601543
304.504730 266.770020 2.606406 -2.883578
305.696106 450.781097 2.461545 -1.598861
306.969666 473.345428 2.831428 -1.663671
309.626068 207.711700 2.326343 -1.370898
309.639221 442.935181 2.556123 -4.599431
310.715332 394.486145 2.400970 -1.271807
311.718658 113.143867 2.576615 -1.591470
315.842682 300.508514 2.457485 -3.261590
315.906281 329.870667 2.593916 -3.260530
320.929169 605.594788 2.307208 -4.648162
325.298920 210.273682 2.400244 -1.922794
327.322662 264.760834 2.709620 -1.602242
329.658905 378.178711 2.525605 -0.823232
329.658905 378.178711 2.525605 -4.580119
333.014648 372.144470 2.841835 -1.040920
332.228027 444.782257 2.382136 -4.589075
333.584808 617.111206 2.494552 -1.240091
337.172119 262.901978 2.573608 -2.420536
336.541626 438.988312 2.253399 -4.618652
337.815491 550.156921 2.764030 -1.819655
337.815491 550.156921 2.764030 -3.270849
342.234802 381.391998 2.470283 -1.302730
342.234802 381.391998 2.470283 -4.627852
341.755951 534.633057 2.392781 1.439219
344.006989 610.349548 2.515149 -1.188875
344.006989 610.349548 2.515149 -2.541164
349.658173 455.671783 2.404348 -1.371677
350.619171 202.898254 2.358855 -1.779254
352.517426 194.798294 2.550651 -1.730239
351.650574 250.566116 2.396204 -0.155473
354.088104 519.235107 2.431405 -1.248372
356.937653 336.490509 2.430449 0.733134
359.202118 6.948059 2.695160 0.119861
358.666809 289.330414 2.626484 -0.140586
358.666809 289.330414 2.626484 -3.565920
360.117432 90.951172 2.660416 -3.121013
360.960114 384.702728 2.419530 1.544339
362.958923 321.036591 2.425041 0.324273
363.486572 226.160583 2.724165 0.243445
366.593933 52.822041 2.765130 0.192230
366.650726 249.927673 2.689822 0.241650
366.650726 249.927673 2.689822 -0.510057
366.650726 249.927673 2.689822 -3.545323
366.949524 294.823914 2.834757 0.889085
366.810883 543.250916 2.780257 -1.445756
367.701263 130.480377 2.454197 -0.045820
372.778198 398.868164 2.599413 -1.457804
379.617310 144.169479 2.496308 -1.365236
379.617310 144.169479 2.496308 -4.674311
379.036224 529.658997 2.381394 0.656489
379.036224 529.658997 2.381394 -2.095633
379.036224 529.658997 2.381394 -4.320372
382.480530 124.516838 2.528030 0.921042
382.480530 124.516838 2.528030 -1.548361
385.442902 86.832962 2.532192 0.440055
386.276154 262.864136 2.519555 0.297347
386.276154 262.864136 2.519555 -2.607231
391.754028 232.187881 2.360753 -0.303859
396.934082 494.588348 2.476790 0.647554
396.934082 494.588348 2.476790 -0.805761
396.934082 494.588348 2.476790 -2.666045
398.169006 628.664978 1.948840 -4.051732
397.915466 282.953278 2.446444 -4.492409
397.585938 475.175720 2.410796 -1.467602
401.450531 330.803192 2.492227 -0.074331
403.014740 124.930801 2.358214 -0.275184
402.252502 244.595840 2.750719 -0.904751
403.111725 429.626709 2.569403 -1.306031
405.568909 185.461075 2.248694 -1.970387
405.427094 417.706024 2.481093 -4.679339
406.061432 449.371582 2.577983 -4.710400
408.073914 205.763321 2.707220 0.755689
408.073914 205.763321 2.707220 -1.382389
407.672455 301.216125 2.537026 1.334258
409.512817 77.245956 2.325937 -1.947449
409.512817 77.245956 2.325937 -4.245854
409.013580 191.591736 2.654015 -1.944511
410.185364 276.820465 2.580094 0.585689
415.247864 282.384094 2.372094 0.668387
415.247864 282.384094 2.372094 -1.501408
426.488983 132.281067 2.317984 -2.236360
427.565063 50.159935 2.653053 -2.142491
429.868073 478.048798 2.457588 -1.370090
432.789581 193.126236 2.543153 0.747812
432.239868 604.882751 2.980705 -2.682821
432.239868 604.882751 2.980705 -4.590147
434.609924 102.543671 2.713784 -2.463390
434.502411 94.270699 2.525750 -2.608062
436.046600 278.564362 2.453139 -1.794502
435.020996 485.465759 2.432991 -1.426284
435.511566 417.816223 2.485624 -4.022949
437.795288 263.520813 2.453899 -4.071676
440.710175 183.201630 2.476064 0.315447
441.494263 12.961514 2.715800 -2.546900
442.988525 446.922058 2.403960 -4.623659
446.061096 31.855371 2.646957 -3.251040
447.027740 314.204559 2.752158 0.010243
450.646912 583.116455 2.407570 -1.593530
452.261932 353.559875 2.679898 1.261794
454.672333 448.197296 2.149669 -4.634560
460.176422 74.360306 2.573395 -4.473411
461.565063 429.433441 2.348951 -1.080836
461.565063 429.433441 2.348951 -4.460933
463.201904 101.815727 2.586539 -2.428678
463.201904 101.815727 2.586539 -4.540083
464.420624 418.539764 2.583708 -4.670458
467.616608 454.026764 2.302296 -4.595387
468.208130 144.746124 2.708423 0.636387
467.899567 176.934341 2.658731 0.937704
468.359131 239.939224 2.495224 -2.302855
470.324493 62.238811 2.592584 1.528630
470.804901 413.645966 2.293602 1.542276
470.324493 62.238811 2.592584 1.528630
472.289612 448.874786 2.583764 1.568544
472.289612 448.874786 2.583764 -1.337388
474.574402 150.239990 2.454382 0.624218
474.574402 150.239990 2.454382 -2.710336
477.046570 257.821869 3.085050 -4.396363
11.723995 432.701263 3.478566 1.565275
11.867373 287.184235 3.088113 -0.858599
13.372274 358.610901 3.485525 -0.263355
15.210621 199.337143 2.889925 -1.142201
17.325956 174.223404 3.020421 0.614597
19.384220 367.458588 3.139943 -2.988280
20.210752 113.498886 3.066230 -1.147682
19.861883 221.121445 3.258662 0.188281
23.938211 178.151855 2.976943 0.672012
30.815613 182.388611 3.080642 -0.433745
35.667805 152.584991 3.444488 0.556423
35.667805 152.584991 3.444488 -2.332280
36.378971 335.566864 3.283412 -0.032175
36.112717 524.808716 3.311990 -1.474020
36.763809 347.088776 3.015586 0.029133
38.054035 176.625763 3.008530 -0.370023
45.132603 592.844177 3.047552 0.279861
64.422241 348.323212 3.495391 0.542419
64.422241 348.323212 3.495391 -1.461326
66.805199 358.545410 3.445538 -1.533468
69.680717 420.947449 3.224817 0.788697
75.179054 120.920288 3.589363 -3.956673
76.459663 639.173767 3.275262 1.406171
82.414871 112.479706 3.400298 -1.356823
82.414871 112.479706 3.400298 -4.191083
83.057739 294.899231 2.949027 -1.134547
83.994301 171.892853 2.930573 0.215920
85.961937 400.287506 2.711351 -0.060863
87.072388 156.113876 3.588314 1.194906
86.819099 614.332275 3.185514 -1.981851
87.744423 319.694336 3.278005 -0.640846
93.583153 143.271805 3.247168 -1.610811
93.812904 309.556580 3.146896 -0.925793
96.613586 342.740601 3.205569 0.866819
97.651863 579.079224 3.529289 -1.241965
97.741745 90.450912 3.408653 -1.583662
98.540443 18.973104 3.468422 0.850682
98.540443 18.973104 3.468422 -3.131640
99.017220 619.816406 3.173896 -1.602230
102.137932 152.857025 3.136452 1.435585
102.137932 152.857025 3.136452 -3.617309
102.315765 481.523102 3.393466 -1.702304
105.436241 47.795799 3.476167 -2.798965
104.770699 75.912010 3.547674 -3.725422
105.402756 86.099716 3.028831 -3.592956
105.963837 138.248367 3.131160 -3.730812
105.934875 449.320496 3.087360 -4.137676
107.902428 98.248123 2.897907 -2.868378
107.739494 165.124512 3.614318 -3.384000
114.137466 155.476440 3.021731 -3.333113
114.307228 309.254547 3.400732 -2.526855
114.601646 85.303040 3.086811 -3.603977
116.504021 168.217392 3.263449 -3.498174
121.815125 80.450264 3.177867 -3.693470
127.481613 460.891205 3.215535 -4.235592
129.567856 123.064308 3.358912 -4.141128
128.568237 419.006622 3.060073 -0.644813
134.631485 255.061462 3.340153 -2.231979
135.631882 402.693970 2.916209 1.441676
138.597092 308.623260 3.607754 -3.435232
146.560150 222.588089 2.919659 -4.383735
148.447266 297.430023 3.462849 1.238906
148.447266 297.430023 3.462849 -0.434600
150.185196 104.444756 3.397245 -4.055250
152.492203 155.850662 2.845567 -3.642197
152.838226 170.558502 3.256280 -2.302492
158.950012 458.728058 3.478426 -4.170765
161.451920 373.002777 2.879344 0.539600
161.451920 373.002777 2.879344 -3.063396
162.654816 155.713379 2.973592 -4.209257
163.235275 284.485626 2.937541 -3.022928
165.085373 468.830078 2.950842 -3.870025
169.566742 477.541443 3.406890 -3.596296
174.621063 610.493958 3.589245 -1.567633
175.347824 383.604553 2.907095 -4.547635
180.301910 542.384033 3.145051 -1.546543
181.491425 127.215240 3.144122 -4.571833
182.998779 579.819214 3.194679 -1.841051
184.047791 173.360580 3.445678 1.217470
184.047791 173.360580 3.445678 -4.040554
184.381989 251.278702 3.079594 -2.078985
192.001709 62.963791 3.035375 0.770305
191.755386 226.324356 3.097990 -1.520409
193.312256 608.435791 3.189205 -1.728195
203.566757 313.226227 3.063653 -3.700085
207.306778 151.256683 3.045043 0.461373
207.083328 457.649109 2.981243 -3.907032
208.035370 116.728561 2.978568 1.524671
208.035370 116.728561 2.978568 -0.263270
209.038269 132.956802 3.344611 1.511532
208.511490 295.112427 2.937783 -3.332599
210.456940 322.484467 3.114305 0.256988
210.961365 416.625641 3.268972 1.504499
212.096954 345.551147 3.597122 1.014065
212.096954 345.551147 3.597122 -0.878421
212.096954 345.551147 3.597122 -3.167878
214.213516 575.759766 3.223995 1.348442
221.600159 473.039673 3.352102 -3.936144
233.211426 263.624146 3.347630 -1.363915
232.523224 355.107269 3.440109 -1.613484
239.411240 478.813171 3.126907 -4.026027
242.087891 26.836021 3.104222 -1.568658
241.170090 364.010010 3.656837 1.452463
246.115219 373.711334 3.548471 -1.005878
246.115219 373.711334 3.548471 -2.805111
246.115219 373.711334 3.548471 -4.704830
247.223740 603.110291 3.211394 -3.329814
247.744080 457.814209 3.164917 -1.311082
250.897675 147.179367 2.974590 0.834582
250.897675 147.179367 2.974590 -1.238918
255.041687 171.081833 3.150968 1.367095
257.134491 61.631130 3.242264 -3.912743
258.532440 189.977264 3.090560 -1.709123
258.932129 236.272385 3.165085 -0.174328
259.196472 426.474976 2.857207 -2.169259
262.175079 260.931488 3.136902 -0.229477
264.323364 157.391998 2.885008 -1.186648
269.741638 118.710030 3.134322 -0.287931
269.559692 613.418396 2.983652 -0.516072
274.061310 133.795502 3.227719 0.931805
276.915863 439.869690 3.075119 -4.459585
277.709351 449.857086 2.966836 -4.242495
284.049255 27.217424 3.382002 -1.706609
284.039307 588.908386 3.075737 -3.781082
284.342316 486.380981 3.129865 -1.878673
288.743286 425.852478 2.975518 -1.394738
290.180237 631.950562 2.856218 -1.626520
292.368805 239.059601 3.201336 -2.366918
291.627838 299.398560 3.163173 -3.761585
293.921967 405.357086 3.274218 1.396278
297.412720 69.851837 2.862041 -4.471372
299.102203 16.662596 3.418700 0.531040
304.169159 515.712891 2.980829 1.305749
304.169159 515.712891 2.980829 -3.285228
304.705902 385.940826 3.029729 -1.271152
307.780548 72.149033 3.338200 -4.600149
310.923126 123.072525 3.111343 -1.915193
316.485138 202.191437 3.191873 -0.960086
316.485138 202.191437 3.191873 -4.109859
327.516449 416.053833 3.197676 1.346712
327.516449 416.053833 3.197676 -1.594408
327.847076 471.490814 3.014907 -1.581698
330.841370 534.068787 2.907798 1.430014
330.841370 534.068787 2.907798 -4.000448
332.570557 278.798126 3.276670 0.657549
336.238159 402.364441 2.875291 -1.515045
337.999115 136.992691 3.149968 -1.289963
338.987122 10.487303 3.413992 1.506097
338.987122 10.487303 3.413992 0.295292
339.403534 472.554016 2.887677 -1.527721
340.586670 34.568592 3.292946 0.295995
340.493988 334.255920 2.890753 -3.760438
342.822845 4.384543 3.008795 0.130445
347.518768 219.863525 3.070452 -1.513601
347.808777 119.188095 3.278216 -0.649331
349.138824 582.992920 3.434431 -3.808027
359.863831 95.377037 3.616966 -2.905463
359.863831 95.377037 3.616966 -4.017868
362.361908 551.645752 3.077617 -1.426667
364.616211 481.825470 3.119847 -1.477742
368.464142 115.273773 3.105571 -2.402584
375.497894 143.085876 3.076849 1.216542
375.497894 143.085876 3.076849 -0.750313
378.698883 323.675659 3.205283 1.104623
383.947632 625.584351 3.280477 -3.882256
385.172791 176.740723 2.804908 -4.317097
385.304504 285.635712 3.237851 1.115316
386.160431 96.357758 2.953676 0.213684
386.243988 428.049042 3.203042 -1.265197
391.506317 542.538330 3.565661 -1.255703
395.078278 143.279068 3.293869 -0.104154
396.190826 106.490303 3.010383 -0.655750
396.459991 408.975922 3.138437 -1.275959
398.533722 442.156433 3.213330 -4.660570
400.748596 532.577637 2.767010 1.139769
403.593414 516.311707 3.344320 -1.933876
405.116119 146.167038 3.630909 -0.650230
405.579773 459.103485 3.006908 -4.640589
407.227936 293.698425 3.134079 1.339885
411.481079 397.187622 2.799129 -4.504470
411.236298 122.550400 3.555118 -0.417407
411.895233 572.562561 3.207119 -0.704322
411.895233 572.562561 3.207119 -4.500772
415.930969 434.210785 3.296671 -1.318185
417.003937 474.851715 3.099430 -1.535288
424.594849 250.688293 3.007219 -2.551863
427.610504 58.255199 3.490071 -2.200928
433.575745 211.727478 2.934703 -1.823362
439.018311 127.939850 3.193195 -2.189413
444.491608 361.149353 3.567674 1.558267
444.491608 361.149353 3.567674 -3.243222
445.062744 454.567810 3.420649 -4.625380
447.441772 44.190300 3.435386 -2.535606
446.673492 81.554184 3.063683 0.615218
447.048004 314.643860 2.828785 0.015902
451.378998 2.806857 3.238385 -1.167757
451.835968 54.064552 3.659407 -2.021492
451.647156 204.668900 3.079381 -1.651607
453.315277 94.417480 3.199304 1.420577
453.993317 85.164062 3.013917 0.599871
457.631287 392.152191 3.216317 1.385155
459.019623 61.337322 3.136730 -1.876183
460.829987 113.301659 2.973090 -2.206535
461.845886 172.518158 2.975894 1.085225
461.845886 172.518158 2.975894 -2.380655
461.996765 543.929321 3.195507 -1.341107
463.494263 281.219757 3.502753 0.020111
464.361298 272.606079 2.950748 0.150878
468.057983 371.774414 2.912891 1.433991
470.170135 361.341095 3.068905 1.460970
470.170135 361.341095 3.068905 -2.048633
470.386108 439.077545 3.211928 -1.320391
11.825500 98.289886 4.146477 -1.100403
22.928080 209.441040 3.762102 0.835131
28.063705 265.085632 4.601018 -1.233319
28.954777 220.754318 3.707852 0.281198
36.021626 229.960098 3.706337 0.705512
36.021626 229.960098 3.706337 -2.296515
41.772682 106.466553 3.964344 -1.669212
42.110699 391.289154 3.949703 1.354487
48.680470 144.581436 4.243650 0.259798
63.459625 214.758286 3.792189 -1.152635
64.782669 262.597961 4.274337 -0.661279
65.857185 380.846802 4.287610 1.486137
70.485352 390.675385 4.124253 1.465201
73.657745 401.170563 3.962543 -1.714602
73.971542 169.857986 3.807726 -3.985005
80.253113 217.867325 4.654259 -1.457484
81.381454 412.098236 4.022185 0.385697
81.416725 145.619766 3.679971 -1.519891
107.668610 165.191437 3.656002 -3.402325
110.403900 127.942886 4.546337 -3.611106
114.408539 179.906647 4.127213 -3.336969
116.511391 108.027893 4.156279 -3.081607
123.150192 368.765045 3.826845 -3.212523
170.857391 99.610260 4.435813 -0.805427
170.639420 173.928406 4.034190 -0.458495
170.639420 173.928406 4.034190 -2.304056
178.408646 208.750565 3.948644 -0.761408
196.975143 626.473450 4.615109 -1.817903
201.840408 69.076225 3.979493 0.956238
201.840408 69.076225 3.979493 -1.735750
201.840408 69.076225 3.979493 -2.994821
200.368774 592.922668 3.683220 -1.272324
213.643707 2.179403 4.398664 -0.438546
213.643707 2.179403 4.398664 -3.042593
212.169098 345.174805 3.575633 -0.961520
212.169098 345.174805 3.575633 -3.283779
215.865967 157.229080 4.493876 -3.431205
217.787857 365.975281 3.979483 1.362835
236.634933 275.812164 4.297169 -0.783239
236.634933 275.812164 4.297169 -3.374672
236.427139 620.992920 4.303306 1.480527
243.622696 601.249878 4.015107 -1.492897
244.074417 495.091553 4.381977 -3.790815
247.187469 18.225822 4.438570 -1.597718
249.436737 69.846695 3.867615 -1.306174
247.188538 351.962738 3.728284 -3.072438
254.447983 181.120117 3.933332 1.299514
254.447983 181.120117 3.933332 -0.185137
254.447983 181.120117 3.933332 -1.624477
273.077637 615.050171 3.846306 -0.648130
282.843262 199.461761 3.857096 -3.195234
283.797028 371.085480 3.838925 1.271859
283.797028 371.085480 3.838925 -1.087572
284.514435 382.919464 4.280667 -1.116351
290.412994 120.164948 4.291834 -2.367102
292.434784 140.544373 3.956033 -4.406405
304.272430 61.887840 4.256145 -4.641141
306.375763 369.649567 3.809889 -4.526984
309.019897 527.426392 3.626899 1.563874
315.578522 8.758965 3.517115 0.451817
320.041870 340.555603 4.266045 -3.199696
319.104034 553.329407 3.602488 -3.959976
331.585236 50.587315 3.983866 -1.182801
339.629395 94.524712 4.112915 -0.181782
347.231750 23.658691 4.357991 0.418275
351.736267 167.894135 4.206067 0.829862
356.915619 12.445434 3.851627 0.020792
361.500732 592.974426 4.395545 -4.011485
367.212708 24.441980 3.822901 -0.195276
373.997406 422.957642 4.366334 -1.038581
375.313171 62.300362 3.909176 -0.687293
385.511719 361.989746 4.027142 1.530530
390.466125 79.624817 3.776588 -0.041472
389.882660 601.791809 4.419674 -3.977954
392.822174 323.087280 4.474468 -0.125473
392.863708 513.708923 4.012939 -1.641317
392.177856 524.851868 4.038737 -1.641377
395.191895 371.915466 4.456115 -4.538636
400.416046 360.198547 3.969470 1.482220
405.390686 146.173248 3.643945 -0.577425
406.312347 181.829727 4.195356 -2.102053
408.637482 260.315399 3.683148 -0.913643
419.428040 87.169182 3.671026 1.530628
419.428040 87.169182 3.671026 -3.808965
420.494873 546.754578 4.064025 -1.267978
420.310883 601.847229 4.258870 0.520551
429.902313 94.829056 4.428428 1.440921
429.902313 94.829056 4.428428 -2.660175
435.345306 119.029877 3.795644 -2.257278
438.586609 39.212868 4.156769 -2.564129
446.186951 92.838036 4.347479 1.263728
446.186951 92.838036 4.347479 -3.090946
445.274689 276.924072 4.202786 -2.901973
443.823395 302.253448 4.191746 0.336096
443.823395 302.253448 4.191746 -3.632617
455.813477 318.587921 3.678555 -0.026566
455.908051 632.688538 3.629804 1.436523
455.908051 632.688538 3.629804 -2.923045
457.259949 344.325073 3.925806 0.978260
460.579620 479.267792 4.242386 -1.610723
462.541016 306.191162 4.010340 -3.629616
464.047150 490.388794 3.877810 -1.571169
467.647583 167.428055 4.121352 1.363315
467.647583 167.428055 4.121352 -2.210606
467.647583 167.428055 4.121352 1.363315
467.647583 167.428055 4.121352 -2.210606
473.963104 234.690552 4.284115 -1.752139
10.471913 330.507294 5.246133 -0.504898
25.690876 164.473831 4.868526 0.713077
65.896004 145.721878 5.172165 -1.531733
71.267967 133.180527 4.976016 -1.517957
75.571106 507.216583 5.386756 0.139977
80.096268 572.223694 5.238403 1.430621
87.883957 101.902374 4.840634 -1.539500
88.760849 307.402283 4.805220 -1.018428
90.646683 64.474564 5.278319 -3.570243
91.582375 89.098709 4.932344 -1.565324
92.491737 132.570816 4.687945 -1.548831
98.749985 179.009552 5.367307 -4.282150
105.687386 240.943588 4.807268 -3.258561
106.811760 215.028397 4.841688 -2.293193
111.720131 438.942413 4.709188 -4.171611
166.254837 264.574982 5.433617 -3.232997
167.621384 287.601471 5.024343 -3.081045
186.563583 229.571121 4.954120 -1.453129
198.759369 136.615662 4.994771 0.275555
205.815323 407.568268 4.644320 1.491556
207.839554 199.472092 5.044314 0.347662
232.979843 341.876892 5.311449 -1.458010
247.803970 247.932098 5.500631 -3.304697
252.539810 416.070312 5.619743 -4.642624
273.135437 270.930725 5.009030 -2.097496
281.316437 518.343567 5.017226 -3.900196
297.438293 472.054535 5.438930 -1.749753
308.507935 559.099915 5.635333 -4.005728
318.369598 386.405518 4.682565 -1.499178
321.110596 328.475677 5.304039 -3.395488
319.845947 372.267029 4.963218 -3.478882
329.387848 242.181503 5.106883 -3.632705
333.107758 342.147552 4.672132 -3.727842
337.863922 588.324219 5.495914 -3.830357
345.584015 353.737122 5.107996 -4.669260
350.169037 483.043976 4.622472 -1.525409
355.357025 603.832703 5.268029 -3.970658
382.682465 298.747009 4.693839 0.657958
387.636932 470.772949 4.890030 -1.358512
387.307434 615.059937 4.847122 -3.923065
402.263153 233.657654 5.476190 -0.606011
416.972107 229.589279 4.987329 -4.237972
419.441986 165.905243 5.551133 -2.454630
425.120270 426.669342 5.165135 -1.470134
440.671570 244.069138 4.616180 -3.113002
444.909943 477.410309 4.792124 -1.553979
446.027679 537.593445 4.693334 -0.450358
446.027679 537.593445 4.693334 -2.645288
455.886108 104.884155 4.592915 -2.204002
457.715942 445.723297 4.528938 -1.360324
469.285583 348.938080 4.648626 0.823390
24.653679 133.458755 6.398617 -0.249913
38.541504 289.715363 6.020957 -0.651827
59.868763 126.379967 6.821423 0.239257
59.868763 126.379967 6.821423 -1.620547
74.416786 524.396912 6.191990 -0.031436
86.319275 374.057404 6.699861 -0.288994
99.046135 575.849731 6.664868 1.418928
109.099846 195.896805 7.137273 -2.568717
114.630920 396.310120 5.884721 -1.752331
120.438789 157.541641 6.707621 -3.286899
124.442993 29.629925 5.756500 -2.339226
127.900459 179.591415 6.181984 -3.194262
143.158829 141.773758 6.039185 1.432786
142.056381 161.212067 5.747238 0.820549
142.056381 161.212067 5.747238 -1.962640
146.622192 408.372223 5.617465 -3.914224
174.040176 153.107315 7.036432 -3.790390
179.924622 564.396240 7.064826 -4.696572
184.075455 49.725487 6.512885 -1.317144
193.279968 359.385132 6.255315 -1.119549
196.070786 114.494255 6.101491 0.928711
223.097260 206.000854 7.018749 0.247094
223.097260 206.000854 7.018749 -3.335166
229.946777 293.991058 6.851576 1.221763
239.343216 193.713440 6.917065 -3.664128
244.009720 17.230825 6.463195 -1.536552
246.888123 262.159485 5.980493 -3.128956
257.490173 322.641815 6.687434 -3.222716
277.823486 149.247681 6.106076 -1.678353
282.017487 108.125168 6.321332 -4.273936
279.906738 218.415207 6.518178 -1.545676
284.291565 412.123138 6.973896 1.462930
320.049377 306.680237 7.351171 -3.532574
326.295929 402.581390 6.121299 -1.317868
327.529053 627.068542 5.804355 0.034666
327.529053 627.068542 5.804355 -2.296589
335.830017 218.837280 6.354532 -1.658429
349.834167 299.217316 5.937811 0.118500
349.834167 299.217316 5.937811 -2.896713
363.694061 42.534519 6.280135 -0.037809
379.147491 376.905121 6.565718 -4.242479
395.197601 123.860634 6.356287 -0.528767
400.432495 163.711792 7.012138 -0.287237
405.748871 346.888458 6.217052 1.474334
421.110107 160.397644 7.091897 -2.657080
439.561249 324.826965 6.708899 -0.231562
439.561249 324.826965 6.708899 -2.818577
440.941193 627.512207 5.811950 0.754471
450.173187 23.024534 6.807655 -3.034983
448.713898 70.779099 6.190617 1.412424
448.713898 70.779099 6.190617 -2.230083
451.795563 190.350128 6.401639 -1.769915
456.117950 145.766983 6.379836 0.842761
11.756895 238.005325 7.778731 -0.320526
36.105076 399.071289 8.862332 1.172297
47.148083 211.097809 9.230322 -0.815187
58.636349 412.353333 7.449218 0.955047
58.636349 412.353333 7.449218 -1.827526
59.751030 280.275391 8.705115 -0.546431
84.892876 373.618073 7.309437 -0.327782
100.001419 160.248535 7.977024 -3.342775
106.860672 294.661072 7.282490 -3.155452
109.464287 608.238342 8.276268 -1.616899
139.654404 366.882690 8.153525 -3.068203
152.808060 600.417603 8.538553 -1.786970
163.328766 398.317657 9.170560 -3.929183
180.213730 361.835999 8.954421 -3.323372
193.286972 157.162491 7.644785 -0.145455
235.538330 151.936447 8.218086 -0.032535
235.953644 315.013092 8.659212 1.097493
235.953644 315.013092 8.659212 -3.408420
250.906433 81.038231 7.693645 0.867485
250.906433 81.038231 7.693645 -1.325241
262.612671 341.825409 8.345929 -3.097701
259.056824 519.679810 8.668051 -3.846157
279.318787 325.881042 8.861868 -0.328930
279.318787 325.881042 8.861868 -3.324004
281.117828 167.684341 7.320114 -1.821096
320.398407 306.400146 7.922775 -3.570001
328.176666 627.139648 7.093104 -2.046607
362.141327 436.398438 8.531422 -1.091294
396.186310 570.524109 7.024146 -4.043981
422.006256 76.673805 8.205753 -2.564912
422.006256 76.673805 8.205753 -4.017005
420.146942 247.513168 8.116495 -0.831501
422.657196 539.748718 8.400598 -1.315091
432.960999 37.087372 7.824908 -2.718321
432.069824 492.232697 7.304564 -1.586091
437.121246 172.654068 7.573150 0.611955
436.162384 393.166443 7.798035 -4.415890
452.120544 23.625309 7.749373 -2.944459
96.603477 78.960075 11.050522 -3.250313
119.575554 59.223553 10.559834 -3.183631
209.676804 591.879456 11.433290 -1.689804
215.996964 423.216797 9.089447 -4.605022
231.843994 179.721497 9.717377 0.097401
231.843994 179.721497 9.717377 -4.409661
243.267365 223.463242 9.322474 -2.633884
256.268982 298.094147 10.326773 -3.718197
265.054840 354.151123 10.201808 -0.100790
265.054840 354.151123 10.201808 -3.071441
268.998474 382.775452 9.762456 -0.481491
300.043579 128.112793 9.728228 -3.797637
372.077545 82.601509 9.478086 -0.387405
396.334015 465.050812 10.081270 -1.343838
412.386444 315.422516 10.544382 -0.006099
412.386444 315.422516 10.544382 -2.750463
34.819878 496.112640 13.898121 0.563755
57.568031 185.950150 11.811631 -0.630067
120.476395 218.777466 11.159304 -3.008793
128.831940 315.347321 12.390365 -3.313438
224.132980 39.602283 12.125791 -1.589315
231.877075 86.612503 12.607054 0.308705
282.341064 463.876740 12.458939 -2.030716
397.258209 271.616394 12.683403 -0.552213
403.783997 98.919090 11.895026 -0.476554
444.265442 142.287354 11.650974 -2.675229
449.845825 283.597687 12.883249 -3.056254
110.068359 359.238068 16.957853 -0.235520
110.068359 359.238068 16.957853 -3.240099
348.333832 426.631378 15.427727 -1.090236
84.588005 259.623199 20.704512 -0.475456
84.588005 259.623199 20.704512 -3.127625
123.110382 586.938721 18.714821 -1.741809
298.937653 508.965118 22.643553 -3.849444
149.672470 221.063782 26.814264 -3.035033
172.765213 379.233612 24.446697 -3.276883
288.585663 575.660767 25.069735 -3.868609
306.911469 511.957336 25.412733 -3.827854
164.864197 250.035934 34.101364 -3.053177
309.154877 45.082783 36.609135 -0.402333
