18 488
19 1072
22 534
67 1026
105 632
106 12
136 936
156 656
174 484
184 5
187 8
188 491
190 479
191 480
192 12
195 474
196 20
199 19
200 22
204 487
205 23
207 21
208 484
210 29
211 28
212 492
216 488
221 37
222 44
223 39
225 46
228 501
230 50
235 515
239 54
243 503
244 52
245 520
246 51
254 53
255 67
258 69
259 70
261 82
262 73
263 77
266 78
267 79
268 75
269 80
271 76
272 91
276 86
277 95
282 106
283 538
284 108
285 109
289 107
291 114
292 115
294 116
299 113
300 554
301 120
302 117
303 118
304 119
307 121
309 123
311 131
312 132
313 129
315 136
316 122
318 133
323 130
324 144
327 134
328 137
329 145
330 148
333 150
335 143
340 156
342 162
346 158
349 170
352 165
359 174
447 801
461 432
475 488
481 1092
524 758
529 481
530 759
531 483
533 485
534 761
535 762
536 486
538 25
539 493
541 490
542 495
546 498
549 502
550 504
552 1026
554 505
556 516
557 509
558 506
560 519
561 518
563 513
564 514
565 696
566 524
569 63
572 778
574 532
578 535
584 534
585 533
591 539
592 540
593 543
596 546
597 544
600 542
603 548
604 551
605 550
606 547
607 552
608 549
610 555
611 556
612 553
613 126
614 127
615 558
616 557
617 560
618 561
619 568
620 570
621 140
622 571
623 565
625 578
626 577
627 569
628 566
630 576
632 581
633 151
634 584
635 579
636 154
637 582
640 586
642 595
643 596
644 588
646 599
647 598
648 173
650 594
652 597
654 182
714 392
735 745
739 802
774 756
779 491
789 763
790 764
791 765
792 937
796 768
797 769
798 767
799 770
801 771
806 772
807 775
810 774
813 784
814 785
815 777
817 789
821 1072
822 541
823 791
824 795
825 790
830 796
832 797
833 960
834 1186
835 798
837 962
840 799
842 800
843 801
844 802
845 804
846 805
847 806
848 969
849 811
850 808
851 579
853 816
854 810
855 818
856 819
857 812
858 820
859 591
863 821
865 593
899 54
911 570
919 931
920 928
921 929
923 1057
924 933
925 1060
926 1059
927 935
929 938
930 936
932 941
935 945
937 948
938 1074
939 1079
940 950
942 1078
943 954
944 951
945 953
946 955
947 956
948 960
949 958
950 959
951 965
952 964
953 961
955 967
956 966
957 803
958 973
960 974
962 970
964 977
967 978
968 979
970 980
993 802
1002 1156
1005 1062
1006 1061
1008 1064
1010 1068
1011 1069
1012 1158
1013 1076
1014 1080
1016 1082
1017 963
1019 1084
1020 968
1021 1086
1024 981
1025 975
1026 982
1055 1154
1056 1155
1058 1190
1063 1066
1066 1159
1067 1160
1068 1161
1069 1162
1071 1163
1072 1167
1073 1168
1075 1171
1076 1169
1078 1170
1079 1087
1109 1197
1110 1198
1111 1196
1113 1199
1115 1200
1116 1164
1117 1171
1129 1212
1130 1213
1131 1214
1132 1216
1141 1233
1142 1215
1143 1220
1145 455
