3.920501 283.095062 1.979829 -1.667889
4.056334 396.855133 1.870082 -1.499650
5.722509 162.420120 1.986571 -1.787120
6.299350 426.104645 2.121009 -1.546651
9.848658 261.441162 2.232193 -2.052707
11.930057 390.805634 2.000154 -0.419586
12.312728 420.871246 2.193572 -1.558727
11.915862 536.533875 2.173045 1.020183
12.557047 48.733128 1.884198 -1.148109
12.840450 460.724091 2.010772 -1.822947
15.112400 296.256317 1.897517 -1.120593
16.220955 211.280029 2.061538 -1.217574
16.220955 211.280029 2.061538 -3.962997
15.741157 323.256958 1.912002 -1.696689
22.909300 627.230347 2.048938 -1.502206
26.184164 258.778778 1.798400 -2.054764
25.821968 289.017944 2.176444 -1.521349
26.337971 420.604004 2.046204 -1.610090
27.228420 324.279633 2.163125 -1.675016
27.216351 426.126373 2.240578 -1.627105
28.501865 385.258301 2.270972 -3.500137
27.937031 497.618652 1.907371 1.521540
29.500160 604.598328 1.872828 -1.990615
29.566462 194.106506 1.926306 -1.209731
31.342354 147.784058 1.999742 -1.721516
30.495554 262.920166 2.038399 -2.067742
32.490589 300.196442 2.418700 -1.696460
32.832008 525.665405 2.107823 1.417680
35.171978 405.470764 1.932595 -4.596379
36.227867 240.025055 2.048222 -0.905555
37.990810 185.654510 1.762070 -1.063824
38.916981 261.847260 1.927135 -2.310712
41.044075 73.867599 1.984809 -3.825673
41.115055 340.741241 2.056527 -0.129866
41.115055 340.741241 2.056527 -2.521661
42.810192 347.903473 1.934677 -0.165059
42.810192 347.903473 1.934677 -3.739587
43.865299 274.392456 1.882808 1.366005
43.529259 405.942596 1.923855 -4.655836
45.174507 425.026764 2.039702 -1.643961
47.203709 256.852142 1.945445 -1.010434
47.940887 393.684448 2.017178 -4.660026
51.159863 584.956482 1.978375 -1.646989
51.954166 146.374680 2.071055 -4.124538
53.116074 532.207642 1.790685 1.369228
56.447609 118.921364 1.770100 -4.304001
55.310825 263.230499 2.213242 -1.000332
57.025642 165.482132 2.189913 -1.434808
57.025642 165.482132 2.189913 -4.262268
56.802643 206.205887 2.170194 -4.271768
56.872868 488.925018 1.917720 -1.653003
57.681614 372.255219 2.065414 -2.085408
59.542484 333.890930 2.126061 -3.449357
63.503716 210.818588 2.102931 -4.092087
63.823498 322.141113 1.957277 -1.659766
64.545135 308.077332 2.050689 -4.508827
66.478531 102.578911 1.955540 -0.832317
69.222275 65.874184 1.959433 -3.967474
69.066338 608.554199 1.899848 -1.269405
69.715599 144.973190 1.997921 -1.115054
69.715599 144.973190 1.997921 -4.125969
71.968803 267.195129 2.047483 -1.048338
71.956856 603.193726 2.040401 -1.332385
74.355049 276.810120 1.791998 -1.682274
74.355049 276.810120 1.791998 -4.608256
76.659851 598.641479 2.128801 -0.170534
76.659851 598.641479 2.128801 -3.978607
78.817513 339.733917 2.446567 -3.069178
78.633369 613.052307 1.996436 -1.221042
82.135536 80.909615 1.961085 -3.719192
82.325943 280.190582 1.903260 -1.595147
81.805649 302.693756 2.094116 -0.072617
81.805649 302.693756 2.094116 -1.329139
83.361969 74.341537 2.229450 -3.819294
84.442383 424.536377 1.977799 -4.589683
84.444138 376.809082 2.245511 -1.150686
86.277840 539.923279 2.126432 1.565810
87.121361 462.895630 2.241732 -4.542934
87.158691 601.976562 1.799082 0.812777
87.158691 601.976562 1.799082 -0.330471
87.158691 601.976562 1.799082 -3.297970
89.286621 183.481659 1.936392 1.088364
89.286621 183.481659 1.936392 -2.027972
91.970810 5.494867 2.132954 -3.742757
92.146988 85.544960 1.944717 -1.103186
92.146988 85.544960 1.944717 -3.185392
93.174385 160.375259 2.098591 -1.349270
94.692009 190.518707 1.909989 -1.273499
95.350777 327.967438 1.995939 -1.941100
96.723389 142.771133 2.182064 -0.936107
99.323212 212.457230 2.258854 -0.278237
99.323212 212.457230 2.258854 -3.447915
99.270905 314.108704 2.018584 1.373859
99.270905 314.108704 2.018584 -1.927627
99.900421 83.616226 1.812634 -0.532510
100.421707 201.491821 2.330536 -0.253674
99.911873 537.764465 2.007162 1.525303
101.096756 12.731333 1.829675 -3.214419
100.717606 320.864319 2.044990 -1.867463
101.891800 95.536118 2.096280 -0.536734
102.406212 631.629639 2.313361 1.152404
104.325394 621.223206 2.037882 -2.133814
104.325394 621.223206 2.037882 -4.609306
105.572563 243.428726 1.982474 -4.558166
105.154472 550.014832 1.870330 1.486759
105.653419 64.273933 1.984931 -3.671364
106.959541 248.937073 2.018197 -2.417859
106.959541 248.937073 2.018197 -4.638314
108.255806 156.507614 1.963278 -3.955550
109.303421 114.928696 2.239116 -0.548788
108.938835 200.321411 2.162983 -1.472949
108.385750 206.432907 2.044003 -1.556713
108.385750 206.432907 2.044003 -4.249284
110.783852 21.423977 1.829726 -0.638834
112.197533 369.080688 2.183108 -2.325318
113.056442 5.361665 1.951937 -4.164151
112.820198 277.627106 2.250230 -4.158947
114.284866 144.702759 1.974400 -0.552032
114.284866 144.702759 1.974400 -2.516562
115.161179 634.338135 2.029843 1.534328
116.215561 298.787109 2.033157 -1.521768
118.240677 331.917175 2.187371 -2.741173
118.514442 592.802002 2.029475 -4.319593
120.638283 340.216034 1.849496 -3.749678
121.428627 165.499115 2.369327 -0.342845
122.340935 320.050323 1.972521 -1.354338
122.340935 320.050323 1.972521 -2.101449
122.340935 320.050323 1.972521 -4.251149
122.856911 135.535294 2.246232 -3.447862
123.104912 441.823212 2.023669 -1.442433
126.246597 126.469864 1.828054 -3.350793
127.132278 235.757568 2.001745 -4.235317
130.094040 555.021057 2.023208 -1.980461
131.533386 127.528107 1.996106 -0.117304
132.909882 186.013611 1.952159 -0.289818
134.845657 143.767532 1.910241 -0.631218
134.845657 143.767532 1.910241 -3.422994
138.997269 32.510986 1.810365 -0.274104
138.758255 84.841057 2.056011 -3.567127
138.715942 209.503662 2.008856 -0.407869
138.715942 209.503662 2.008856 -3.442273
139.215332 419.217621 1.970264 0.268939
139.215332 419.217621 1.970264 -1.843356
141.067947 599.414185 2.035865 -0.691468
141.067947 599.414185 2.035865 -1.631768
142.636871 483.543549 1.912273 -1.687324
142.812927 531.554443 2.311096 1.311105
142.812927 531.554443 2.311096 -1.668399
145.162338 35.829147 2.124120 -0.445830
145.131500 250.768082 1.942402 -2.161312
144.505051 454.257172 2.116907 -1.651842
145.132645 541.934143 2.144606 -4.644828
146.378723 397.928925 2.258039 -0.304731
146.813477 355.509155 2.089582 -4.688419
148.540695 159.209030 2.058268 -3.418425
148.743210 423.712097 2.026125 1.531277
148.743210 423.712097 2.026125 -1.628278
149.217697 440.817932 2.107015 -1.864528
149.909470 23.725563 1.969476 -3.270625
151.132843 364.548187 1.761420 1.450919
150.873398 559.041382 1.808383 1.568877
152.504608 335.415222 2.062286 -3.530970
151.074661 459.389252 2.413016 -1.208554
154.950684 71.253410 1.852264 -1.322391
155.227081 597.708923 1.765388 -1.714960
156.926743 34.188908 1.842575 -0.419667
156.926743 34.188908 1.842575 -3.903826
157.259781 224.347427 2.108339 -3.555166
158.334579 155.787323 2.345331 0.955133
158.334579 155.787323 2.345331 -4.211914
158.742233 160.166992 1.958895 0.842789
159.889999 132.593353 1.864129 -3.677652
161.573242 271.403229 1.969401 -3.190608
162.188324 448.589569 1.967395 -4.523523
166.199860 494.846924 1.744618 1.535722
166.199860 494.846924 1.744618 -1.240168
166.651138 68.182854 1.997656 -2.913486
167.338821 240.881943 1.875206 0.737638
167.563843 564.264648 1.843408 -4.425904
168.946838 600.085754 2.075376 -1.449410
170.081421 133.265228 1.976933 -0.211943
171.006012 33.484982 2.000785 -0.854081
171.006012 33.484982 2.000785 -3.797741
173.398544 22.802896 1.912126 -4.420833
172.623047 434.050598 1.810303 1.504034
173.822952 94.666977 1.910459 -3.051351
173.631973 213.118668 1.975559 0.420677
173.698120 610.083923 2.044564 -1.081030
174.911377 493.416199 1.697449 -0.957382
177.991455 306.971893 1.974794 0.249913
180.488876 228.720825 1.897307 -2.456519
183.273209 501.924164 1.898038 -4.653085
182.518417 557.874023 1.980641 -3.094438
184.359985 588.599426 1.901353 -1.438321
184.579529 212.961578 1.990640 -3.436100
187.554688 623.187805 1.986355 1.553380
189.083359 60.927681 1.866593 0.519270
188.615967 297.654327 1.888041 -1.876139
188.839783 386.167847 2.068431 -3.747446
191.102493 526.809875 1.876009 -4.575177
190.944397 569.396301 1.911659 1.190538
190.944397 569.396301 1.911659 -1.615622
192.272263 538.419739 1.982387 1.405310
193.355225 598.279602 1.929763 -1.852881
196.345932 103.602150 1.941918 -2.569361
196.180786 141.172791 2.049180 0.292299
198.043182 64.893372 1.847757 -2.654258
197.825287 587.058655 2.104079 -4.593016
201.447464 198.420135 2.151222 0.449709
201.447464 198.420135 2.151222 -1.904631
202.058777 504.317902 2.308960 -4.606594
201.747070 581.703796 2.033959 -4.590920
203.940948 107.049004 2.006686 -2.015747
205.653931 210.685608 2.144500 0.155306
206.327866 250.569229 1.876315 -1.663283
206.327866 250.569229 1.876315 -4.641745
207.421768 62.727608 2.229376 -3.059507
213.797165 599.504883 2.003325 -1.860593
214.712143 197.196228 1.997544 0.576900
214.892899 326.182220 2.107403 0.032252
216.378021 347.191864 1.722599 -0.430583
215.414459 467.205261 1.871290 1.338506
215.414459 467.205261 1.871290 -1.644723
217.309692 25.952179 2.122860 -2.830790
216.761078 175.610809 2.112316 -3.103850
217.602112 311.179688 2.201667 0.447823
217.862427 481.523560 2.135352 1.553840
217.862427 481.523560 2.135352 -1.552318
219.851974 92.606361 1.811194 0.009697
221.798279 57.134254 2.073129 -3.272799
221.414093 539.655701 2.116295 -4.700108
222.357224 549.190063 2.162050 0.986831
223.906494 278.183319 2.044223 0.324281
225.968170 235.439453 1.874903 0.181784
228.942886 487.076996 1.986235 1.043125
228.942886 487.076996 1.986235 -2.323924
234.112015 77.145515 1.882809 -3.239657
234.781158 400.299652 2.105148 -0.493058
234.781158 400.299652 2.105148 -2.943745
235.586456 574.562866 1.655989 -1.269185
236.281235 616.337708 2.047726 -1.636547
237.730881 261.788391 2.116578 0.088340
240.233765 325.152130 2.058766 -3.787161
241.892120 34.906391 1.938960 -2.180589
242.296097 154.441681 1.835570 0.972664
242.296097 154.441681 1.835570 -2.797943
243.032730 194.263657 1.992397 0.125651
243.155457 237.595871 1.915148 0.223343
243.155457 237.595871 1.915148 -4.529072
243.098648 335.175568 1.913112 0.344027
243.600479 144.721527 2.137333 -2.941564
243.417892 215.268127 2.164010 0.341579
246.135101 120.514404 1.967932 -2.699131
248.123047 49.963539 1.973328 0.185006
249.188385 628.471985 2.091374 -1.574367
249.188385 628.471985 2.091374 -4.086038
250.083206 438.497162 1.872024 1.534434
251.004181 443.557983 1.750645 1.497670
251.940872 150.148941 1.858272 0.980954
256.436554 462.702301 1.864380 -1.754938
263.368530 13.574795 2.003035 0.751546
263.368530 13.574795 2.003035 -2.145547
262.914154 181.009537 1.855893 -1.829400
265.732971 543.177979 1.775154 -4.356888
268.331024 62.269161 2.234297 0.149928
267.822327 614.152588 1.991122 -1.272824
267.822327 614.152588 1.991122 -4.407522
269.809906 211.881470 1.946690 -2.172735
272.465088 466.098328 1.895998 1.026394
273.622070 281.298279 2.023347 -1.878739
275.110229 323.885254 2.227837 -2.572954
275.818817 150.057053 1.877357 -3.292918
276.635468 121.037125 1.946757 -3.521595
277.766846 380.610565 1.856859 -3.222612
280.489960 479.345764 1.970430 -4.439916
282.931122 30.220825 1.973096 0.020082
282.931122 30.220825 1.973096 -2.420572
282.583710 213.228271 1.935008 -2.398225
284.109863 203.010712 2.182001 0.433457
284.109863 203.010712 2.182001 -4.076383
284.900024 267.124084 1.822944 -4.485522
290.295563 589.915588 2.098949 -1.411353
296.307159 361.319244 1.930589 0.488210
295.588409 429.044128 1.860969 1.517487
296.202789 601.154907 2.165961 -1.530520
297.179077 91.505928 2.117866 -1.301764
297.897247 186.520920 2.109115 -3.086712
298.990570 325.419373 2.132271 -3.271505
300.130981 394.000122 1.856400 -3.484224
301.742126 367.846710 1.910848 -3.339022
301.905762 422.649475 2.026555 -2.857605
303.465698 427.983459 1.896638 -4.675839
303.609131 558.978516 2.097553 -4.390331
306.831055 419.904663 1.768438 -3.115420
307.973083 162.705322 1.829791 0.627113
312.717865 135.322891 2.086550 -4.172456
315.932098 593.973755 1.911091 -1.624426
318.252197 626.673950 1.883739 -1.620931
318.252197 626.673950 1.883739 -4.635947
321.369141 509.060669 1.934993 -4.624569
322.137695 365.033783 2.023701 0.122051
322.137695 365.033783 2.023701 -3.224491
323.040802 376.075714 2.117700 -2.994510
324.563202 183.106506 1.913613 -1.179724
333.619751 63.086609 1.977355 -3.956070
333.950134 172.773743 2.015840 -4.278768
333.670166 313.903015 2.224812 -4.418824
337.747375 284.235931 2.148072 -0.815438
338.350433 496.968079 1.897725 -1.453894
337.798706 508.785522 1.991471 -4.670468
339.554291 303.695465 2.131292 -1.095999
340.710266 503.364777 2.090031 -1.509814
340.710266 503.364777 2.090031 -4.705885
342.930634 423.529694 1.977847 -1.369808
343.812592 208.034256 1.895022 -0.690514
343.812592 208.034256 1.895022 -3.321537
346.870056 236.905396 2.088205 0.157998
349.349274 472.627716 2.000688 -1.289554
349.778748 93.759491 2.021995 0.308826
355.368622 337.941284 1.978155 -1.470743
355.758972 612.554443 1.879776 -4.320955
360.213989 242.411819 1.974238 -0.544228
360.213989 242.411819 1.974238 -4.141333
359.972290 368.989655 2.033451 -2.961236
360.346222 467.461273 2.116570 -4.573172
360.447601 183.859131 1.711788 1.018790
360.447601 183.859131 1.711788 -2.016680
361.256409 257.889771 2.145168 -1.682146
365.238708 384.848419 1.868455 1.248007
367.635193 3.632097 2.109799 0.562693
369.296387 468.161407 2.127290 -4.543473
369.523651 619.359802 2.474524 -4.565725
370.278564 231.213409 2.029069 -1.887912
370.041321 437.444031 2.160014 -4.553461
374.275696 176.063324 2.068684 0.249581
374.335358 505.184753 1.602064 -1.710849
374.335358 505.184753 1.602064 -4.475000
376.613922 89.966248 2.142042 0.114164
379.371826 438.169769 2.074326 -4.670370
378.562286 520.343872 2.283046 1.386659
387.789886 451.368652 2.176933 -1.509800
386.407043 496.169617 2.034290 -1.782107
388.316956 84.280327 2.233081 -0.595098
393.015198 90.056358 2.243760 -0.728545
398.327026 410.083282 2.064661 -4.710252
398.752533 121.159058 2.114464 -0.046934
399.119141 495.820068 1.995145 -1.345392
400.544556 337.482635 1.817714 0.266345
400.544556 337.482635 1.817714 -3.956862
402.680298 107.951828 1.891308 1.093449
403.410248 286.694427 2.115381 -2.339124
404.317810 379.016907 2.007038 -1.767112
404.109070 512.581055 2.007278 -4.670572
404.740967 385.298981 1.947298 -3.121907
405.902405 129.326599 2.003207 -2.095123
406.049561 409.951813 2.056380 1.559872
405.462067 466.124237 1.826771 -1.261156
410.057983 95.672455 2.073084 -0.141673
411.252319 513.342468 2.220497 1.442952
412.437469 410.007111 2.046280 1.505092
413.195923 198.168945 1.988925 -0.285191
413.195923 198.168945 1.988925 -1.762795
414.406921 430.199341 2.007544 1.482629
414.860260 418.996979 2.186035 1.503329
415.583618 473.560059 1.792846 -1.267461
417.341980 203.550903 2.171025 -1.596086
418.507507 490.162994 1.783123 -4.524049
419.747314 346.331970 1.831192 -0.057882
419.779633 409.896912 1.894959 -4.707084
420.717133 506.715881 2.119474 1.443662
422.091431 500.001892 2.062638 -1.665307
423.207977 187.207520 2.038324 1.210868
423.207977 187.207520 2.038324 -2.749718
425.219482 272.665955 2.032340 -0.619238
425.219482 272.665955 2.032340 -1.996181
430.772705 384.034210 1.972795 0.217637
430.886414 409.739746 2.048582 1.570408
435.249969 379.929382 2.178856 -1.367364
438.352173 479.345459 1.969346 1.503287
438.991272 88.133759 2.113769 -3.149538
439.063110 418.757935 2.105890 -4.705523
445.776825 506.880737 2.107649 -4.671088
448.092041 201.121307 1.854357 0.751401
450.342712 384.174408 2.011119 -3.494949
450.277863 520.345215 2.037666 -2.507547
451.846893 289.361877 2.038197 -1.160960
454.732208 324.641235 1.991820 -3.578635
456.462402 374.615723 2.181421 -1.315419
455.994232 504.779816 2.204577 -1.300407
455.994232 504.779816 2.204577 -4.586805
456.993317 618.741211 1.909901 -1.525089
456.993317 618.741211 1.909901 -4.510058
458.371765 344.820831 1.960963 -0.845666
460.521088 586.926392 2.186062 -1.726335
460.645142 236.377487 2.060136 -0.908831
463.845612 500.492615 2.057901 -1.386886
465.325439 78.887917 1.960962 -0.377275
465.325439 78.887917 1.960962 -2.131248
467.584564 620.703369 1.980068 -4.651570
468.997406 227.365952 2.234129 -3.399596
468.552765 410.177490 1.848258 -4.682260
470.615570 243.608459 1.832776 -3.060240
471.531586 250.570389 2.096371 -2.844802
472.525177 397.699707 2.396988 0.028339
474.389313 329.131989 1.996697 0.999444
475.011292 482.015198 1.853424 1.510707
476.374481 228.818832 1.804251 0.437122
476.084595 453.144470 2.097723 -1.692504
476.866028 492.877045 1.914718 1.514338
476.866028 492.877045 1.914718 -1.558075
478.029114 400.058807 1.940548 0.069181
5.872183 101.705162 2.599802 -1.241925
7.170721 251.066833 2.498610 -4.702045
7.459064 484.602203 2.499194 -1.550357
7.459064 484.602203 2.499194 -4.524667
8.812246 376.069702 2.457828 -0.060514
8.865870 571.645691 2.846491 -1.574800
12.903921 216.373154 2.438276 -1.526314
12.903921 216.373154 2.438276 -3.843331
14.258518 30.740576 2.350991 -0.984290
14.258518 30.740576 2.350991 -3.587428
15.225183 500.684174 2.635509 1.409090
19.120775 588.686462 2.652637 -1.386674
21.709648 74.428139 2.996765 -1.776258
21.627485 140.935425 2.397851 1.412837
21.627485 140.935425 2.397851 -0.536218
22.220362 293.830322 2.269598 -1.561397
22.444029 331.453400 2.630653 -0.110469
22.224661 347.350708 2.476792 -2.964828
23.266176 148.433441 2.489753 -1.303783
22.969009 355.720459 2.396371 -2.985159
26.411152 590.431519 2.438643 -1.475682
28.019230 378.547638 2.261955 -3.305052
28.774548 384.837891 2.347078 -3.589391
32.659622 579.915100 2.411656 1.438601
33.950665 128.115982 2.619775 -4.255112
34.398422 154.461899 2.732763 1.429194
34.923195 277.830841 2.227563 1.456952
35.475449 485.948395 2.812714 -1.000367
39.625332 433.419373 2.852979 -1.556029
42.431625 62.138935 2.516687 -0.824008
42.431625 62.138935 2.516687 -3.935891
41.762768 164.987640 2.428236 -1.508141
40.903561 553.404602 2.290531 -4.389403
43.379810 142.370377 2.764042 -4.150154
43.353073 246.788467 2.473434 -1.174856
44.200981 287.542664 2.759847 -1.566592
47.154305 375.364166 2.623203 -0.561414
50.560276 387.716431 2.375558 -4.647060
56.265900 165.498749 2.422723 -1.387762
56.265900 165.498749 2.422723 -4.262614
53.612255 109.222313 2.670388 -4.130454
53.693741 591.685608 2.772184 1.175887
53.693741 591.685608 2.772184 -1.536296
54.966301 83.850098 2.558334 -4.270574
58.992664 301.332611 2.580576 -1.806819
59.872902 79.070259 2.309335 -4.230088
60.243954 342.236694 2.379086 -3.323947
59.504868 481.870758 2.749110 -1.816718
63.010944 45.167011 2.312878 -3.995526
62.880459 238.942017 2.634715 -2.289855
62.880459 238.942017 2.634715 -4.430798
66.066124 567.217041 2.689358 -1.544361
66.066124 567.217041 2.689358 -4.606776
66.740105 300.477875 2.594822 -2.040604
67.994034 289.054840 2.566444 -2.086130
69.568085 52.567341 2.893632 -0.885806
69.568085 52.567341 2.893632 -3.522280
68.702560 249.052795 2.411350 1.449667
68.702560 249.052795 2.411350 -1.850398
72.815041 109.075218 2.687048 -0.757306
72.500526 514.304443 2.595023 1.407053
72.500526 514.304443 2.595023 -1.966042
75.181450 284.330017 2.417112 -1.607868
79.752129 177.089554 2.510236 -1.472350
79.763695 361.704895 2.664815 -1.592050
79.763695 361.704895 2.664815 -2.604781
82.000481 629.284729 2.794590 -1.502521
82.000481 629.284729 2.794590 -4.042713
85.032303 268.906647 2.685674 -1.612179
90.315605 137.750580 2.468719 -0.880189
89.788582 212.120193 2.791058 -4.219250
91.331429 43.458935 2.721785 -0.672257
91.331429 43.458935 2.721785 -3.684583
92.683029 424.348175 2.397661 -4.657482
96.464348 240.035400 2.303427 -4.709030
96.748192 167.152725 2.700506 -1.345275
100.148643 184.153854 2.501631 -0.923320
104.609619 423.890961 2.401795 1.561769
105.187531 595.383911 2.371857 -0.418557
105.187531 595.383911 2.371857 -4.513467
107.045181 134.179230 2.343020 -3.684090
109.307556 528.696472 2.642159 -4.503779
109.610031 556.001404 2.709599 1.351185
110.580482 627.328003 2.441476 1.448086
112.017349 475.182465 2.279684 1.243447
112.017349 475.182465 2.279684 -1.851617
114.204414 89.251389 2.625884 -3.331421
114.235497 133.651047 2.837643 -3.631101
118.836258 158.370148 2.538451 -0.362391
118.836258 158.370148 2.538451 -3.789640
126.604950 182.102829 2.716127 0.110778
127.786926 163.267929 2.381893 -0.352817
127.786926 163.267929 2.381893 -3.791957
128.819534 106.084961 2.510202 -0.449457
131.336975 83.855751 2.768330 -3.664280
130.688446 311.374939 2.470371 -1.783083
131.442123 290.268616 2.814594 -3.990046
135.992218 10.859123 2.343311 0.280137
137.035004 547.158386 2.388418 -4.621449
137.977142 164.011063 2.775594 -3.322033
139.466309 239.674759 2.385706 -0.064538
139.466309 239.674759 2.385706 -3.840887
143.457794 45.411449 2.511759 -0.815027
145.218948 101.662361 2.734437 -3.588783
146.661087 273.041656 2.337321 -2.338107
149.791260 242.293411 2.422130 -2.866364
154.331604 43.457241 2.467164 -3.589028
154.334274 134.620895 2.468464 -0.506688
154.334274 134.620895 2.468464 -3.683810
154.669281 164.702087 2.280287 0.722225
155.373230 326.757385 2.421390 -3.150746
157.517868 196.226028 2.555105 -1.699375
157.517868 196.226028 2.555105 -3.337753
158.873688 65.763985 2.502142 -1.379101
158.873688 65.763985 2.502142 -2.940152
159.380615 17.480976 3.032146 -0.217997
159.380615 17.480976 3.032146 -3.028773
160.958344 42.784035 2.563942 -3.577910
162.341599 314.941132 2.562385 -2.575549
163.345108 86.398026 2.877428 -0.481106
163.345108 86.398026 2.877428 -3.555391
165.184830 501.447510 2.519039 1.528369
166.462311 28.977657 2.646939 -3.331258
167.079147 168.316422 2.426633 1.055470
171.934631 85.725441 2.566810 -3.547742
172.245850 213.794815 2.383454 0.372189
172.524841 447.903564 2.404035 -4.700453
175.822083 207.610138 2.617753 0.673347
176.401840 177.694794 2.877317 -2.919580
185.403336 408.840363 2.769903 -4.615816
186.984955 319.459106 2.517074 -0.538175
186.984955 319.459106 2.517074 -3.491484
189.142624 82.218987 2.408164 0.225032
191.936844 261.968231 2.408010 1.496471
200.825363 555.534729 2.406738 -4.653471
202.948227 491.661774 2.325097 -1.611418
205.191132 70.773262 2.373636 0.754481
206.056473 145.917969 2.330297 -2.390626
208.692551 361.516937 2.469069 -0.144088
212.108612 335.437286 2.765886 0.143240
211.842484 580.588928 2.648685 1.422432
213.467911 6.000824 2.436063 1.048251
213.467911 6.000824 2.436063 -2.468737
212.760254 411.803864 2.670082 0.008403
214.337723 131.974167 2.753340 -2.717791
213.977371 490.958282 2.654770 -1.806146
218.531830 461.295135 2.632819 -1.409608
217.883591 555.496887 2.682665 1.524258
219.822296 453.921661 2.818422 1.421012
219.931534 497.587067 2.540340 -1.833836
219.931534 497.587067 2.540340 -4.655572
219.774231 614.907837 2.642957 -1.686044
223.642319 263.293488 2.327792 -0.030158
236.487244 110.240273 2.317889 0.710203
242.287384 216.290192 2.439225 0.263750
243.841125 164.345978 2.417187 -4.068952
247.750549 62.337307 2.578408 -0.534564
247.750549 62.337307 2.578408 -3.430929
250.642136 203.024170 2.459253 -2.419851
252.563614 29.267532 2.695282 -3.123507
252.844925 498.593811 2.184372 -1.913035
253.728912 391.977325 2.459638 1.406675
257.854980 54.811222 2.367419 -2.215815
260.016113 87.731155 2.423746 -0.205546
260.132568 531.944824 2.376640 -1.573189
260.971619 117.561714 2.533140 0.542076
263.378082 150.920334 2.371236 0.039259
265.244171 295.647217 2.574479 1.189074
267.268646 454.979736 2.457952 -1.727158
269.339630 45.154591 2.510673 -2.619899
269.252533 154.917725 2.436582 0.003452
269.252533 154.917725 2.436582 -2.196669
274.091919 459.699127 2.824165 -1.644197
275.409302 530.138611 2.564050 -1.648101
275.755371 8.914202 2.440785 -2.560674
277.047302 186.928574 2.771432 -2.156684
277.047302 186.928574 2.771432 -3.532372
278.254486 129.416382 2.411179 -2.961966
279.387085 389.978943 2.375315 1.455489
279.142120 396.219910 2.557573 1.447385
279.142120 396.219910 2.557573 -1.556340
280.469727 36.918652 2.702809 0.893945
280.469727 36.918652 2.702809 -2.735548
279.942230 435.680511 2.663708 1.488049
281.616058 63.743042 2.453005 -2.874437
280.657410 592.762024 2.436957 -1.435647
282.507904 428.969482 2.395424 1.515407
282.507904 428.969482 2.395424 -1.581765
290.014435 36.878090 2.343766 0.053045
293.402313 298.604431 2.313977 1.412387
293.402313 298.604431 2.313977 -1.828591
293.869415 68.053391 2.935906 -2.303457
296.250916 291.616028 2.557295 -1.875075
295.647675 354.108124 2.706146 -2.917156
295.709595 551.932983 2.322007 -4.702652
297.426636 28.700371 2.339604 -2.255790
305.886475 218.420471 2.420254 1.092238
305.886475 218.420471 2.420254 -0.734784
305.831848 324.963165 2.688766 -3.197307
306.425476 426.845978 2.712634 -4.660119
309.233185 268.436127 2.453824 1.525751
311.593201 545.018250 2.402465 1.345020
320.299042 41.106869 2.541019 0.731556
320.299042 41.106869 2.541019 -1.838382
324.896912 433.030579 2.548463 -4.661735
325.478180 550.999573 2.683385 1.554472
330.474731 33.470215 2.400365 -1.875794
334.233978 124.813240 2.451589 -0.299529
334.233978 124.813240 2.451589 -2.012315
337.897400 44.315540 2.633251 -1.469504
341.439880 537.673889 2.535123 -1.636704
345.461273 126.511887 2.849625 1.069074
346.406250 258.187622 2.653258 -2.015100
348.179535 40.815704 2.605349 0.708801
348.898285 315.602570 2.356388 -3.740810
350.083527 248.023010 2.292497 -1.694063
353.131012 544.345154 2.711913 1.391321
360.523956 497.660858 2.466764 -1.182069
363.787598 570.420166 2.232040 -4.339926
364.825775 316.844238 2.854498 -4.486308
367.135193 132.896271 2.523088 -2.276864
366.893463 367.495575 2.582595 0.550212
366.893463 367.495575 2.582595 -2.763755
374.047791 51.153671 2.592198 1.099977
375.772064 66.314987 2.722890 0.375658
376.994934 404.037598 2.524435 1.551912
381.469635 471.484650 2.764176 -1.365746
381.707184 28.128347 2.804068 -2.099077
382.899414 211.613968 2.858951 -0.354591
382.899414 211.613968 2.858951 -1.867968
385.609863 77.755447 2.137769 -0.334843
386.451080 20.615576 2.652523 -1.334646
390.346741 457.905579 2.466799 -1.553538
389.737457 481.811646 2.394967 -1.133965
394.330109 184.044235 2.541662 -2.318503
399.173248 210.492371 2.712320 1.542312
399.173248 210.492371 2.712320 -2.237543
399.042175 620.412048 2.498482 -4.453940
401.822998 477.632599 2.549683 -1.955271
401.822998 477.632599 2.549683 -4.218802
403.063873 44.244831 2.517580 0.908692
403.734955 130.352661 2.677511 -1.817390
405.813416 11.445516 2.374100 -0.310508
405.826141 201.138245 2.640502 -0.377446
407.515717 71.074242 2.269935 1.382907
407.515717 71.074242 2.269935 -1.323208
412.232513 367.559021 2.515282 -1.181722
416.747498 91.378288 2.411785 -0.166842
416.889435 547.967529 2.619613 -4.497575
418.574982 570.844421 2.619947 -1.950659
419.244324 65.750832 2.639956 -2.292138
418.462128 484.175903 2.342331 -4.619384
423.080536 317.198181 2.408588 -1.791655
422.683258 354.233154 2.341666 -0.406515
425.273163 236.039658 2.518309 -2.002332
429.396393 419.011627 2.357151 -4.666098
431.700317 488.713409 2.180088 -1.780051
431.700317 488.713409 2.180088 -4.631253
433.835236 258.151459 2.716758 -0.005308
435.028992 404.167297 2.481487 1.539530
435.977936 527.610107 2.558248 -4.393420
438.231079 627.805298 2.422103 -1.472330
439.464325 147.601212 2.853661 -0.939185
439.095764 341.643524 2.273475 -0.777743
440.399170 446.386108 2.844276 -1.618036
440.399170 446.386108 2.844276 -4.684707
444.658417 296.687286 2.469321 -2.664439
444.554077 431.093201 2.254136 -4.599379
449.263397 609.335938 2.437207 -2.052508
450.359650 188.131088 2.441538 -4.575884
449.416687 215.215820 2.392857 -3.380641
453.156281 446.381073 2.682493 1.392119
453.156281 446.381073 2.682493 -1.657851
457.373138 511.998016 2.525059 -4.528341
458.129578 223.285278 2.277558 0.766894
461.946472 513.978455 2.678469 -4.462137
465.549347 507.778931 2.568395 -4.503799
468.420441 208.201279 2.469346 0.043400
468.420441 208.201279 2.469346 -3.580695
468.172729 437.987732 2.314439 1.202339
470.783875 234.811981 2.523910 -0.534990
470.783875 234.811981 2.523910 -2.981731
472.080078 403.786835 2.542761 1.528124
473.580383 301.260956 2.432024 -4.673918
475.552399 526.137268 2.350431 1.553798
4.625385 239.699921 3.073522 -1.103677
9.645130 65.082504 3.049442 -4.092023
17.084351 203.067352 3.127165 -4.136295
25.812416 132.702362 3.176391 0.171388
30.632389 308.953064 3.561817 -1.868236
38.701576 42.321964 3.514440 -0.727201
40.719135 561.778809 3.580829 -1.687648
42.547211 178.772293 3.550985 -1.215305
42.547211 178.772293 3.550985 -4.155217
51.546982 353.015015 2.980633 0.955866
51.546982 353.015015 2.980633 -1.387038
52.109386 607.948120 3.054171 -1.376622
54.410355 213.169388 3.010555 -4.224050
56.030003 253.862213 3.226950 -1.027222
55.896149 600.035156 3.027424 -1.367051
61.859165 90.427155 3.599668 -0.799218
61.859165 90.427155 3.599668 -4.159147
62.652935 277.113251 3.477552 1.562721
62.432064 373.438293 3.499414 -1.628636
65.017250 110.989166 3.093279 -0.753807
65.017250 110.989166 3.093279 -3.764250
68.268044 488.718872 3.162427 -1.355559
71.613495 432.547333 3.351996 -4.690516
72.939903 13.241302 3.123671 -3.618580
73.971794 121.314011 3.371365 -4.040061
74.526733 36.743958 3.234509 -0.899822
74.526733 36.743958 3.234509 -3.401181
75.849945 480.852936 3.506364 -1.539698
75.415672 75.535088 3.128256 -3.814758
79.889542 219.431290 3.296013 -1.086965
79.889542 219.431290 3.296013 -4.042458
80.783150 168.298615 3.906396 -1.626185
80.783150 168.298615 3.906396 -4.428097
81.703079 489.139862 3.498640 -1.650002
84.160118 550.691467 3.310231 -4.441960
85.087914 568.418884 2.987490 -4.672197
87.721123 14.126115 3.517792 -0.490488
87.721123 14.126115 3.517792 -3.718900
91.569962 416.745026 3.226126 1.567833
90.520447 636.012695 3.568501 0.437620
90.520447 636.012695 3.568501 -0.723708
90.520447 636.012695 3.568501 -3.785772
95.333855 276.625214 2.985332 -1.850691
94.718010 490.694153 2.815373 -1.427492
96.373619 132.229385 3.376091 -0.928289
96.085907 158.967010 3.408570 -1.451297
96.085907 158.967010 3.408570 -3.881013
102.565468 451.454529 3.143713 -1.606482
106.526367 110.029892 2.980501 -0.418321
107.802948 47.427734 3.111054 -3.424107
110.734573 59.129936 3.180335 -3.629028
114.054443 106.376427 3.384339 -0.400287
115.765663 253.455719 3.093817 -3.140109
119.944633 9.919770 3.361301 -0.167085
121.588104 306.807556 2.993176 -2.126664
123.719795 577.593140 3.705109 1.506307
125.502983 28.774500 3.306487 -0.432824
125.502983 28.774500 3.306487 -3.369087
125.137375 587.828247 2.880075 -1.609060
128.804092 5.698617 3.176384 -0.085999
130.841949 133.246185 3.128428 -3.118623
132.128265 502.406433 3.355458 -4.618022
133.164841 354.168488 2.931821 -3.204478
133.838135 560.456604 3.006430 1.246266
136.019455 103.937523 2.936383 -0.543979
138.819580 53.115562 2.905948 -0.964779
142.793930 18.134081 3.161196 -3.428263
143.772568 410.584167 2.908207 1.314550
144.557693 435.048492 3.046573 -4.707405
145.167435 100.385384 3.129092 -3.527132
144.839874 188.722961 3.305492 -3.525701
146.469894 137.136368 3.095000 -2.439077
148.239258 549.861206 3.226275 -4.630002
148.751251 116.182930 2.940878 -3.088490
148.684509 153.087051 3.351786 -2.602493
148.684509 153.087051 3.351786 -3.771949
150.193649 15.314613 2.903187 -3.434261
151.005890 22.619869 2.898913 -3.327945
152.597519 408.139893 2.937585 1.257123
151.780624 416.953979 2.891703 1.335836
151.780624 416.953979 2.891703 -1.634588
152.628220 300.507416 3.230900 1.462503
159.436966 494.729950 3.181278 -4.696796
160.729919 94.972382 2.894723 -0.692524
169.448547 561.801208 3.304603 -4.510440
172.143539 417.226685 3.098135 1.305674
177.307632 193.004700 3.497376 -1.756070
178.031906 8.525600 3.248119 -2.639994
178.662704 125.886200 3.200075 0.243014
178.662704 125.886200 3.200075 -2.794711
178.499283 246.484589 2.865972 -2.853077
180.954880 42.277218 3.203129 -2.691651
180.954880 42.277218 3.203129 -3.763611
180.922424 327.292206 3.122529 -3.273580
182.166382 350.056396 2.934139 -3.427441
195.911835 631.156250 3.341533 -1.255083
195.911835 631.156250 3.341533 -4.549691
199.851791 292.628357 3.286453 -0.273861
202.701019 19.581587 3.159576 1.391090
210.372284 93.666962 3.212282 -3.340461
210.951279 272.769745 3.182070 -2.474377
210.951279 272.769745 3.182070 -3.172790
216.486206 372.719940 2.987780 1.229805
220.158096 407.935883 3.109915 -4.380662
223.637726 364.815033 3.069327 -2.645064
227.346115 323.876892 3.442160 -3.010080
228.623886 182.022919 3.463783 0.053447
232.969315 633.424072 2.966167 -4.356568
234.359665 359.713104 3.507570 0.785927
234.359665 359.713104 3.507570 -2.125960
240.375305 273.221954 3.021027 -0.469503
244.746887 491.045044 3.331203 -1.503274
247.833313 571.352234 3.380079 -4.348035
247.056992 620.978394 2.837454 0.125259
255.094101 246.838654 3.012752 -1.614940
257.410431 132.142105 3.614383 0.294035
260.886780 361.021576 3.026866 -0.064684
261.755035 480.988861 3.156996 1.480284
268.569885 332.538513 2.871144 0.615058
268.084717 500.013123 2.969728 -1.555598
268.084717 500.013123 2.969728 -4.648277
276.912415 323.388184 3.186845 0.480452
282.769257 316.705139 2.705940 0.815665
284.702759 355.979950 3.044624 -2.287844
285.379822 380.455994 3.204195 -3.293465
291.008911 332.502441 2.962383 -2.122955
299.246094 189.849823 3.219231 -3.172370
299.416016 262.585052 3.038888 -4.480887
307.099518 125.607101 2.974063 0.313059
307.099518 125.607101 2.974063 -2.709293
307.099518 125.607101 2.974063 -4.039011
309.279968 258.220978 3.222801 1.415446
310.153046 182.677307 3.140309 -0.946844
318.079895 614.666199 3.188525 -4.525667
329.014923 213.325806 3.165341 0.395243
329.632599 561.869019 3.297135 1.439076
329.632599 561.869019 3.297135 -0.830107
339.122864 132.376328 3.010509 0.541521
348.659851 147.221344 3.204241 -1.170811
350.676025 195.132446 2.975156 -1.726226
356.196564 75.525688 3.445302 -1.072000
357.447845 437.338928 3.297308 -4.620676
358.303802 13.810524 3.242567 -1.385387
357.768799 33.847225 2.993643 0.522399
358.358063 511.129395 3.124564 1.456389
369.067383 15.563514 2.930196 0.575040
369.067383 15.563514 2.930196 -2.524388
377.956848 141.012161 3.212842 -0.928653
378.085968 186.435287 3.179309 -1.214420
383.129883 61.661705 3.222391 0.635370
385.156281 228.653152 2.941996 -0.980910
391.465057 51.196514 3.196960 0.450644
393.700500 40.572628 2.945238 -0.359192
396.272552 602.286316 3.111793 -1.414104
397.647827 10.013247 3.253076 -0.346735
398.685089 84.596962 2.908761 -0.737160
401.598358 53.799320 3.185726 0.670709
405.569733 403.614624 3.341776 1.558194
409.551544 39.066154 3.028454 0.496868
409.924591 63.695183 3.038178 -1.272977
412.412781 112.853561 3.150494 0.747762
413.965027 603.625061 3.102729 -1.145036
421.964630 197.411560 3.201695 -1.376927
430.170898 158.182800 2.916257 -0.171748
432.020844 601.263550 3.383422 -1.535254
433.633270 427.275299 3.395496 -4.639715
433.625702 505.491638 3.450749 -4.678315
440.878296 214.473953 3.549989 -0.491717
442.918152 601.919250 3.152287 -1.935087
446.563690 514.470703 3.137970 -4.645548
448.175262 170.154480 2.956093 -0.729138
448.175262 170.154480 2.956093 -2.226175
448.175262 170.154480 2.956093 -4.482506
449.583252 532.398132 3.154988 -4.523213
456.476135 595.695862 3.073572 -1.575212
456.476135 595.695862 3.073572 -4.350367
458.235168 328.340027 3.332112 1.154688
463.007477 108.671448 3.268517 -2.927957
462.984100 432.112274 2.981754 1.292920
472.534515 499.348511 3.476143 -1.453032
477.113007 355.095551 3.364808 -3.008384
4.652142 278.418518 4.361015 -1.550262
6.768621 195.472305 3.997262 -4.317971
19.291025 315.079865 4.101126 -1.724389
20.335987 107.800346 3.966870 -1.515092
28.976715 73.778915 3.975400 -1.821112
28.976715 73.778915 3.975400 -4.059306
30.817217 208.714874 3.712343 -1.283849
30.817217 208.714874 3.712343 -4.160940
35.283680 52.601692 4.132052 -0.723494
43.673306 601.347107 4.051195 -1.253292
47.253807 583.783752 3.905228 1.356078
47.253807 583.783752 3.905228 -1.380052
53.010498 192.902481 3.698758 -1.317307
54.363506 99.635254 4.158020 -4.042685
62.521702 65.780258 4.245055 -0.942450
62.521702 65.780258 4.245055 -3.939822
66.666199 128.143951 4.269280 -3.973719
71.808548 226.685913 4.245089 -3.942377
71.910110 299.019501 4.231322 -1.873029
80.533539 156.296997 3.966773 -4.381142
89.134171 198.164307 5.084342 -3.490521
91.638954 528.607300 4.484851 -4.688766
100.110825 20.771423 3.698965 -3.439646
103.416084 68.190208 4.265716 -3.645978
106.109146 604.950989 3.620885 -1.493717
109.354591 125.204048 4.207261 -3.486789
112.517654 150.112473 4.180161 -2.007894
112.517654 150.112473 4.180161 -3.694575
116.438377 43.843616 3.558554 -0.210168
116.438377 43.843616 3.558554 -3.314310
120.147339 80.621269 4.167847 -3.533420
120.485909 121.091576 3.953557 -0.551259
120.485909 121.091576 3.953557 -3.131246
120.867668 225.492111 3.788753 -2.097966
120.378662 335.927948 3.918266 -3.923797
122.314117 286.212982 4.101751 -3.315987
124.432541 98.748581 3.765244 -0.359301
124.432541 98.748581 3.765244 -3.453519
130.639725 115.409462 4.150548 -3.183831
131.459305 550.482666 4.053561 1.460978
132.525574 492.333313 4.436477 -1.654590
136.613342 393.102356 4.230659 -0.666983
140.971024 365.226624 4.253468 -1.365768
143.297745 520.277649 4.213902 1.516533
166.963272 590.779541 3.742206 -1.260590
171.067780 405.124847 3.909029 1.214577
176.172455 620.309326 3.576799 -1.307605
187.643509 375.670319 4.005768 -3.426610
189.842300 444.870453 3.893975 -2.356184
189.842300 444.870453 3.893975 -4.517272
197.120911 546.563354 3.837234 1.488673
203.614349 29.615404 3.969060 1.365843
203.614349 29.615404 3.969060 -0.257038
204.039413 362.899780 4.332459 -0.229359
206.130783 166.646866 4.068973 -0.370000
206.130783 166.646866 4.068973 -4.127501
206.930527 348.405670 4.175166 -0.161544
208.402542 453.262787 3.762914 -4.694573
215.309067 565.039551 4.153333 -4.660875
215.911041 444.667206 3.862008 1.515334
215.911041 444.667206 3.862008 -0.451387
220.887405 537.738770 4.051992 -4.678354
227.827332 152.630035 3.713660 -3.387104
235.538177 536.845154 4.236293 1.401833
245.177185 150.916260 4.343124 0.145874
247.009888 367.904602 3.716371 -1.053075
251.044189 619.569702 3.799791 -0.087641
251.044189 619.569702 3.799791 -2.097608
257.237183 131.726700 3.404358 0.295922
264.006226 164.619873 3.832258 -0.687412
267.292908 243.599762 4.034427 -2.414364
267.345825 386.045532 4.101820 1.070679
267.345825 386.045532 4.101820 -0.288146
284.170685 172.708755 4.202215 -2.462934
287.502777 100.374374 3.957395 0.025938
287.845642 621.530334 4.377639 1.490981
287.845642 621.530334 4.377639 -1.581052
294.464508 223.510345 3.907990 -2.617521
299.397430 136.244461 4.352270 -3.891236
298.574738 419.316101 4.232490 -4.475472
312.393799 374.555145 4.109071 0.065704
319.819305 156.459518 4.426743 -2.105682
325.806671 576.943604 4.883504 1.467443
325.806671 576.943604 4.883504 -1.873130
330.994080 337.908264 4.217251 -1.581782
330.994080 337.908264 4.217251 -4.566738
330.878693 366.855682 3.988594 -3.192589
330.950653 418.088531 3.845097 1.418343
330.950653 418.088531 3.845097 -0.211129
334.398621 553.090271 3.909489 -4.433829
335.828979 620.914185 3.846733 1.369525
335.828979 620.914185 3.846733 -1.507551
384.981201 295.049652 4.021650 1.293346
384.981201 295.049652 4.021650 -1.533550
392.752594 432.626770 4.313519 1.493903
396.995758 121.117546 3.665565 0.188542
398.491730 261.009766 3.832548 0.338008
401.646057 297.614471 4.064205 -1.224266
402.724884 611.976929 3.698070 -1.051298
402.724884 611.976929 3.698070 -4.690807
415.903778 341.375946 3.460001 -0.140790
414.635101 494.234161 4.112782 -1.190845
416.215210 536.386047 3.823026 -1.201753
427.297150 447.395630 4.523229 -1.482445
443.220184 107.670410 4.160295 -3.036713
445.797821 589.214233 3.684714 -1.239616
450.414825 230.920105 4.151051 0.236754
450.414825 230.920105 4.151051 -1.685126
472.153381 474.461609 3.711002 -1.813355
477.592041 603.101135 4.119576 -1.441046
41.069939 105.697838 4.715386 -4.093254
48.345451 50.016838 5.273187 -0.761415
48.345451 50.016838 5.273187 -3.817095
52.285007 225.167465 4.822925 -4.315229
52.368732 416.472900 5.586947 -4.472874
53.302090 544.305420 4.723042 1.507041
58.464497 37.707150 5.502817 -0.772567
58.464497 37.707150 5.502817 -3.798741
62.614998 328.130127 5.205630 -1.722707
60.716682 501.287323 4.705504 -4.541910
63.969574 555.977173 4.810196 -4.621802
64.476730 314.122223 5.648804 -1.760200
68.061234 26.561687 4.802387 -0.716148
71.061165 55.308746 5.641157 -3.810192
74.013718 343.762726 5.199018 1.139167
74.013718 343.762726 5.199018 -1.983741
76.480690 203.196136 4.722768 -1.173731
76.480690 203.196136 4.722768 -3.460263
91.836090 451.683899 5.200191 -1.701107
97.159576 129.482346 4.837512 -3.458188
113.126923 317.112061 4.611814 -2.720647
125.374596 418.627380 4.786232 1.421054
134.520782 152.272964 4.771293 -3.506618
157.342606 393.097504 4.756053 0.838523
157.342606 393.097504 4.756053 -0.742158
157.342606 393.097504 4.756053 -4.092946
158.822159 570.418030 4.990294 -4.594156
169.013412 342.297760 5.357820 -3.356426
179.178085 102.414238 4.567597 -2.771123
185.454483 508.466766 5.215797 1.565733
198.895447 323.875122 5.365887 -0.464293
208.181427 510.182098 4.716430 -4.629963
210.079605 591.590820 4.866347 -1.863114
215.682526 417.434113 4.938319 -0.164032
219.519470 241.210266 4.731525 0.512738
233.683014 198.008774 4.763013 -0.396559
234.947800 406.163910 4.750665 -4.645356
242.793045 234.096848 4.986109 0.116093
286.685333 588.271729 4.759003 -1.471278
300.918060 185.539032 4.694535 0.031479
300.918060 185.539032 4.694535 -0.728149
300.918060 185.539032 4.694535 -2.278572
304.846130 258.680237 5.189444 -4.341835
311.052948 361.661896 4.683489 0.167234
314.503571 225.551239 5.086148 0.240578
343.491486 514.522156 4.783877 1.515269
348.204315 341.265015 5.988922 -1.513740
357.671997 282.843231 4.284583 -2.379171
366.227997 484.499176 5.133347 -1.614497
393.511383 516.442871 4.945632 1.477025
395.651581 44.076958 4.736367 0.365793
398.095062 420.626160 5.758178 1.544271
406.094727 588.204224 4.751228 -1.748551
427.499695 129.206116 5.078123 -1.486234
451.856415 250.320602 5.236094 0.355800
450.197540 291.016968 5.255804 -0.850215
454.041077 349.021942 5.577217 0.778328
458.369232 378.136871 5.611427 -1.432457
468.945587 195.028076 5.067423 1.118940
19.316719 163.004105 6.066775 -2.201667
21.255360 88.046074 6.756242 -2.877088
21.255360 88.046074 6.756242 -4.309597
33.105728 141.632843 6.184872 0.739290
33.105728 141.632843 6.184872 -3.946550
33.193932 454.850800 6.442791 -1.629412
42.407665 378.168182 7.001747 -1.703039
48.014992 280.601837 6.525469 -1.790541
49.443829 262.162567 6.300055 -1.225923
104.090439 504.602264 5.439868 -4.596566
110.552605 477.369507 5.756818 -1.597324
112.129784 453.268372 6.571913 -1.629924
114.655609 602.781189 6.704267 -1.482215
126.772583 28.189266 5.807086 -0.419335
126.323517 433.820831 5.831807 1.433197
130.640472 228.412292 6.619461 -2.377474
148.158051 90.998711 6.558176 -3.445118
195.862183 116.270287 5.855328 0.038590
194.886841 215.302216 6.515735 -3.172558
198.008682 613.765015 6.888170 -1.646040
200.267609 157.764374 6.444524 -1.784827
201.881058 389.234192 6.400185 0.449501
201.881058 389.234192 6.400185 -3.584733
239.400940 382.995697 6.328435 -4.663015
241.021576 569.449890 6.520681 -4.700508
257.754639 112.217346 5.940486 -3.566522
269.729523 577.071228 6.091697 -1.511707
277.977905 545.937073 6.590477 1.531065
291.207764 73.630280 6.504112 0.904356
291.207764 73.630280 6.504112 -3.203092
299.064850 486.879242 6.425590 -1.577037
302.975708 466.751740 6.365166 -1.454910
303.527374 542.372559 6.584696 1.415233
306.196838 286.480652 6.066422 -2.205720
308.604187 312.690735 6.714798 -3.338402
315.428009 20.946751 6.704689 -2.310973
314.273041 422.402893 6.266183 -4.591711
319.998077 603.169983 5.730015 -1.736023
336.646545 401.176666 6.618183 1.541896
360.821472 518.032166 6.193949 1.428225
387.645416 53.038761 6.346265 0.276574
391.648285 312.125885 6.394549 -0.009339
391.648285 312.125885 6.394549 -1.623965
400.102234 545.493103 6.396745 1.468700
406.719666 54.857761 6.223240 0.312610
411.408905 562.572327 5.679724 -4.659738
419.193970 419.697815 6.365913 1.550521
427.664520 548.243347 6.841330 -4.523104
441.111328 238.041901 6.041953 0.128879
441.111328 238.041901 6.041953 -0.764404
450.002228 350.500000 6.294421 0.716989
453.854950 575.253784 5.812719 -1.218417
471.835327 246.209900 5.756000 -1.721486
474.560791 384.780823 5.679357 -0.183647
13.450496 127.810875 7.324921 -4.333887
42.288937 377.750519 7.410352 -1.729687
50.294182 240.216766 7.320718 -1.401317
94.639526 95.789848 8.020225 -0.647121
98.412933 229.712479 7.307178 -4.101991
109.161438 349.318817 7.676658 -1.976961
109.161438 349.318817 7.676658 -3.708502
115.660370 621.725830 7.313849 -1.456470
156.981827 617.364990 7.614837 -1.667337
172.493744 151.506729 8.310326 -1.732140
181.048218 77.101158 8.105456 -3.312120
195.672409 205.469589 7.599844 -2.052027
195.672409 205.469589 7.599844 -3.273833
204.832840 435.808411 8.306870 -0.309234
217.629944 54.977798 8.837480 -2.347914
239.998947 316.698700 9.647238 -2.525045
271.926117 465.159332 7.355412 -1.555096
281.862305 352.513947 7.990287 0.173207
281.862305 352.513947 7.990287 -3.093768
284.386169 603.981201 6.804421 -1.543433
283.750397 272.715332 8.211156 -2.100585
283.750397 272.715332 8.211156 -4.333314
307.117859 586.395081 7.394725 -1.723579
315.299225 442.536896 8.219533 -4.644644
372.417755 76.332153 8.503431 -0.026205
385.086365 172.833969 7.252409 -0.908847
430.458710 362.024719 7.616601 -0.857131
432.227234 470.333801 7.399556 -1.442187
430.913635 523.646240 9.243828 -4.708313
452.843353 84.868759 8.026841 -1.427353
452.843353 84.868759 8.026841 -2.742313
121.504272 319.846130 10.262790 -2.719901
130.401306 65.239716 10.026254 -3.616250
157.576019 546.944702 10.339305 1.453758
178.706604 32.892242 11.699955 -2.966367
223.221603 233.503311 9.953419 -1.397028
223.515427 540.574463 9.583594 -4.697276
365.451416 572.492554 9.846700 -1.637014
396.362335 29.016178 10.590790 -0.124462
406.028473 338.816864 10.185380 -0.948307
427.681793 105.334274 11.142154 -2.711578
452.265472 194.130325 9.781781 1.464643
462.153442 311.244781 9.849396 -1.343500
82.747871 28.498447 11.606442 -3.307917
92.586777 261.593933 14.506673 -2.961936
236.122482 146.864349 13.411694 -2.411720
293.284302 239.024292 14.148763 -3.094416
325.699310 235.973022 11.592542 0.283328
393.958221 601.996338 13.679055 -1.589185
46.810207 168.503174 16.118036 -3.064466
91.297211 262.583557 15.323334 -3.046115
143.152573 152.399246 14.804956 -2.712698
173.109436 628.288147 17.268719 -1.643148
262.898987 575.171936 17.820438 1.550412
262.898987 575.171936 17.820438 -1.620889
410.175110 391.310181 18.427052 1.509711
95.342453 396.552277 21.485550 -2.207312
156.059738 441.865814 19.860176 1.274563
156.059738 441.865814 19.860176 -1.786707
337.575134 497.924805 21.346361 -1.341872
365.152344 440.933624 22.565525 1.498489
451.492432 494.742523 17.728598 -1.429733
165.629410 506.318115 28.142542 1.522335
222.374329 366.588196 26.311293 -4.667697
260.230682 436.330170 23.010925 -4.703258
