202 419
277 418
278 419
280 10
281 430
285 429
287 431
291 25
292 16
294 433
295 17
296 27
297 34
299 557
300 446
301 448
302 23
306 457
308 46
316 52
319 45
320 470
321 43
324 466
327 443
328 74
329 70
330 62
334 68
336 431
344 75
348 63
349 90
352 67
354 100
360 116
369 110
377 97
378 489
386 497
389 131
395 134
397 130
401 135
419 156
420 157
423 172
433 161
437 174
449 205
457 192
459 193
462 200
607 800
663 936
674 412
676 420
677 416
679 418
680 419
685 428
686 417
691 437
692 441
693 423
694 438
697 445
702 455
703 452
704 447
705 706
706 707
708 450
709 451
710 449
713 461
714 462
716 723
717 471
718 54
719 459
720 453
721 454
727 476
728 477
729 726
730 727
731 463
732 464
738 485
742 732
743 740
745 479
746 107
748 498
751 501
753 125
757 493
758 101
760 506
761 505
762 502
771 767
772 770
775 529
777 531
779 778
784 152
785 535
796 538
805 180
810 188
815 194
826 937
894 461
948 367
953 698
956 699
959 700
962 884
963 885
966 443
967 704
968 705
970 712
971 713
972 890
973 709
974 703
976 716
977 717
979 710
981 715
982 725
983 708
985 711
986 733
989 724
990 730
991 731
993 746
994 745
995 747
998 748
1002 499
1006 756
1010 494
1013 761
1015 759
1017 773
1018 766
1019 752
1020 758
1026 760
1027 765
1030 780
1034 769
1036 779
1038 782
1041 781
1043 541
1049 1042
1053 937
1104 1153
1135 881
1137 653
1138 886
1139 988
1142 892
1143 893
1147 459
1148 714
1154 731
1156 910
1158 914
1159 915
1161 902
1162 1010
1163 920
1164 918
1168 1013
1172 1014
1174 922
1175 791
1180 926
1228 1050
1229 1051
1230 989
1231 990
1233 994
1234 995
1235 992
1236 1001
1237 999
1239 993
1241 998
1243 1007
1244 1006
1247 1009
1249 1016
1290 376
1301 1048
1302 1049
1303 1103
1304 1055
1305 1005
1309 1007
1310 1105
1311 1057
1312 1062
1313 1061
1314 1059
1315 1108
1316 1063
1332 1102
1333 1104
1337 1058
1351 1133
1354 1134
1365 200
1366 1144
1367 1135
1372 1152
1373 1157
