15 1214
53 167
55 57
86 1196
107 752
118 752
121 480
129 752
136 644
137 643
222 413
225 6
229 10
231 15
232 22
236 20
238 432
239 16
240 17
241 425
242 19
243 23
246 29
247 25
248 426
251 18
254 27
255 28
257 24
258 33
259 34
260 32
261 35
262 36
263 38
264 39
265 37
270 433
277 59
278 60
279 61
280 56
281 63
282 64
285 57
288 68
289 69
291 70
292 62
295 72
297 67
298 49
300 66
302 74
304 78
305 79
309 472
310 81
313 461
314 85
317 86
318 464
319 73
322 90
323 83
325 480
326 92
335 96
336 84
338 101
340 109
342 102
343 103
344 84
345 114
347 487
350 118
355 106
356 105
357 122
358 100
359 117
366 124
370 120
371 129
381 148
383 136
386 154
387 155
390 156
394 170
396 283
399 176
401 536
402 618
409 189
426 191
471 1008
567 409
571 411
572 412
573 725
579 419
582 424
583 421
584 431
585 427
586 423
587 731
588 438
589 437
592 440
594 439
595 420
596 444
597 729
598 445
599 446
602 441
603 443
604 449
605 450
609 442
610 453
611 451
612 443
614 737
615 738
616 457
617 749
618 454
619 459
621 48
623 463
625 52
626 452
627 461
628 458
630 455
631 467
632 473
634 82
635 462
636 475
639 470
641 483
642 486
644 484
645 770
648 492
650 781
651 490
652 212
653 496
654 497
656 498
657 499
658 500
659 495
660 488
661 125
662 491
663 489
667 784
668 128
669 138
672 518
681 506
683 509
684 157
685 520
686 521
687 513
694 530
695 529
696 165
698 523
699 524
700 532
702 534
703 535
706 159
708 174
709 538
710 539
716 541
717 542
720 545
721 193
722 194
723 195
724 196
726 548
727 550
728 557
729 552
730 190
731 201
733 561
754 1076
839 726
841 727
842 728
843 953
844 730
846 735
848 741
849 742
850 739
854 744
855 955
856 732
857 734
858 746
859 748
860 751
862 755
863 756
864 763
865 759
866 479
867 471
868 960
869 764
872 772
873 493
874 494
875 773
876 774
877 775
881 776
883 1069
884 771
885 777
886 778
887 779
888 503
889 502
891 783
892 787
895 799
896 973
897 801
898 802
899 797
900 798
903 806
904 807
906 810
908 808
909 809
911 812
912 159
914 812
917 811
918 540
919 813
920 815
921 543
922 816
929 555
930 556
946 395
989 78
996 944
997 945
1001 948
1002 946
1005 949
1006 950
1010 738
1011 956
1012 957
1013 965
1014 966
1016 967
1017 1063
1023 970
1024 1069
1025 507
1030 791
1031 792
1040 977
1043 816
1046 982
1064 1233
1076 1142
1082 1053
1083 1054
1084 1133
1085 1052
1088 1057
1089 1058
1090 1059
1093 1140
1094 1062
1095 1061
1098 1064
1099 961
1100 1066
1101 1067
1102 1065
1103 1070
1104 1071
1105 1068
1107 1072
1110 1074
1114 1080
1115 1081
1116 976
1120 1084
1142 1134
1143 1135
1144 1139
1145 1138
1146 1136
1147 1060
1148 1137
1150 1196
1151 1142
1152 1143
1153 1146
1154 971
1156 1076
1157 1151
1158 1152
1159 1156
1160 1157
1161 1082
1162 1083
1182 1191
1183 1193
1184 1194
1185 1195
1186 1142
1188 1197
1194 1202
1195 1203
1196 1205
1197 1204
1198 1206
1199 1207
1200 1208
1201 1209
1202 1210
1209 1232
1210 1231
1211 1200
1212 1234
1215 1237
1218 808
1222 1249
1223 1250
1225 1233
1230 1263
1235 1264
1240 71
