19 291
49 630
78 213
106 269
118 66
140 31
169 87
190 276
243 154
249 373
250 11
253 14
255 227
257 16
258 20
259 21
260 382
261 383
262 665
264 22
273 25
274 24
275 391
276 27
279 387
284 33
285 35
288 37
289 36
290 406
291 39
292 41
293 45
296 47
298 50
299 52
304 60
305 63
306 62
307 61
309 64
310 430
313 65
315 69
316 73
318 72
320 78
321 80
322 81
324 439
325 82
326 83
329 448
330 449
333 447
334 86
337 91
343 100
344 99
355 101
359 102
361 103
365 107
367 108
368 109
375 884
386 126
388 130
392 132
399 507
402 141
421 921
474 953
495 633
573 1021
592 370
594 376
596 660
597 377
598 380
599 662
600 378
601 385
603 389
605 671
609 398
611 399
612 400
613 390
615 397
617 407
618 401
619 42
620 409
621 410
623 411
624 412
625 413
626 414
627 417
628 416
629 677
630 54
631 422
635 59
636 426
637 427
638 428
639 683
643 66
644 67
645 433
648 435
649 436
651 438
652 437
653 441
654 440
656 445
657 446
659 444
661 447
663 451
664 450
668 708
669 454
671 95
672 97
675 458
677 461
681 465
682 716
684 466
685 467
694 473
696 474
698 476
701 479
702 477
703 478
706 482
707 483
712 488
722 499
750 1149
752 575
784 633
796 1149
800 719
828 266
835 996
840 664
842 663
843 870
845 874
846 669
847 671
848 667
849 668
852 396
853 670
854 673
855 878
856 674
858 676
859 678
861 882
862 680
863 681
864 886
865 684
867 687
872 693
873 694
874 438
877 697
878 699
879 700
880 701
881 704
883 695
884 707
885 709
886 849
888 460
889 461
890 712
891 713
893 714
894 715
897 720
898 801
899 721
903 724
904 725
905 726
906 114
908 727
909 723
910 728
912 481
914 733
915 485
916 486
917 489
918 735
920 736
921 737
922 490
924 494
926 739
933 741
937 748
938 497
961 530
966 652
991 18
1004 871
1005 977
1006 872
1008 873
1011 877
1012 879
1013 881
1015 882
1016 886
1017 884
1020 885
1021 685
1026 989
1027 889
1028 890
1031 713
1033 722
1036 895
1053 725
1069 325
1101 978
1102 985
1103 982
1104 983
1105 984
1106 986
1108 987
1109 988
1112 1035
1113 990
1116 1037
1119 894
1122 993
1125 487
1126 897
1127 898
1143 1114
1154 575
1158 575
1169 1027
1171 1028
1172 1029
1173 1030
1174 1031
1175 1032
1176 1033
1177 1036
1178 1038
1180 1041
1181 1039
1182 1042
1183 1092
1185 991
1187 1045
1188 1045
1189 1046
1190 935
1196 575
1216 1081
1217 1082
1218 1084
1219 1087
1220 1088
1221 1034
1223 1036
1224 1089
1225 1090
1226 1092
1227 1043
1233 449
1244 1085
1245 1118
1246 1119
1247 1093
1249 707
1255 1135
1256 1137
1257 440
1259 1146
1262 571
1266 1148
1267 1149
1268 1150
1269 1152
1275 1153
