5.316635 479.833435 2.042462 -1.274498
5.316635 479.833435 2.042462 -4.664126
6.905851 189.914185 2.157366 -0.628404
7.259034 261.971008 2.035115 -0.786956
8.536541 69.130753 1.799262 -0.599393
8.536541 69.130753 1.799262 -2.473323
8.769045 80.816299 2.067799 -0.861594
9.132322 334.356567 2.135049 1.476625
9.132322 334.356567 2.135049 -1.498784
9.475863 623.050842 1.937750 -2.001776
9.502571 93.867386 2.048276 -0.817123
9.502571 93.867386 2.048276 -4.192669
10.155611 198.823700 1.943376 -1.536956
10.155611 198.823700 1.943376 -4.611951
12.359075 180.647354 2.151654 -1.901335
12.359075 180.647354 2.151654 -3.416972
11.638870 185.927048 1.799042 -1.913706
11.992029 269.144287 1.916922 -1.173674
11.992029 269.144287 1.916922 -3.520117
12.794377 560.763855 2.205914 0.614122
15.997470 81.025597 1.940290 -0.263212
18.151520 52.204861 1.824176 0.655399
18.151520 52.204861 1.824176 -4.260094
18.226173 246.442627 1.906870 -1.090208
18.720116 99.010094 2.144148 -4.400733
18.844986 147.431946 2.033709 0.110053
19.413664 186.232346 2.124991 -3.498244
21.056614 328.701294 1.819217 -1.520883
22.194956 547.853027 2.072402 0.991805
23.059866 138.209869 1.835006 0.396612
26.108257 363.208954 1.865247 1.173155
26.108257 363.208954 1.865247 -2.234945
26.127623 449.167023 1.809558 -4.616280
28.819307 94.184181 1.945789 -1.466609
28.928497 100.047226 2.076864 -1.460729
29.134222 320.432526 2.024339 1.194436
29.976398 33.649799 1.883180 -2.191400
29.672173 170.549377 2.054593 -0.301784
31.020063 18.491734 1.946902 -0.696023
31.020063 18.491734 1.946902 -3.616995
31.071175 573.051208 1.888919 -1.555931
32.825806 89.678490 1.812781 -1.732690
32.825806 89.678490 1.812781 -4.207128
33.910969 50.826267 2.082295 0.380606
33.910969 50.826267 2.082295 -3.647880
36.913528 537.821167 1.764580 -4.701088
39.715355 132.217010 2.230376 -0.161793
38.629452 139.525742 2.018627 -3.509617
39.545517 457.491608 2.005285 0.739664
39.545517 457.491608 2.005285 -1.902339
40.210228 88.999298 2.276888 -0.009790
40.210228 88.999298 2.276888 -2.765225
40.210228 88.999298 2.276888 -3.710726
41.530304 193.520920 1.990831 -0.238678
41.652740 202.163864 2.079077 -0.039918
45.534191 149.944855 2.157696 -3.200433
45.560410 404.413208 2.224079 1.470121
46.276928 602.460693 1.958238 -1.227457
46.466190 525.357178 2.053579 -1.724678
47.908615 88.500252 1.734344 1.079500
49.835812 25.951540 1.984887 -1.206918
49.835812 25.951540 1.984887 -3.409005
53.415756 104.764984 1.922691 -1.913973
53.415756 104.764984 1.922691 -4.091346
55.396919 141.961655 2.041638 0.284465
57.524147 112.542068 2.110723 0.779741
58.985886 365.816284 1.902492 -1.983462
58.985886 365.816284 1.902492 -4.588610
61.037769 153.355743 2.177789 -0.416274
63.044609 269.162476 1.974338 -0.260089
63.044609 269.162476 1.974338 -1.591682
65.672256 97.254570 2.202721 -0.216860
65.672256 97.254570 2.202721 -3.501779
65.696342 221.145676 1.845172 -1.732619
66.556091 553.347412 2.236079 -2.471476
66.754044 46.527866 2.237172 -0.644436
66.754044 46.527866 2.237172 -3.612813
69.916557 40.476994 2.052125 -0.657551
71.868217 362.565826 1.891399 -1.878381
72.575302 84.240891 2.058187 -0.443536
74.850670 264.528992 2.132671 -3.121448
77.099068 171.237259 1.885419 -3.028979
76.885727 324.571350 1.915611 -2.877630
77.762436 56.477421 2.074875 -0.305134
77.762436 56.477421 2.074875 -2.982743
78.842842 506.771301 2.006360 0.999164
78.842842 506.771301 2.006360 -1.285172
78.786133 615.265320 1.891242 -1.826257
81.474815 588.714722 1.893861 0.783051
81.474815 588.714722 1.893861 -3.400363
84.057365 206.570099 2.207896 -3.068655
86.386375 379.730316 1.848584 1.324194
89.015701 499.863464 1.863270 -1.587231
90.333893 468.490723 1.649230 -1.887056
90.035034 490.336029 1.891991 -1.456166
98.869522 361.679749 1.940293 -1.790915
98.497322 517.351135 2.203152 1.513114
98.497322 517.351135 2.203152 -2.999183
100.446899 322.346893 2.072575 -0.401104
101.716583 377.348480 2.095479 1.162509
103.368866 223.951340 1.971158 1.368394
102.918129 450.959015 1.810707 -1.679678
105.461166 478.261536 1.992774 1.458225
107.214066 403.314697 1.827113 1.383060
110.246788 23.670837 1.779857 -2.629505
111.403488 215.214264 2.264096 -0.509450
114.207474 119.057121 1.957684 0.569516
115.860794 47.846478 1.924949 1.177765
115.860794 47.846478 1.924949 -0.904744
117.184464 454.054718 2.144501 1.442619
117.184464 454.054718 2.144501 -1.660252
116.874290 587.079712 1.921172 0.725490
117.675682 259.951019 2.115700 -1.983175
118.860626 41.781975 1.901504 -2.225397
124.149185 48.873650 2.198684 -4.604317
125.949448 383.734344 2.113739 1.488711
129.183151 356.439117 2.263700 -1.777338
134.208313 335.411194 1.985497 1.401449
134.988464 343.708954 2.189538 -1.634121
135.701920 329.696228 2.137333 -1.651718
135.869324 489.773529 2.068538 -3.587447
138.350555 175.389923 1.888327 -0.089417
141.739517 248.718948 2.154857 -3.130399
142.277710 295.198151 2.240661 -1.183462
142.277710 295.198151 2.240661 -2.005965
141.763184 443.690796 2.015311 1.544349
145.724030 328.793579 2.841960 -1.673190
145.014938 431.184692 2.249151 -1.699044
145.789062 201.075912 1.898998 -3.060133
147.044449 335.398438 2.171140 1.341719
150.274643 494.364319 1.989129 0.905595
150.274643 494.364319 1.989129 -0.719110
150.698715 182.049179 2.037367 -2.704004
153.155029 444.959747 1.845445 1.239424
154.934006 79.289314 1.957432 -1.898487
157.455856 72.915321 1.994069 -1.700787
158.502563 345.122772 1.948155 -1.516361
163.254639 544.614441 1.876015 -1.740449
166.898773 559.167969 2.088461 1.039442
170.433777 624.994751 1.960638 0.278143
170.433777 624.994751 1.960638 -3.580408
171.075500 212.008408 1.966706 -1.162080
171.727814 344.789368 1.845508 -2.039659
172.989456 88.886307 1.886431 -4.452942
172.684555 98.972008 1.992626 -0.549816
172.815018 187.669373 1.896307 -0.987679
177.119705 253.055588 2.147496 -2.176664
183.142120 482.766449 2.072991 -1.735518
183.926224 549.856201 2.050543 0.973874
184.422638 3.432773 2.026472 0.222578
185.541626 214.414520 2.052794 -1.876259
186.311279 432.109619 1.978774 -3.149522
190.799469 470.727661 1.884930 -1.818969
193.697952 506.667114 2.084314 1.424204
195.236191 66.321121 1.951333 -1.063744
194.745163 81.894341 2.228097 -0.984973
196.957581 184.231094 1.731433 -1.411020
198.591110 10.209242 1.943142 -1.992608
202.355270 254.933533 2.145722 -0.638510
202.368393 568.636230 2.347166 0.635621
201.687256 610.065613 1.908023 -4.278241
203.547714 167.230453 1.715657 -0.592281
203.902191 604.284851 1.869844 -1.489234
204.900543 75.439430 2.090146 -1.119229
204.900543 75.439430 2.090146 -3.841460
205.229202 503.023102 1.942219 0.518171
205.229202 503.023102 1.942219 -1.345733
206.989838 173.197510 1.976890 -2.883724
208.754791 259.989380 1.901665 1.432069
209.124222 485.823425 1.767334 -1.894696
208.758148 618.625854 1.916540 1.354824
210.176971 281.681885 1.770000 0.545459
210.176971 281.681885 1.770000 -0.556220
210.277756 552.557190 2.105602 -3.308423
210.618530 242.082611 1.979341 -1.550209
210.579178 369.985962 1.926591 -4.601767
215.327866 66.934265 1.863250 -0.766988
217.675064 318.736908 2.150777 -1.731101
216.585037 444.404053 1.905205 -1.264023
219.628128 571.754456 1.987978 -4.699424
220.702316 36.956711 2.091514 -0.653108
226.678604 119.995163 1.929569 -4.384893
227.565857 229.502579 1.654642 -3.646680
228.405060 564.701965 2.113330 1.556114
227.835632 631.665771 1.831530 0.643072
228.588440 514.025574 1.840173 -1.035398
228.588440 514.025574 1.840173 -4.566018
230.225952 208.090759 1.892335 0.172894
229.940109 215.826889 1.880863 -2.966069
231.094070 38.145390 1.897405 -1.093206
231.087631 89.147926 2.124625 -1.960723
230.800858 467.285645 2.088230 -2.364010
232.126984 202.667419 1.891171 -1.249414
233.419861 99.807465 1.975125 0.920126
232.868195 195.409470 2.363829 -1.353927
234.615128 493.579285 1.871014 1.344194
238.831039 535.444275 1.674076 -3.173674
240.046417 102.154816 1.791557 0.943886
240.046417 102.154816 1.791557 -0.841716
240.975189 331.215790 1.732414 -1.658623
241.869507 30.971516 2.135160 -1.019119
243.057541 357.625427 2.287627 1.450458
247.868027 49.689072 1.974560 -3.618797
248.733398 154.470154 2.088371 -2.306412
248.599121 331.467743 2.206396 -1.803539
252.290054 299.730560 2.242284 0.775418
252.290054 299.730560 2.242284 -3.655686
257.414612 350.927246 1.960421 1.433646
259.113800 184.283569 2.132338 -2.942007
259.773743 633.540771 2.011436 -1.835523
263.495728 108.700356 1.848777 -0.161418
262.584747 486.214661 2.009275 -1.131556
264.050049 551.945801 1.824033 1.498514
266.188751 162.971329 1.886911 -2.335158
271.851471 485.223511 1.969456 -1.628438
275.908386 56.391270 1.920408 -3.979805
275.667908 174.775803 1.976424 -0.146814
275.794189 629.750671 1.966053 1.237018
277.344574 78.593834 2.012317 -1.962655
277.605530 394.778595 1.957462 -4.483343
280.196136 504.109283 1.924026 -1.338360
280.445526 560.054932 1.997931 -2.321310
281.732391 115.809235 1.893424 -0.749765
281.732391 115.809235 1.893424 -3.047909
281.496124 128.144409 2.166062 0.277900
281.496124 128.144409 2.166062 -3.954445
282.170868 174.871628 2.166595 -0.169183
282.928406 498.561646 1.836002 -1.258419
284.533936 147.884262 2.030748 0.148079
285.645752 100.796654 2.199011 -3.022037
287.478912 140.229919 2.228800 -2.681237
288.552612 524.778442 2.077600 -1.113533
290.518585 475.538666 1.795850 -1.299194
292.599213 142.236435 1.621793 0.322530
292.599213 142.236435 1.621793 -2.637878
294.269684 27.562469 1.995869 -3.308823
296.897552 147.066071 2.044670 -3.248623
298.517670 158.935577 1.702007 -3.104162
297.804169 525.584961 1.971804 -1.911406
300.690735 75.667389 1.911110 -2.541876
302.926086 570.767151 1.904722 -4.523328
307.809235 129.006531 1.952560 0.883987
307.804688 489.673279 1.964331 -2.309142
309.200684 20.808374 1.894160 -2.801435
310.247772 282.747925 1.949866 -1.200755
311.693573 629.235474 2.106676 0.764348
311.693573 629.235474 2.106676 -1.081050
312.614838 193.327286 2.175515 0.340920
313.479248 240.146011 1.912746 -3.318318
314.002838 458.136810 1.935893 0.124149
313.740936 635.072571 1.923331 -1.529711
315.292908 624.094666 1.858921 -1.094944
317.099182 232.723160 1.997985 -3.661686
316.924225 274.380585 1.980287 0.857808
316.924225 274.380585 1.980287 -4.175523
319.029663 21.971254 2.077650 -2.486551
327.508392 407.982239 1.908578 -2.260048
327.508392 407.982239 1.908578 -4.667806
329.247528 109.190346 1.941588 -2.660450
329.247528 109.190346 1.941588 -3.761398
328.651764 606.026306 2.063588 -1.958145
330.047546 202.437073 1.949913 -3.000382
332.643585 235.992416 2.171369 -3.667880
336.851868 79.967148 1.919843 -3.005581
338.999420 543.587769 2.002477 1.430147
343.851135 416.116821 1.831372 1.556099
343.851135 416.116821 1.831372 -1.758643
344.117096 586.151245 1.807159 1.408863
346.688538 286.381378 1.949379 1.094924
348.697906 541.944214 2.070323 -1.476831
351.271301 556.684021 1.794639 -4.495157
352.023560 126.446220 2.114249 -3.206339
351.745331 421.151917 2.251598 1.379458
354.060059 508.108459 2.067067 -1.558454
358.459808 160.328323 2.043755 0.331822
358.937805 283.138763 1.904077 -2.232598
358.937805 283.138763 1.904077 -4.400719
363.385071 390.834564 1.875239 -4.587164
366.220978 618.032043 1.930431 0.257334
367.118591 493.328400 2.329710 -4.103874
369.416901 83.615685 1.949152 0.009727
369.416901 83.615685 1.949152 -3.178645
370.848846 374.910492 1.839159 1.553234
373.063477 276.327972 2.020215 0.356351
372.781494 567.471252 1.979671 1.034371
372.781494 567.471252 1.979671 -1.479580
373.343964 270.961639 2.541917 0.752672
373.343964 270.961639 2.541917 -4.123837
376.745972 289.817871 2.009282 0.499738
377.899719 562.130920 1.857799 -1.346870
378.039490 572.741272 1.737503 1.168984
379.665863 279.657684 2.042510 0.133096
379.895081 472.214539 1.951707 -2.096565
380.832489 146.240311 2.043085 -3.383025
380.612427 622.812561 2.280802 -1.737735
381.659698 38.057220 1.978974 -3.373585
383.319763 108.230850 1.844376 0.554654
383.319763 108.230850 1.844376 -2.158578
387.545776 142.671616 2.219144 -3.519693
388.166351 333.048676 1.961125 -4.654526
388.993134 475.143219 1.803539 1.199532
388.993134 475.143219 1.803539 -1.622942
390.966919 469.281342 2.101497 -1.526525
391.737427 281.745117 2.151969 -0.304468
395.030457 240.602036 1.725899 -1.877104
395.030457 240.602036 1.725899 -3.317863
397.634613 45.621750 1.820147 0.063859
400.839081 157.142273 2.273431 0.391942
400.680756 340.135834 1.970409 -4.650279
403.654572 174.063721 1.980351 -3.012202
405.180176 70.587303 1.915229 0.181744
404.500946 111.958221 1.927698 0.226727
405.732788 218.584381 2.053672 -0.692837
406.558350 263.621338 1.716042 -4.637709
409.074188 290.797913 2.072312 -1.256681
409.074188 290.797913 2.072312 -4.382320
409.929565 145.836151 2.036166 -3.163432
409.882996 570.276367 1.998370 -1.928036
409.882996 570.276367 1.998370 -4.662274
412.141602 325.262604 2.163824 1.091562
416.190613 457.928711 2.246045 -1.226912
421.165833 448.918884 2.083757 -0.487686
421.651367 613.931213 2.015646 -2.596241
421.651367 613.931213 2.015646 -4.276522
423.670746 60.346066 1.849001 0.024398
423.427094 212.724167 1.746769 -0.343415
422.443909 442.516907 1.678026 -1.199473
423.612427 532.631104 1.970745 -2.115013
427.385620 564.932190 2.033551 0.626741
427.653442 207.657242 2.040787 -0.335289
428.004761 551.747253 2.170958 -0.499506
429.007812 53.338375 2.036275 -4.448475
430.078278 33.224972 2.005000 -3.320841
431.957275 47.068096 1.860711 -2.899801
432.635681 95.025078 1.913390 -0.145453
432.503418 378.973236 1.970062 1.338645
432.480682 477.791016 1.808721 -1.063699
433.456970 629.055298 1.941411 -1.845701
435.879852 90.190094 2.020226 -3.411385
436.224609 263.063782 1.892185 1.289871
435.813477 567.636169 1.992901 1.208695
437.967468 544.516174 2.076229 -1.213377
437.967468 544.516174 2.076229 -4.116601
440.115570 237.540283 1.842188 -3.939945
441.141327 404.205261 2.238457 -1.504865
441.715424 625.215881 1.983384 -3.040789
444.282532 287.249878 2.054741 -1.663071
444.282532 287.249878 2.054741 -4.536603
447.204651 143.763016 1.963377 -3.243274
448.795868 97.920555 1.916198 -3.348187
450.439819 513.310852 1.893699 -1.973951
452.173706 194.020142 2.105603 -0.624885
450.840637 283.906311 2.466319 -2.023378
451.655365 471.766754 1.972516 -1.838652
453.357269 216.349670 1.943043 -3.391306
452.648926 358.425110 1.845285 1.333060
452.648926 358.425110 1.845285 -1.429191
453.653809 279.040131 1.810650 -2.147172
457.098938 446.987885 1.847537 -2.078260
456.854431 488.119202 2.021467 -0.991928
456.854431 488.119202 2.021467 -4.430069
459.208435 216.031906 1.978650 -0.424097
460.192902 548.951904 1.893287 -0.812350
460.192902 548.951904 1.893287 -4.129439
464.349518 429.608582 1.941997 1.278772
464.349518 429.608582 1.941997 -1.543290
467.252136 465.995636 2.117139 0.803394
467.252136 465.995636 2.117139 -1.300208
467.252136 465.995636 2.117139 -2.291224
466.888916 501.761932 2.017564 -1.294242
469.233734 131.859100 2.176177 -0.431077
469.233734 131.859100 2.176177 -3.078210
473.196259 331.968231 1.969979 1.470198
474.193054 118.104942 2.274865 -3.047994
475.580536 276.822052 1.864092 0.394872
475.580536 276.822052 1.864092 -3.047649
475.580536 276.822052 1.864092 0.394872
475.580536 276.822052 1.864092 -3.047649
475.793152 546.069092 1.996838 -1.346299
6.585490 226.982849 2.813895 -1.020065
11.493201 49.508705 2.786083 -4.005107
10.800131 58.455597 2.573364 -4.068702
11.060100 205.829102 2.624138 -4.220943
14.310852 152.334045 2.465951 -3.543648
16.156151 543.774109 2.642710 1.109909
16.156151 543.774109 2.642710 -1.896060
17.024313 163.455811 2.345815 -3.492660
17.593992 108.116608 2.649095 -3.607592
17.753809 202.556915 2.456241 -4.125604
21.191538 632.187561 2.368461 -1.518775
21.637089 157.956528 2.629390 -0.405366
21.637089 157.956528 2.629390 -3.455049
22.814728 14.305690 2.664221 -3.661856
24.010231 221.680283 2.536956 -3.645519
23.572897 497.921478 2.620275 0.602824
23.572897 497.921478 2.620275 -1.581268
25.196245 150.695709 2.446752 -0.318927
31.671850 193.727798 2.563528 -3.560272
33.099922 279.917725 2.425900 -3.194667
33.526936 142.877869 2.555834 -3.461674
34.359619 343.515381 2.316400 -1.770855
36.645763 367.733215 2.258159 -1.999985
40.729183 421.893768 2.486510 1.320406
45.126621 99.901024 2.539454 -0.432904
49.160839 389.779663 2.670797 1.201762
50.626068 12.551685 2.259293 -3.319259
51.343140 340.648834 2.600299 -1.682885
51.528839 397.905792 2.742003 1.121983
52.877987 323.236664 2.374145 1.470061
53.267891 98.495041 2.486624 -2.019804
53.992023 261.821564 2.375472 -0.145320
55.091530 316.209503 2.422255 -0.266198
56.203938 117.499504 2.292036 0.200214
55.519630 172.171738 2.546464 0.073643
55.519630 172.171738 2.546464 -3.131585
56.097073 422.720978 2.667984 1.395587
60.255592 259.150269 2.844551 -0.085682
63.551846 115.811691 2.425216 1.159126
66.582657 122.537949 2.551778 0.990334
66.582657 122.537949 2.551778 -2.270194
66.544121 244.591461 2.586095 0.726862
67.225479 566.792969 2.402940 1.298162
69.446617 308.954651 2.681682 -0.441496
70.963531 384.767120 2.770142 1.382633
73.435585 131.163177 2.447797 -3.427641
76.928741 153.754745 2.520720 -3.002978
78.418716 193.212601 3.384151 -3.135922
80.257072 382.774048 2.744138 1.312139
82.112923 91.714111 2.428101 -2.750404
87.598709 15.561790 2.828153 -3.038253
92.510628 335.476776 2.303738 1.387672
91.334923 564.678162 2.184492 -2.626232
96.013100 120.196869 2.270919 -0.346403
96.129982 255.511276 2.573404 -0.086167
97.680084 296.062164 2.442223 0.026337
100.589813 86.085495 2.801303 0.159942
99.484161 159.817657 2.438892 0.154060
101.752266 289.141052 2.459879 -1.836722
102.585060 115.283920 2.838991 -0.244071
103.314980 492.151001 2.262888 -3.068301
105.634926 302.071259 2.761739 -3.194861
106.288918 273.786163 2.612998 -2.804882
111.127594 530.651428 2.684327 -4.594460
112.240952 431.145294 2.331844 1.087795
119.379890 366.509491 2.681887 -1.777023
122.208557 373.045349 2.469287 1.316765
125.519386 269.499390 2.329388 0.239390
128.417389 319.825500 2.402476 -1.618977
129.853638 363.831085 2.637564 -1.718101
130.139740 370.272614 2.397721 1.200159
135.092514 42.621639 2.365243 0.513799
135.092514 42.621639 2.365243 -0.669463
140.785141 156.533463 2.462384 0.956786
141.176682 287.956360 2.337713 -1.952152
147.398132 605.656799 2.531307 -1.784582
151.159805 91.475739 2.513901 -4.696641
151.162399 346.673950 2.709952 -1.699962
152.505295 161.664200 2.800957 -3.141330
152.505295 161.664200 2.800957 -4.664396
154.535950 546.114868 2.549161 -1.847162
160.582092 326.602295 2.216562 -1.520030
161.940201 99.871475 2.696820 -3.896007
175.911911 332.261688 2.614004 -1.519836
178.653046 123.112930 2.508138 -3.715421
181.642395 219.882187 2.527022 -1.848222
184.528000 258.190369 2.908047 -2.019147
184.874329 404.959229 2.979729 1.242399
184.874329 404.959229 2.979729 -1.583616
190.845505 609.720154 2.338161 -1.701423
192.167191 72.179054 2.367005 -1.081486
193.635651 196.666016 2.353843 -0.793833
194.679077 571.798279 2.321405 -3.885994
198.969299 95.063622 2.834951 -3.856768
199.466248 290.589050 2.647840 -4.616193
199.840073 628.081482 2.381298 1.279899
199.840073 628.081482 2.381298 -1.749119
208.442322 22.800337 2.719813 -0.835255
211.366653 136.222580 2.531298 -3.789829
211.833679 402.029266 2.790745 1.222428
217.850052 154.644562 2.654162 -2.879491
217.644119 334.726685 2.314394 -1.656937
221.943375 325.205109 2.611840 1.338195
222.550247 628.109558 2.453955 0.597724
222.996368 273.906952 2.698369 -2.954602
224.712738 201.669800 2.404603 -2.371627
225.533493 362.034058 2.484249 0.665194
225.233551 499.723969 1.905867 -1.724379
228.921921 323.653198 2.734224 1.447142
230.656601 6.790490 2.757437 0.792353
233.626312 339.056244 2.726940 -1.712174
237.189087 399.391998 2.623540 1.180653
239.249985 597.574341 2.747880 -1.128988
240.682846 374.170166 2.441727 -2.354885
248.958298 226.335434 2.382853 -0.436793
248.958298 226.335434 2.382853 -3.070263
251.462128 289.351044 2.621784 -0.088318
251.462128 289.351044 2.621784 -3.210774
252.940720 362.694489 2.684408 1.355234
254.723999 381.669159 2.829480 -4.687532
256.591553 489.928040 2.384946 -0.912855
258.107727 318.932404 2.607078 -1.672652
263.293213 146.378860 2.789605 -3.920989
263.457520 389.627808 2.446414 -4.682009
264.159790 543.572998 2.929786 -1.484690
267.173218 99.612198 2.737148 0.673782
267.173218 99.612198 2.737148 -0.575770
266.604767 629.275452 2.546445 -1.783868
266.730164 637.257019 2.716748 -1.866941
270.874268 43.369480 2.358072 1.041156
271.257385 598.049683 2.535227 -2.196198
273.111786 92.499962 2.832538 1.035578
273.436798 513.120728 2.682722 -4.147108
273.061523 532.562561 2.273765 -2.416445
283.013977 578.820068 2.389215 -4.705806
285.259186 513.691650 2.725075 0.707177
289.718506 626.051392 2.539614 0.810191
296.805206 6.687145 2.269831 -2.947899
298.293060 104.775436 2.672673 0.443155
300.798401 194.012527 2.803756 -2.492485
303.624878 579.375366 2.133287 -1.726667
310.307800 478.405823 2.780304 -4.687576
320.188202 240.178101 2.500164 -3.186356
322.022980 472.957733 2.602514 -0.640124
322.022980 472.957733 2.602514 -4.668258
323.890503 582.282471 2.777592 -2.030635
326.474243 485.833252 2.388482 -1.764077
327.181915 102.227837 2.534029 -3.427150
327.581665 266.325989 2.445014 -1.388448
329.049408 414.797272 2.762476 -1.616059
329.580017 47.963535 2.783007 -2.235174
336.139130 54.152962 2.826424 -2.278492
336.139130 54.152962 2.826424 -3.834347
339.545654 146.129929 2.213609 -3.412162
344.055481 550.080627 2.690768 -4.177023
345.536285 330.824982 2.430870 -1.899457
347.472961 208.517944 2.627364 -0.073554
350.782440 632.056824 2.598719 -1.823238
353.302399 256.079803 2.548646 -3.479375
355.294037 174.152359 2.742602 0.331259
354.727173 264.060059 2.415048 -3.143095
360.560944 432.745209 2.693988 -0.511248
360.560944 432.745209 2.693988 -3.675434
366.670288 173.564331 2.684151 0.397013
368.229034 245.480972 2.352647 0.227507
368.229034 245.480972 2.352647 -2.153298
370.841370 135.493134 2.436974 0.408101
371.568085 488.477264 2.368888 -4.133830
371.265503 534.757935 2.392065 -2.039936
372.238281 338.247772 2.532274 -4.619061
375.998749 160.966873 2.484787 0.438257
376.091309 631.526611 2.393790 -1.641600
377.663605 296.901794 2.720725 1.423252
379.808319 25.011372 2.521911 -3.162529
380.658966 125.187096 2.933687 -2.452017
384.379639 174.675171 2.524284 -0.448927
388.304047 111.909157 2.481175 -2.633052
389.524445 254.994324 2.453619 0.788822
391.027069 454.054443 2.425989 1.205471
391.027069 454.054443 2.425989 -2.798836
391.033081 600.375854 2.293399 1.007090
394.259277 265.747406 2.634815 1.310905
397.372833 486.253693 1.864218 -1.609173
398.355499 55.962212 2.342750 -0.280463
397.873047 402.928375 2.534374 0.097673
403.455414 276.999329 2.650923 -3.110420
403.493927 295.307343 2.540661 1.415800
403.493927 295.307343 2.540661 -1.657383
403.768250 100.562073 2.520142 -0.042260
403.768250 100.562073 2.520142 -3.596566
405.757294 43.709503 2.274266 0.113457
412.508301 87.455391 2.724111 -0.296747
413.690674 579.331543 2.742440 -1.793664
417.628479 181.335129 2.611529 -0.275910
417.628479 181.335129 2.611529 -3.413192
421.940002 55.302364 2.859416 -0.149510
424.038177 155.063522 2.554387 -0.226628
425.142517 76.482132 2.322205 -0.000052
425.525055 349.522888 2.554293 1.369747
426.668457 137.937134 2.603663 -0.378341
427.769257 518.246765 2.763858 -0.655077
427.769257 518.246765 2.763858 -4.379645
429.158081 60.771202 2.281926 -0.031776
429.158081 60.771202 2.281926 -3.427189
428.972290 438.636719 2.588555 1.447609
428.972290 438.636719 2.588555 -1.840830
430.547394 104.195724 2.557966 -0.111186
430.601868 617.086670 2.361771 1.103799
430.601868 617.086670 2.361771 -0.446762
433.105347 115.140808 2.569161 -0.071016
432.573944 488.718201 3.019159 1.452954
432.573944 488.718201 3.019159 -1.737061
437.266327 98.767151 2.325004 -0.091856
437.266327 98.767151 2.325004 -3.213371
439.951202 276.519104 2.501601 -0.467803
441.642426 167.977295 2.742021 -0.421288
442.892700 379.539093 1.937837 -2.471569
442.892700 379.539093 1.937837 -4.037463
442.892700 379.539093 1.937837 -4.579156
441.623444 397.925812 2.394645 -1.552772
446.417267 183.336487 3.035005 -0.356482
452.115692 45.181110 2.395787 -0.318715
452.022186 160.911438 2.541093 -3.413950
461.225494 226.554169 2.513322 -0.095207
461.201477 379.969025 2.623042 -1.592783
461.201477 379.969025 2.623042 -3.840838
461.188873 350.689850 2.450755 -4.233948
462.985931 446.963379 2.479316 -2.151079
462.985931 446.963379 2.479316 -4.234514
465.982971 153.857529 2.529707 -3.417526
466.372620 15.752922 2.540922 -0.524722
469.755646 570.525635 2.801666 -1.721144
473.273499 5.711238 2.725029 -1.322128
473.273499 5.711238 2.725029 -3.857702
473.079102 609.339233 2.597549 -1.994324
2.146587 236.895172 2.960331 -4.129081
6.665731 309.916107 3.504155 1.518793
9.269648 325.711853 3.738215 1.435818
8.637290 436.600983 2.994305 0.852522
15.665449 97.157806 2.889088 -4.403981
17.965504 518.789429 3.087677 1.185174
19.778257 508.730103 3.392949 1.007721
19.778257 508.730103 3.392949 -1.819721
24.179253 123.907089 3.065607 -0.264824
25.524231 59.145660 3.294956 -1.656529
24.206039 345.354584 2.990882 -1.660900
29.369598 188.885986 3.211341 -3.417372
32.435608 306.296326 2.811956 -3.591375
31.529016 360.293518 3.098668 1.467281
31.529016 360.293518 3.098668 -2.103726
41.255718 6.936273 3.453885 -3.348371
47.817329 57.361515 3.238717 -1.782917
50.396248 510.013519 3.247141 -2.240325
53.961002 181.490692 3.524158 -0.286415
54.897316 75.190819 2.979390 -1.783291
54.974415 195.309235 2.996003 0.315222
55.129745 211.057388 3.574455 -0.011789
56.761379 600.854309 3.082541 -1.231352
58.244865 84.680717 3.220944 -1.602351
58.244865 84.680717 3.220944 -3.718725
59.903965 66.123192 2.951170 -1.805014
61.815262 285.682526 3.316389 -0.170944
62.744137 58.119072 2.884906 -3.301276
62.739292 237.214035 3.264052 0.313942
63.751572 177.185303 3.244914 -0.076931
65.271347 30.155416 3.009874 -0.619294
65.751991 245.699966 2.919120 0.883815
67.335182 185.819687 2.839853 0.202722
69.346985 87.117195 2.845520 -1.123441
70.201927 54.532520 2.894875 -3.343847
72.515617 506.055573 3.523325 -1.660624
73.266289 42.617481 3.095003 -0.840718
81.477470 72.297112 3.119622 -3.695010
81.709793 138.885162 3.480766 -3.508841
85.106720 414.956696 3.316224 -4.606554
90.718315 576.808960 3.025252 0.554583
90.718315 576.808960 3.025252 -2.169802
94.156311 619.616638 3.109599 0.373484
96.125481 371.500366 3.344337 -1.644664
98.754112 269.427826 3.379669 -0.286002
99.976402 563.877502 3.326321 -1.342575
101.286537 36.081825 3.531441 0.160688
101.286537 36.081825 3.531441 -2.393176
102.393181 190.540909 3.587436 -0.167562
103.842232 554.528992 3.387131 -1.290725
104.304871 60.418060 3.076177 0.504098
105.687958 352.938202 3.554724 -1.749351
108.874359 331.053833 2.922933 -1.259006
113.834068 133.488907 2.910786 -0.879777
113.834068 133.488907 2.910786 -4.425083
114.204269 230.033737 3.238201 -0.762784
118.666847 19.026112 3.556225 0.619129
118.666847 19.026112 3.556225 -2.777333
121.351311 30.520651 3.236551 0.441049
121.638741 201.502396 3.621148 -0.126835
121.638741 201.502396 3.621148 -0.800060
125.900963 305.307831 2.948779 1.154986
125.900963 305.307831 2.948779 -0.691609
134.249527 142.522308 2.947952 -0.273760
142.394653 464.696930 3.248454 -1.641975
143.788254 519.487183 3.475551 0.743831
143.788254 519.487183 3.475551 -1.982176
145.116577 21.207653 3.408816 -1.741228
145.116577 21.207653 3.408816 -4.471976
145.367172 414.900574 3.571251 -1.569724
153.284515 594.738770 3.106210 -1.902018
159.802582 294.529388 3.428040 -3.160425
162.925293 550.915710 3.321262 -1.750187
164.814743 30.599665 2.870903 -4.408655
173.553238 508.643585 2.966931 -0.762791
173.670227 79.737015 3.292271 -1.304399
173.917435 498.710083 3.036182 -4.652935
175.254929 202.207367 3.351101 -2.137116
174.996002 57.504223 3.442753 -0.953291
174.996002 57.504223 3.442753 -3.947967
176.202286 332.359955 2.731510 -1.536407
191.427582 132.091537 3.071629 0.066218
191.513092 631.562744 3.211693 -1.822008
192.525436 89.834366 2.988754 -1.095784
192.525436 89.834366 2.988754 -4.000440
202.231934 36.453560 3.231751 -0.470311
211.592407 503.153809 3.614072 -1.119292
211.592407 503.153809 3.614072 -2.153475
214.110291 275.943420 3.189266 -0.633508
214.110291 275.943420 3.189266 -2.984116
224.227448 534.417908 3.313375 -1.082861
231.935287 415.695068 3.077528 -1.809332
233.502701 445.046814 3.140415 1.412212
237.579651 121.683441 3.171825 -1.120327
239.268616 101.133072 3.078701 0.780627
243.692001 266.165161 2.916180 -0.237318
245.708054 570.571594 3.532094 1.517971
245.708054 570.571594 3.532094 -1.808520
249.437347 548.992676 3.086003 -1.292927
249.601181 230.127335 3.175103 -0.138756
249.601181 230.127335 3.175103 -2.978316
250.077545 242.816528 3.376831 -0.931025
259.764282 438.947205 2.952758 -1.332318
263.747131 164.349991 3.176995 -2.049280
265.654053 30.044878 3.325847 -2.336771
266.880005 582.323120 3.108251 -4.369805
270.557190 85.415016 3.570632 1.182065
271.409607 238.136337 3.224257 -2.548174
271.200653 338.204041 3.085672 1.319621
273.703461 303.752563 3.107223 -4.484811
273.682007 4.562617 2.980794 -2.034607
282.946594 532.334167 2.942117 -1.127374
282.946594 532.334167 2.942117 -2.601488
292.353973 207.204010 3.123273 -2.513458
292.868561 176.561661 3.533700 -3.216122
293.378754 219.244110 3.088912 -2.190732
298.377655 52.882572 3.147646 -3.111134
298.139740 226.771576 3.281798 -2.238571
298.718933 115.925171 3.068038 -0.659450
298.718933 115.925171 3.068038 -2.833355
299.418732 556.733826 3.561983 -1.234584
301.957581 567.929626 3.457475 1.250357
301.957581 567.929626 3.457475 -1.353756
310.750000 183.854477 3.312974 -2.595457
314.456421 558.089417 3.426860 -0.988969
314.456421 558.089417 3.426860 -3.546929
317.131104 143.184540 3.373551 -2.831293
321.858093 249.418716 3.332180 -0.191681
323.045471 571.278320 3.160100 -1.627963
328.317657 553.938782 3.620408 1.567949
334.029968 63.952591 3.023883 -3.235790
343.119781 29.461901 3.160593 -3.269624
345.826294 305.030029 3.293366 -4.677121
350.314575 110.469971 3.321010 -0.328694
350.314575 110.469971 3.321010 -2.894099
354.256073 143.233902 3.150001 -0.241941
354.256073 143.233902 3.150001 -3.259366
354.418213 549.563293 3.145791 -4.097344
354.717560 268.965912 3.122897 -2.764961
358.338806 405.481110 3.324637 -1.674585
366.321014 20.198717 2.867196 -0.370982
369.214844 228.480072 2.938353 -3.040968
371.974518 281.888702 3.245736 0.552550
372.260529 595.010376 3.102422 -1.880757
376.039764 345.586121 2.858952 1.299653
376.488403 559.117920 3.242468 -1.584505
381.651764 251.052505 3.182773 -3.083477
383.047852 340.150452 3.113829 1.015145
384.367126 483.667633 2.885462 1.531418
384.367126 483.667633 2.885462 -2.233501
391.334778 191.358765 3.374658 -0.389022
396.440399 166.198776 2.903242 0.651760
396.440399 166.198776 2.903242 -2.646905
405.450623 186.673325 2.957780 -3.511219
406.846497 622.840149 3.125396 -2.437530
411.590515 157.438736 3.027792 -3.030420
412.427063 87.992279 2.858633 -0.447609
411.576569 94.650902 3.106379 0.136644
411.576569 94.650902 3.106379 -3.257898
417.906067 124.899330 2.994348 -0.729927
422.264404 116.484787 2.867940 -0.706372
423.395325 22.627089 3.562797 -1.937857
425.317780 241.032059 3.486282 0.311360
425.882324 307.949677 3.515442 -1.613719
427.095673 87.297005 3.008020 -0.286231
428.527130 450.331787 2.872441 -1.454124
430.031036 577.194153 3.105064 -1.379986
432.410767 75.674522 2.980839 -0.040878
432.410767 75.674522 2.980839 -3.384791
433.613892 192.833359 3.437290 0.227345
433.613892 192.833359 3.437290 -3.592516
435.281097 243.871246 3.229204 -2.692651
440.897278 123.743454 3.103073 -0.131483
440.897278 123.743454 3.103073 -3.281872
442.348175 460.682617 3.278337 -1.562000
446.066864 233.363892 3.074516 1.564656
446.066864 233.363892 3.074516 -4.025797
448.192047 453.341217 3.047402 -1.659759
454.966736 312.472656 3.460518 -2.163356
454.627777 334.358734 2.999283 1.351852
458.085052 188.923676 3.247129 -0.611753
461.179047 249.874878 3.522283 -3.624628
465.889862 236.081833 3.211877 0.594796
468.855865 592.594299 3.229927 -2.084219
470.038666 171.219238 2.944905 -3.298792
470.791931 253.854248 3.340287 0.124992
471.312073 297.510895 2.935067 -0.041736
471.312073 297.510895 2.935067 -2.660412
473.795807 150.058868 3.328228 -2.275159
473.748627 371.199463 3.086940 1.082614
7.916066 503.896301 3.590228 -2.324266
6.162632 535.616516 3.789895 -1.757072
8.960686 180.895996 4.086919 -1.493081
8.960686 180.895996 4.086919 -2.971501
11.801682 64.172668 4.587991 -2.159591
18.755373 388.814026 4.153339 -1.637241
22.115730 374.819214 4.268030 -1.668565
25.405987 25.605671 3.915606 -2.160658
33.183372 412.068298 4.235825 1.305112
39.498936 12.414974 4.872358 -3.257642
40.932121 272.669769 4.354207 -0.294303
40.932121 272.669769 4.354207 -2.514027
47.886341 352.933075 4.200080 1.426196
53.595650 231.788620 3.696273 0.127989
55.735371 132.854340 4.519867 0.787979
55.050694 368.775482 4.336527 -1.740539
56.628521 1.622114 4.127798 -0.563002
57.579945 272.962646 4.350889 -0.412016
60.899120 106.126915 3.977191 -4.701344
65.047768 578.838623 4.035946 1.553330
65.047768 578.838623 4.035946 -2.018787
69.517937 599.595886 3.851743 -2.032299
71.822372 517.204590 3.882086 -1.456406
73.243286 506.248047 3.649223 -1.621372
107.238808 44.860458 4.023027 0.098707
110.286171 307.979767 4.269670 1.046170
110.286171 307.979767 4.269670 -0.235740
110.286171 307.979767 4.269670 -3.193482
122.944542 184.450409 4.116152 -0.908283
127.751694 601.439026 3.784604 -1.757770
128.059723 148.871994 4.050014 -4.623412
135.268967 535.373718 3.757288 -2.430624
135.268967 535.373718 3.757288 -4.334559
140.360382 89.516685 3.786867 1.434964
140.360382 89.516685 3.786867 -2.347001
142.463562 225.340759 4.184422 -2.602176
144.064987 508.648956 3.991542 -1.867887
145.437164 440.906738 3.935495 -1.975762
154.777649 82.458298 4.464502 1.363943
154.777649 82.458298 4.464502 -1.980678
158.628815 604.110229 3.909236 -2.050364
160.486893 337.143829 4.037321 -1.587237
160.576752 540.506165 4.165727 -1.667404
169.425339 584.519836 3.563913 0.257340
169.425339 584.519836 3.563913 -2.041436
174.043427 125.243195 4.423398 -3.790559
183.218063 155.553131 3.941551 -0.637356
184.784897 24.719715 4.303710 -1.470813
184.784897 24.719715 4.303710 -4.246188
187.211823 496.335693 3.826793 -1.540005
190.242981 419.343140 4.067295 -1.211796
193.815536 194.118820 4.058270 -1.503790
203.280121 555.331421 3.610620 -1.424098
208.282959 195.577957 3.619276 -1.400973
211.542313 503.115173 3.631696 -0.986582
211.542313 503.115173 3.631696 -2.064786
212.761093 290.162567 3.726972 0.374834
224.163116 298.957123 4.495631 1.340525
233.542557 390.817596 3.752421 1.053683
235.201340 154.748199 4.584044 -1.463007
240.375397 211.923996 4.540417 -1.667782
246.047409 581.636841 4.495392 -1.873165
247.668091 52.729519 3.882806 -0.400912
249.192505 166.604187 4.250391 -1.548187
251.642532 94.505760 3.935952 0.869412
250.553299 127.129280 4.100338 -0.968106
259.351135 321.294800 3.991319 -1.742044
260.623566 120.911346 3.953257 -1.087863
261.652405 304.103302 4.053556 1.184641
262.477020 475.738373 3.909225 -2.335842
299.116302 557.142151 3.633921 -1.167291
318.977875 105.934570 4.940670 -3.093550
321.321045 250.248657 3.502600 -0.297705
331.906982 242.186951 4.416323 -3.576483
334.405457 386.737152 3.738301 1.561062
350.724548 10.141544 4.373300 -2.905162
366.547302 35.106781 4.080486 0.035625
366.587067 556.098511 3.826488 -1.806116
379.953278 204.319763 4.061011 -3.519376
386.500031 46.330093 3.430943 -2.982835
391.504181 156.807785 3.804898 0.511138
392.985535 276.518982 4.357423 0.230695
395.689026 429.393219 4.228747 -2.318157
410.202026 413.609680 4.047622 -1.975699
414.954010 167.258179 3.850835 -0.223744
416.712891 234.099808 4.297054 0.192318
416.483063 532.915466 4.349650 -4.577508
420.811218 10.216104 3.870612 -3.239298
438.049164 280.857971 3.610266 -0.914203
441.843842 169.228775 3.304819 -0.427020
443.055756 136.081726 3.974529 -0.310014
443.055756 136.081726 3.974529 -3.223526
450.529510 161.227432 4.035380 -0.348845
450.529510 161.227432 4.035380 -3.441112
450.739502 267.647858 4.341719 1.026919
450.739502 267.647858 4.341719 -2.783544
462.548706 71.211601 4.526517 -0.222370
462.548706 71.211601 4.526517 -3.386709
465.050720 27.245584 3.748683 -0.576415
467.871399 216.807449 3.661738 -0.468629
470.694458 38.979534 4.410150 -0.429606
471.018555 60.714474 4.223843 -3.323554
470.218964 308.648804 3.619364 -0.238464
472.675171 581.252930 3.997321 -1.822552
11.917643 466.814789 4.912916 -2.369431
30.112553 183.211151 5.558569 -2.986395
30.356794 517.012756 4.803837 -1.990000
33.904453 56.434521 4.675842 -1.741668
91.763763 28.443329 4.946039 -0.163703
91.763763 28.443329 4.946039 -2.807602
93.807571 342.752869 5.653343 1.404229
100.678909 419.961090 4.538380 1.358242
105.683289 320.008514 4.912061 -0.446217
106.145638 17.970245 5.083108 -0.068809
106.734322 145.454117 5.530818 0.352484
107.190765 381.704193 5.027685 1.259820
113.953606 269.506714 5.636342 -0.154190
118.195946 441.617462 4.898318 0.602875
136.565674 58.843643 4.739000 -0.056725
137.042526 103.810822 5.715991 1.433133
154.084427 4.030815 4.913444 -1.160313
154.844543 228.612213 5.172496 -2.542392
160.075912 196.290100 5.366274 -2.183996
171.878632 423.650482 5.256800 -1.185477
174.754578 137.090256 5.045410 -0.394543
181.378494 38.683796 4.816963 -4.245928
200.525085 95.674805 5.018336 -4.012442
244.350204 326.498779 4.810881 -1.673098
249.495529 114.182098 5.135214 -0.970496
252.984253 184.588028 4.847500 -1.885761
269.212616 361.479706 4.971285 1.410580
299.235535 208.753525 5.306021 -2.789478
310.907532 164.203659 4.777778 -2.645603
321.020111 196.614853 5.138212 -3.267166
321.674438 348.383881 5.424270 1.552705
323.382416 24.973223 4.524503 0.624545
326.799072 8.237753 5.085920 -3.076924
343.221497 263.104156 5.390414 -1.944974
343.221497 263.104156 5.390414 -3.447837
344.416382 240.809784 5.009861 -3.669571
344.691071 357.974640 5.061282 1.511469
359.003815 230.640579 4.802015 -0.442317
359.003815 230.640579 4.802015 -3.076986
416.662567 208.192719 5.208986 -0.047944
420.201447 481.731903 4.802322 -0.857264
424.499878 40.641151 4.582616 -0.120383
424.499878 40.641151 4.582616 -3.206571
423.815796 591.858032 4.620744 -1.252150
430.538940 628.510254 5.016424 -0.791776
441.332001 500.742340 4.618128 -1.309939
441.332001 500.742340 4.618128 -4.546306
447.417877 366.583221 5.308439 1.381305
457.652649 403.943939 5.240086 -1.842426
462.909027 416.160614 4.604411 -1.881617
467.074554 105.348946 5.304686 -0.154374
467.074554 105.348946 5.304686 -3.159382
23.879292 40.895065 7.071860 -2.075091
29.178017 576.172607 6.696991 -2.233540
39.373085 73.254135 5.940064 -1.753232
43.354668 327.253693 6.110870 -4.630771
47.895607 155.402496 7.205446 -3.158893
49.981602 249.288101 6.262569 0.079884
54.362869 54.866394 7.020896 -1.962020
58.311123 189.677063 6.584250 0.201401
65.031845 493.023102 6.624796 -1.417590
69.223503 149.438431 6.986571 -3.436208
93.442017 343.396545 5.810785 1.421983
101.200798 253.823105 6.703650 0.031702
121.119057 492.308105 6.824804 -1.972233
152.253174 130.988342 6.430332 -0.295548
155.876022 41.718491 6.113074 -0.871272
155.876022 41.718491 6.113074 -4.550214
167.077225 564.034546 6.112893 -2.164535
173.202026 179.261383 6.803638 -1.667981
186.868271 103.812027 5.978317 -4.154902
194.549103 386.071320 6.010364 1.049573
196.910629 549.201172 6.462456 -1.591801
220.051270 590.312317 5.897577 -1.442793
230.385986 71.205505 6.350061 -0.951742
239.948196 368.552246 6.167715 1.304457
243.387054 106.834023 7.068367 -0.716665
267.172028 530.152039 6.983337 -1.791457
294.621765 61.020599 5.977347 -3.037745
299.902283 458.609100 7.032835 0.965048
304.268158 308.753174 6.126981 1.551640
319.961914 621.525818 6.478426 -2.154450
333.917358 38.252178 5.875779 -3.012410
335.214142 194.432709 5.869810 -3.256782
358.060822 253.329300 6.341286 -3.497717
362.964417 530.762878 5.858663 -0.820524
365.854858 356.614319 6.038403 1.480529
381.833618 421.254700 6.820927 -2.316827
392.128998 351.883911 6.914786 1.378139
410.074951 437.082214 6.534309 -1.441449
411.949158 27.737175 6.135227 -0.594201
433.534302 205.165009 6.981452 -0.010643
448.123993 517.552368 5.851037 -1.455510
455.978424 41.256626 6.177309 -0.194747
475.685547 480.663727 5.844340 -1.672054
48.255543 154.905151 7.084311 -3.124758
46.766758 268.793030 8.446094 -0.215418
51.054840 54.900700 7.794002 -2.047677
67.446533 259.743408 7.320506 -0.107842
72.279709 24.297482 7.354480 -2.587261
73.257812 204.783234 7.418391 0.030272
73.257812 204.783234 7.418391 -2.772851
84.157104 538.133057 7.990542 -1.223182
89.582947 221.148697 8.095168 -0.154559
88.990509 321.697083 7.934745 -2.788226
90.669006 492.017731 7.401895 -1.525068
120.641853 231.192978 7.584787 -0.775168
133.988251 276.791473 7.880303 -0.558656
133.988251 276.791473 7.880303 -2.970964
149.140961 553.244141 8.230406 -1.515846
243.484421 106.702980 7.017426 -0.512729
260.975098 63.817398 8.525141 -1.794917
271.244019 365.892792 8.447004 1.453953
280.542725 604.969727 8.507806 -2.938877
301.248810 79.056046 7.514481 -2.886520
309.678833 369.391327 7.703198 -4.568748
327.405212 69.748924 8.344432 -3.043652
339.907562 224.101257 8.345313 -3.344462
393.088196 352.417572 7.426574 1.400637
405.968109 252.831024 8.871338 1.233186
420.127808 514.175110 7.785621 -1.060468
430.559235 353.655365 8.254719 1.524823
432.050873 390.732819 7.938893 1.480932
440.296906 14.052271 8.778294 -0.516807
454.201019 227.968811 8.177848 1.145757
47.148762 231.359970 8.722742 -0.038557
43.753696 302.936218 10.149601 -0.275321
115.844292 81.156143 9.835054 0.267248
117.604919 542.553894 10.825792 -1.578381
136.546936 398.107117 9.419087 1.033431
230.267059 176.369354 9.425646 -1.916879
251.619415 153.014572 10.665929 -2.000042
297.241882 147.918762 10.927695 -2.631474
336.419495 540.133179 9.309886 -1.625700
356.879211 336.502838 9.244505 1.553448
400.550049 326.431061 10.312910 1.471361
436.119293 323.830872 10.422612 1.489971
436.119293 323.830872 10.422612 -1.768939
441.856995 441.886139 10.700500 -1.553920
18.818750 451.556152 12.118658 1.425097
42.861767 191.422958 13.575147 -2.639329
92.204277 124.728203 14.387300 0.082945
175.064270 52.405434 11.615079 -1.150960
295.113586 284.600861 11.806905 -1.796011
365.388611 277.346924 13.044919 1.076644
93.331947 53.284042 15.615692 0.039442
225.089417 474.254303 15.918890 -1.419549
261.268555 388.452667 20.407169 1.360531
405.472473 485.663025 20.814770 -1.742848
62.869488 192.936859 26.510078 -0.283337
189.554199 256.093018 27.805449 -1.872799
70.822418 92.302834 34.259586 0.082872
86.625427 467.974152 33.601025 -1.503397
193.959152 256.503662 29.073294 -1.875828
162.404449 162.173416 39.635475 -1.855573
