26 765
120 132
215 10
216 404
219 408
220 399
222 400
227 409
230 410
231 31
233 28
239 33
240 46
241 37
246 44
247 45
253 64
257 72
258 73
259 81
260 82
261 65
265 426
266 87
267 86
270 89
273 437
274 92
276 98
277 99
280 451
284 123
285 105
287 120
288 122
289 127
292 130
293 118
295 112
296 467
297 34
300 466
303 133
309 137
314 139
315 142
316 143
320 144
325 488
329 148
342 159
343 160
344 171
345 495
347 174
350 179
354 173
360 178
362 184
374 190
412 1064
424 411
430 980
437 896
500 310
501 389
502 660
505 662
506 663
509 398
510 8
511 664
514 401
515 407
518 674
521 416
522 424
525 420
526 422
528 78
532 433
534 826
535 91
536 93
537 432
538 445
546 456
549 457
551 455
552 462
554 463
558 464
559 465
560 131
561 474
562 471
563 477
565 479
567 478
571 482
576 487
577 488
579 489
587 151
592 498
594 497
600 176
601 182
603 186
607 503
608 504
611 505
718 816
722 818
726 665
728 671
729 670
731 673
735 668
738 677
739 676
741 820
742 681
743 679
744 680
745 825
746 688
747 687
748 444
752 440
754 689
756 693
757 695
758 691
759 458
760 692
761 699
762 698
763 461
765 703
769 704
772 707
774 486
776 710
777 844
779 711
782 493
783 494
784 712
785 713
786 716
787 498
788 499
789 714
791 500
793 723
794 722
795 183
797 731
798 727
803 514
810 840
871 814
875 668
876 981
877 821
878 824
882 827
885 831
886 924
887 832
889 838
890 841
891 837
892 843
894 740
895 854
897 849
898 850
899 720
900 721
901 853
902 854
904 732
906 737
910 1008
938 916
939 980
942 983
943 984
944 918
945 917
946 149
947 920
948 994
949 925
952 993
954 929
955 930
957 933
958 851
959 935
960 936
974 1089
987 976
988 977
989 978
990 979
991 982
993 985
995 986
996 988
997 989
998 992
1000 995
1011 427
1024 1028
1025 1053
1026 1030
1027 1031
1028 1032
1029 1033
1030 1034
1031 1035
1032 1036
1041 1071
1044 1054
1045 1055
1046 1056
1047 1057
1049 476
1052 1069
1053 1072
1057 1087
