5.292213 11.726703 2.133652 0.363891
5.432893 327.214905 1.992144 -0.044203
4.406683 590.264282 1.775865 -1.390872
6.496417 183.416687 1.868874 -1.511032
10.710849 394.209198 2.197425 -3.138957
11.038479 419.093018 2.094835 -3.108018
12.658401 110.044357 2.309177 0.618290
13.176443 432.029449 1.829859 -3.232384
14.101319 535.818176 1.849653 0.971586
14.574389 77.726776 1.899836 -3.477382
15.688431 84.051659 1.852951 -2.558060
17.445988 571.770447 1.890278 0.994623
17.445988 571.770447 1.890278 -1.481234
18.339981 501.156036 1.830672 -0.767387
17.993446 586.338989 1.866353 1.021986
18.945690 529.491211 1.940159 1.062918
20.085058 415.582184 2.228695 -3.132537
21.496305 520.887695 1.814701 0.221632
21.022470 535.050110 2.055030 1.064270
20.532063 591.791260 1.928612 -1.881537
24.723692 359.276337 2.174132 -1.681117
25.604351 75.725761 2.162468 -1.823297
27.041348 185.690826 2.068432 1.287174
27.041348 185.690826 2.068432 -1.485232
27.122076 419.195068 2.013148 0.382958
31.218145 24.429007 2.333869 1.214781
31.218145 24.429007 2.333869 -2.214848
31.795900 541.143494 1.799592 -1.771583
32.742661 451.848572 2.041653 1.469463
32.742661 451.848572 2.041653 -2.319015
34.304756 521.384399 2.246468 -0.538417
34.304756 521.384399 2.246468 -3.771845
34.304756 521.384399 2.246468 -4.388029
34.574978 342.710815 2.101322 -3.188326
36.723816 420.221375 1.926593 -3.362717
40.737099 225.046906 2.151137 0.834003
41.050945 342.128357 1.823006 -1.485386
44.541565 79.811592 2.087870 0.795981
47.021221 397.221100 1.922483 -0.985134
48.940308 68.424919 2.117964 0.739785
51.327763 195.566833 2.094920 -4.316959
52.924797 102.161430 1.950748 -2.054259
54.183414 246.242859 1.983290 -2.456059
55.651104 474.528717 2.095280 1.451348
56.772076 93.834274 2.083664 -2.397994
56.557312 457.909088 1.809409 -1.042422
58.277138 600.275940 1.916972 -4.416208
58.820667 429.118164 2.229204 1.569956
60.525478 98.295227 1.958698 0.985765
60.490215 552.321594 1.992371 -1.671703
65.150505 163.547318 2.079751 -2.461993
65.842270 120.699730 1.874115 -1.275158
65.842270 120.699730 1.874115 -4.535704
69.090668 604.421387 1.933659 -4.493387
74.369209 75.251472 2.126291 -0.255741
74.453545 404.191650 2.119123 -1.175414
74.567017 519.414307 1.817894 -1.642392
74.854744 335.987885 1.818143 -3.130270
75.710861 524.815247 2.067277 -1.641611
77.779190 561.086060 2.192385 -1.470062
79.758057 30.333498 2.091985 -2.544317
81.284637 236.114548 1.898413 0.706049
82.986252 113.589142 2.380017 -1.075641
82.986252 113.589142 2.380017 -3.415944
84.186218 565.342773 1.899548 -1.304824
84.899940 151.095139 2.164903 -1.644157
85.384972 559.372375 1.952104 -1.616468
87.150696 216.401627 1.837500 -2.583574
88.322357 55.936192 2.214183 1.167854
89.502808 126.312309 2.160944 -3.980288
90.286568 16.040836 1.982983 -0.270778
89.229187 560.917908 2.221817 -1.450307
92.329033 104.988243 2.317896 -0.159333
92.329033 104.988243 2.317896 -2.017710
92.619736 149.178329 2.094038 -1.842315
92.895058 444.341614 2.041394 -4.469314
93.376617 473.414124 1.956200 -4.244894
95.369553 83.500320 1.844357 -1.901497
100.297981 114.695648 2.039142 0.940169
99.729622 390.959167 1.866621 -0.604138
101.395729 490.632324 1.920247 -1.090083
102.659370 150.268646 1.820193 -0.377693
102.659370 150.268646 1.820193 -2.517999
106.426704 436.400604 2.052917 -4.705845
106.644485 550.408020 1.884127 1.497224
107.780724 269.417297 2.190881 -3.129440
109.564140 453.604492 2.427045 -4.534946
110.561852 153.925674 2.154216 -2.102811
111.341499 608.307068 2.144846 -3.080869
112.924263 168.200638 2.182503 -2.147512
113.731102 366.797119 1.827042 -3.202218
114.375626 466.165283 1.927292 -1.622583
114.735512 30.443213 2.087478 1.118448
118.931252 365.066681 1.830473 1.547133
118.931252 365.066681 1.830473 -3.301166
119.567215 306.834534 2.121433 -1.479647
119.567215 306.834534 2.121433 -4.549377
123.180435 215.130798 2.007517 -1.019763
124.164566 449.904510 2.128085 -4.466890
126.080505 245.065948 1.855209 -1.366375
128.159622 439.926697 2.071970 -1.354057
128.159622 439.926697 2.071970 -4.606032
128.342377 629.845276 2.079494 -1.591317
130.549240 68.571159 1.932906 -1.807522
130.424942 260.651184 1.978531 0.003051
130.527420 267.510406 1.881076 0.004027
130.560257 275.589966 1.835682 -0.018483
130.684784 380.283325 2.230396 -4.322948
131.344101 451.087128 1.846411 -4.686939
133.288544 199.981583 2.138075 -0.816810
133.288544 199.981583 2.138075 -4.505972
134.565170 167.601379 2.302678 1.344485
134.565170 167.601379 2.302678 -1.787312
135.680832 503.827850 2.133314 -1.830193
137.162003 187.016464 1.875479 0.908160
137.799713 87.185310 1.910579 -1.207724
137.799713 87.185310 1.910579 -4.671586
138.236984 160.789658 1.843004 -1.965627
141.520248 113.641708 2.133714 -2.909813
143.256485 196.288300 1.987219 -4.247535
142.499634 285.486298 1.994823 -3.128865
143.676315 244.809296 2.147862 -4.031974
146.715698 367.067200 2.085335 -3.319528
149.473206 133.624146 2.319716 -2.320076
149.197159 563.401855 1.914582 -1.349919
152.078354 409.619904 1.898418 -0.964961
152.775635 468.163208 2.028775 -4.597957
152.892639 597.227966 2.086731 -1.179681
153.830292 143.460129 1.960190 -4.624590
154.458939 622.020020 2.012543 1.356108
156.170593 156.941376 2.104646 -2.416638
157.224091 136.251846 2.008292 0.886852
157.224091 136.251846 2.008292 -1.859373
157.491043 279.152130 2.015261 -1.927779
158.438522 251.539383 2.021022 -3.461939
157.394592 262.439148 1.862314 -3.304539
158.319534 449.173279 2.048901 1.463919
160.418320 87.732796 1.969197 -0.798283
161.413940 141.109344 2.334903 -1.915878
161.194626 303.012390 1.958509 -3.446524
162.568146 618.650940 1.991857 1.073544
164.768005 15.852077 2.067202 0.359162
164.768005 15.852077 2.067202 -2.762305
166.781143 372.844849 2.104362 -1.830832
170.134354 16.223866 2.091463 0.435450
169.718277 288.045715 1.920761 -0.848874
169.827057 526.856384 2.185679 -1.814192
172.759323 5.203377 1.987235 0.034316
172.617661 95.896111 1.860348 -0.390431
175.573807 368.518738 2.162284 -3.113152
176.636383 131.635406 2.087869 0.490412
176.636383 131.635406 2.087869 -2.700503
177.560150 156.576019 1.974269 0.023376
177.651596 603.760193 1.905824 -0.835890
179.233521 106.108467 1.993680 -0.316779
178.936340 142.758881 2.069327 0.873388
179.271545 494.221039 2.150345 -1.661148
181.553970 133.781693 2.176448 0.503692
182.310547 115.993622 2.274461 0.245734
183.787979 345.172363 2.009988 -1.468291
183.915787 353.302856 1.983677 1.199729
183.790756 520.098389 1.864465 -4.583391
187.707458 202.920792 2.297591 0.313858
193.192139 68.956886 1.887980 -2.866158
192.521561 109.015755 1.965104 1.230392
193.655029 80.831963 2.034829 0.436136
193.655029 80.831963 2.034829 -2.606014
193.968445 593.524292 1.785363 -3.802441
194.863037 95.977272 2.248600 -0.355280
194.863037 95.977272 2.248600 -2.003245
196.194366 74.611595 1.845515 0.371685
198.675812 419.825714 2.035537 1.327861
201.308563 123.783974 1.927864 1.200687
200.705231 518.843567 2.087869 1.400433
202.733719 92.933395 1.839378 -2.066110
202.766312 257.029388 2.034590 -0.501697
202.611145 524.673584 2.009534 1.447357
202.611145 524.673584 2.009534 -1.404438
203.851303 218.782059 2.138487 -0.856697
203.851303 218.782059 2.138487 -2.225631
204.022064 250.460434 2.066828 -0.554701
206.919052 189.721634 2.022034 -4.249965
208.083740 21.192856 2.006299 0.415543
207.937225 368.263672 2.091393 -3.113530
209.896530 108.123276 2.206083 -2.130669
211.119415 126.743202 2.175713 -2.620032
212.494308 337.381134 2.200060 -0.798032
212.445496 550.737183 1.990663 0.703796
211.940353 602.035583 1.953249 0.323090
211.940353 602.035583 1.953249 -2.179981
213.695053 89.745689 2.006435 -1.729244
212.809357 345.451385 2.150355 -0.743451
212.809357 345.451385 2.150355 -4.367202
214.075226 178.935013 1.901117 -1.425371
214.449829 459.293823 1.977936 -4.641554
215.895340 311.747711 1.883486 -0.408474
215.934280 393.272461 1.996262 -0.558549
217.701981 296.319946 1.985167 -0.455697
218.301834 305.300171 2.161584 -0.132310
219.408768 620.820007 1.922128 -1.586015
219.408768 620.820007 1.922128 -2.527100
221.037018 246.343002 2.039917 0.100248
221.946945 204.044495 1.842985 -3.561025
225.538101 288.512512 2.189393 -0.135620
225.538101 288.512512 2.189393 -4.375161
225.751541 24.154732 1.947202 -2.026487
230.172180 97.770790 1.851938 -1.934892
231.147034 290.915375 1.908117 -3.987838
233.450272 40.874611 2.133849 -1.240299
233.004623 492.489441 2.241655 1.536658
233.004623 492.489441 2.241655 -1.476011
234.627563 158.277313 2.350751 -4.609229
233.800079 282.154388 2.042130 -0.592798
237.217865 289.689301 2.073294 -1.442651
237.217865 289.689301 2.073294 -3.730004
239.555359 446.765778 1.755820 -1.279402
241.227737 256.078705 1.872159 -1.156648
242.127655 321.894623 2.096017 -0.443646
242.879044 367.856689 2.202786 -2.297300
242.879044 367.856689 2.202786 -3.702666
244.148895 97.712021 1.955126 1.070768
245.349960 102.858696 2.022089 1.082954
246.357712 499.629089 1.997438 -1.342609
247.099335 621.762085 1.910565 -1.685317
249.031265 57.028008 1.919998 -2.168858
249.434052 230.125748 1.967551 0.505605
249.504089 627.807617 1.836416 -1.670595
249.979538 294.930450 2.001904 -0.796226
252.096649 442.481415 2.058937 -1.477340
253.017685 140.220581 2.107276 -4.427731
254.002045 581.693726 2.169780 -1.410467
259.302734 616.144470 1.961168 1.314508
259.302734 616.144470 1.961168 -1.499171
259.723511 470.468353 2.007514 -3.612797
261.082336 408.255127 2.090214 -0.910268
261.377899 94.448227 2.091623 0.765696
263.132538 197.675446 2.241070 -4.258416
263.811218 465.755676 1.936741 -1.794943
264.798035 503.325226 2.136811 -1.731182
266.411530 330.960388 2.084639 -2.487902
266.973999 384.731201 1.933299 -1.956127
269.003632 269.586517 2.073093 -1.579183
269.003632 269.586517 2.073093 -3.680920
269.573883 443.419342 2.007346 -1.639422
269.783966 552.189392 1.986301 -1.247218
271.079529 323.304382 2.124359 -1.325404
270.594727 358.181122 1.910507 -0.904201
276.709595 370.924866 1.899467 -1.540232
276.709595 370.924866 1.899467 -4.428478
281.233032 236.478958 2.008281 -0.907781
281.869598 60.886162 1.926438 -2.124230
283.476929 108.848228 2.116512 -0.005613
284.509064 337.683319 1.862657 -0.304111
287.771881 54.136162 2.130316 -2.193888
287.460297 609.065308 1.858795 1.561499
287.460297 609.065308 1.858795 -1.596945
288.867249 238.078003 2.025950 -1.227950
288.867249 238.078003 2.025950 -4.313364
289.293427 602.737183 1.941054 -1.567033
290.295898 213.684021 2.109235 1.362738
290.295898 213.684021 2.109235 -0.827309
290.118439 390.077454 2.029794 1.435234
290.118439 390.077454 2.029794 -1.796196
291.104492 24.872549 2.049810 -1.264236
293.635132 357.798126 2.018918 -3.123398
295.772491 499.287415 1.994198 -1.371051
298.197876 527.809448 1.902097 -1.583597
299.123901 399.818390 2.096096 -3.726084
298.639984 535.055603 1.840263 -0.122318
300.539093 434.208954 1.796271 -1.278643
300.539093 434.208954 1.796271 -4.643388
301.649536 52.643127 2.131031 -1.936888
302.963379 291.049072 2.027405 -0.889859
305.744873 322.873260 2.034115 -0.798661
310.143890 207.674561 2.017056 -3.920734
310.822388 274.060059 2.094841 -0.388677
313.902771 318.070221 2.079474 -2.637405
314.236450 499.191803 2.135556 -1.658577
315.159576 601.511658 2.015575 -1.528004
316.161194 445.684784 1.784969 -1.661167
319.538788 331.401245 1.968952 -2.099398
322.234833 68.517387 2.294088 0.546948
321.797302 412.930878 2.133745 -0.005172
321.797302 412.930878 2.133745 -1.975979
325.174652 586.768860 1.881522 -0.291305
325.174652 586.768860 1.881522 -3.687068
326.128540 546.466980 2.263353 0.998375
327.329041 487.457001 1.751542 -4.491449
328.179657 6.266940 1.931476 -3.933799
329.616913 15.818309 1.950932 1.017379
329.250031 273.816132 1.806188 1.509114
328.613708 334.245758 1.748808 -0.270333
330.005554 252.032440 2.109035 -1.837598
331.107758 607.964172 1.926621 -3.924186
334.065186 561.281555 1.975348 -3.178684
335.022247 408.439606 2.200269 -3.146036
336.514832 309.089478 2.298057 -0.058840
340.054749 58.049694 1.965286 -4.267297
340.185486 272.791351 2.090897 -2.920968
340.214142 577.640503 2.119236 -1.430729
341.044098 280.789734 1.933818 -2.870886
341.015137 519.780090 2.138265 -1.852123
341.403595 633.724487 1.953686 -4.336966
342.290009 322.921051 2.104059 -1.826077
342.969177 507.888458 2.345305 -4.421895
344.317474 613.941895 1.898190 -4.361898
344.630188 228.991470 1.888668 -1.943497
346.375671 365.256500 2.160864 -3.485868
349.366547 330.707001 2.003322 -2.434466
350.061584 230.224365 2.096028 -1.891451
350.920471 247.502258 1.944208 -1.593220
351.166718 443.663574 1.873162 -1.404695
352.001556 392.937164 2.052568 -2.516133
352.563904 434.872620 1.842752 -1.419640
352.563904 434.872620 1.842752 -4.618470
356.452881 134.110718 1.881151 -2.125296
365.118408 522.768616 2.279544 -1.364113
365.118408 522.768616 2.279544 -4.321751
364.633484 546.942993 1.935732 -1.854590
364.633484 546.942993 1.935732 -4.361929
372.791016 623.568665 2.145870 -1.181511
373.528900 515.944763 2.091725 -1.234969
376.494934 9.479729 1.927869 -3.645664
378.317841 235.195877 1.862840 -3.006998
378.761841 332.993561 1.926373 -1.618319
382.239777 69.429939 2.094109 1.332136
382.585846 69.454887 2.122722 1.347515
387.955811 387.065430 2.055845 1.309399
392.244202 203.833878 1.998070 -2.035845
391.762756 226.080048 2.195387 -2.209016
391.992767 312.021576 2.076755 -2.479530
391.782562 333.264069 2.001137 -1.977381
391.782562 333.264069 2.001137 -2.895147
397.725464 210.962753 2.204978 -3.037652
398.349426 568.293396 1.837316 -4.496377
398.849487 200.174179 1.895293 -3.424656
400.784180 344.744019 2.097040 -2.644478
401.316833 564.129883 1.772319 -4.455277
401.737579 19.072847 2.095590 -4.239800
402.254456 44.193638 1.813410 -3.896182
401.605042 421.106598 2.074506 -0.899393
404.537384 107.605171 2.097538 -1.887983
403.782074 209.529190 2.017500 -2.977486
405.269073 13.583195 2.329025 -0.859282
404.650177 363.169250 1.894875 0.622778
405.404999 38.500957 2.561366 -3.548275
407.608398 78.437637 2.171636 -1.109780
407.713715 28.715748 2.080123 -3.873710
409.104065 23.315220 1.838388 -0.662115
409.104065 23.315220 1.838388 -4.022857
408.930878 149.916626 1.941754 1.331896
408.930878 149.916626 1.941754 -0.922614
408.515839 408.385010 2.048697 1.335001
410.316162 366.196655 2.105681 -3.393578
411.166168 198.923447 2.075059 -3.687537
411.686554 245.369095 2.199427 -2.811691
412.679382 421.666443 1.973823 -1.599722
416.406342 192.693436 2.053190 -2.779684
416.406342 192.693436 2.053190 -3.687006
417.712799 310.864838 2.170949 -2.415359
419.044342 358.289734 1.879876 -3.864625
419.095734 386.810547 1.848890 -0.825799
419.095734 386.810547 1.848890 -3.455684
423.137238 146.948196 1.933507 -1.768359
422.956543 498.468262 2.008241 -1.570893
422.956543 498.468262 2.008241 -4.293772
424.398529 269.951019 2.082278 -1.854045
426.164886 513.444885 2.368301 -1.940816
426.164886 513.444885 2.368301 -4.093234
430.255493 6.518452 2.176173 0.506799
430.255493 6.518452 2.176173 -2.573283
430.780487 210.878616 2.254686 -2.496906
431.186523 291.348938 2.211309 -1.470954
432.470032 357.282867 2.141172 -0.216493
434.600983 77.005287 1.785855 -0.196473
434.600983 77.005287 1.785855 -3.856902
435.828217 379.198700 2.118730 -3.515223
436.720581 107.278618 2.077999 0.921308
437.580109 181.816559 2.027944 -1.804636
437.580109 181.816559 2.027944 -3.937472
437.944702 626.519226 2.240880 -4.620450
440.877228 409.159576 2.199244 -4.169625
440.229034 501.409027 1.799366 -1.834357
443.179779 383.341980 1.966963 -2.661365
443.913666 454.179047 2.126907 -1.768555
445.643188 45.517357 2.220045 -0.791215
446.022156 405.399384 1.805555 -4.099579
447.219421 323.020081 1.886539 -0.816423
447.303925 560.172363 1.963259 -4.475901
447.672150 385.696503 1.953907 -0.237345
447.672150 385.696503 1.953907 -2.671639
448.964966 410.957581 2.170732 -4.475980
449.841034 99.007057 2.187989 1.016799
451.157410 237.874619 2.092838 -0.567668
452.382080 329.720673 2.216628 1.312762
453.195007 150.311462 2.117060 -2.415384
453.592957 167.485275 1.885125 -1.755238
453.592957 167.485275 1.885125 -4.007141
455.655609 46.475163 2.300498 -1.732450
455.718781 35.988998 2.267348 -4.608401
456.130310 314.854645 2.218343 -3.681666
457.500214 539.630737 2.489059 1.454628
457.759460 129.162003 1.846930 -1.297329
459.329376 60.338661 2.060429 -0.785451
459.047485 410.137238 2.052780 -4.239753
460.259094 478.128815 2.015526 -1.472054
461.571167 183.102264 2.210405 -1.950674
461.571167 183.102264 2.210405 -4.437735
463.036285 155.610641 2.005062 -1.917527
463.036285 155.610641 2.005062 -3.310800
463.036285 155.610641 2.005062 -4.417957
463.357910 353.182617 1.970355 -2.874987
465.106598 48.063614 2.102780 -2.952630
465.582336 136.468292 1.889101 -2.868420
467.497040 108.797424 2.300642 -2.864348
467.497040 108.797424 2.300642 -4.465430
467.511932 552.302185 1.968522 -1.688434
467.511932 552.302185 1.968522 -4.459468
467.696930 323.897156 1.975125 1.123686
468.837830 127.650719 1.935854 -2.860167
469.068085 450.033630 1.792273 -4.291544
468.370483 511.484985 1.693697 -1.572830
469.720856 13.945649 2.029641 0.127519
472.044647 345.271362 2.154933 -0.670709
473.087921 22.612600 1.979386 -1.095364
479.400513 196.712112 2.093024 1.532828
479.400513 196.712112 2.093024 -1.193569
7.041174 85.246201 2.610813 -0.048171
7.289835 194.114182 2.725987 1.355674
6.570708 243.296265 2.442513 -2.242418
7.891590 53.153152 2.388247 0.625190
8.715734 202.925766 2.481692 -0.955057
8.875042 353.025787 2.604198 -0.120776
8.723719 366.655762 2.817564 -3.030104
10.675821 14.482889 2.579854 0.369794
14.831270 268.793701 2.410207 -0.386622
17.167366 96.900711 2.640057 0.691787
18.271580 256.857361 2.686149 0.587924
19.953247 30.245155 2.526814 0.902117
19.953247 30.245155 2.526814 -2.891749
21.032297 207.572327 2.430892 -2.956949
21.032297 207.572327 2.430892 -3.957943
22.429358 116.813240 2.585897 -2.062140
23.262350 35.272465 2.329067 0.831659
23.626814 89.332321 2.740221 0.777955
23.502068 162.857574 2.702913 -0.987387
23.502068 162.857574 2.702913 -4.397898
25.239691 68.651039 2.467310 -1.850878
27.411911 156.014389 2.845551 -1.081577
28.120720 178.927170 2.349368 -1.391223
27.879040 447.158203 2.374239 -4.569809
29.145563 263.771454 2.603045 -3.093518
29.802237 609.775757 2.787787 -1.987517
30.800709 31.765326 2.526296 1.200387
31.008945 83.489586 2.559770 0.931845
33.186108 231.939926 2.630014 1.049243
39.215519 244.202988 2.834150 -1.979833
42.528996 291.604187 2.654928 0.743140
43.236938 334.731934 2.782699 1.294911
43.990334 108.114784 2.600843 0.794648
43.990334 108.114784 2.600843 -2.148637
44.546665 614.845093 2.531112 0.938841
44.546665 614.845093 2.531112 -0.776888
49.139797 539.753357 2.417618 -1.477029
49.951038 299.464142 2.472508 -1.420668
50.267319 421.309845 2.501611 -4.416790
52.541527 207.742737 2.541862 -2.062419
55.104107 536.908630 2.472112 1.362348
55.492073 237.799667 2.806182 -1.683825
55.904205 283.542175 2.470470 1.212619
55.904205 283.542175 2.470470 0.304615
57.375607 204.108047 2.837029 -2.278857
58.611061 409.988831 2.553022 -1.547204
60.495472 436.115692 2.419867 1.555495
60.485508 580.875122 2.358814 1.434971
60.485508 580.875122 2.358814 -1.476789
63.340691 300.938873 2.521338 -1.365829
66.949951 87.903748 2.663181 -2.152571
70.961601 211.487320 2.607635 0.842008
73.950920 466.801666 2.757819 -4.532889
74.856300 178.072632 2.318199 -1.564196
74.912773 314.620026 2.401417 -3.614772
78.531944 68.451073 2.737074 0.438950
79.003838 17.195742 2.457084 -4.039773
79.004105 154.935349 2.850177 -1.150418
81.542648 554.757874 2.348699 1.352652
81.542648 554.757874 2.348699 -1.574819
82.188545 10.085933 2.674856 0.314109
82.188545 10.085933 2.674856 -2.280045
82.188545 10.085933 2.674856 -4.089121
81.993874 398.904633 2.311699 -1.063210
82.965660 465.859833 2.563365 1.342401
82.965660 465.859833 2.563365 -1.439722
82.045998 554.561096 2.377699 1.359967
82.045998 554.561096 2.377699 -1.590056
83.501671 421.091461 2.779325 -4.147259
86.284454 191.182220 2.552724 0.997600
89.655235 527.807068 2.854564 -1.622628
94.946564 345.394470 2.377519 -0.047739
96.002342 8.299404 2.790286 0.818392
95.912209 467.457489 2.758764 -1.320128
97.356560 24.034748 2.446781 -1.927432
97.971741 434.914581 2.315334 1.463142
100.655472 304.976746 2.351273 -1.495936
100.258911 560.036194 2.752172 -2.468939
103.092751 173.202713 2.468354 -1.816715
105.584145 505.764648 2.695021 -2.075921
107.419861 404.032501 2.428375 -0.514074
108.403496 628.533264 2.590303 -1.760938
113.243225 83.958862 2.467503 -4.478230
114.687469 199.099213 3.105584 -2.082127
113.030792 160.440308 2.864473 -1.987744
116.125992 403.146088 2.830461 -2.140386
116.842628 77.311394 2.785104 -2.285500
116.659142 629.836609 2.270640 -0.888634
119.867096 39.905083 2.467602 0.566351
119.867096 39.905083 2.467602 -2.159322
121.218552 162.677872 2.506002 0.918881
121.218552 162.677872 2.506002 -1.930598
125.885864 177.507858 2.540903 1.080682
125.885864 177.507858 2.540903 -2.185965
129.553574 307.647095 2.350144 -1.663591
129.557816 120.825073 2.474767 -0.963821
131.012283 182.815521 2.630052 -2.185937
130.737686 487.109558 2.642602 -2.143578
133.140198 9.512263 2.204259 -2.324935
135.031281 199.816986 2.693361 -4.409672
137.454147 332.326813 2.492197 -0.510296
141.668228 538.763733 2.364984 -1.415571
141.668228 538.763733 2.364984 -4.410713
144.505402 532.022583 2.477725 -4.385084
144.316559 557.379211 2.428531 1.478080
148.124130 158.008606 2.479845 -2.226474
150.010452 474.206848 2.536615 -1.327823
150.474442 481.963623 2.643905 -1.414151
151.238586 183.063278 2.354955 -1.641359
152.891205 100.851181 2.467275 -4.178389
152.959686 304.179108 2.464548 -1.797999
154.163361 540.476135 2.325844 -4.586356
154.335388 310.977081 2.705762 -1.744488
157.593521 211.350174 2.455083 -2.582908
157.593521 211.350174 2.455083 -3.973907
160.660141 217.668579 2.774100 -3.727564
161.153610 472.633118 2.705806 -1.833453
164.088104 355.100616 2.615431 -4.435168
171.743073 281.615265 2.526383 -0.922862
171.743073 281.615265 2.526383 -3.634064
181.048126 149.837418 2.534927 0.745198
183.118576 49.424015 2.579099 -2.435831
185.120926 632.606995 2.404222 -2.632971
185.120926 632.606995 2.404222 -3.861528
186.142120 107.666336 2.505300 -2.310907
185.959641 616.325500 2.420480 -1.614482
188.215820 144.912354 2.595341 1.218313
188.975296 268.402222 2.348978 -0.561210
187.518234 623.766602 2.587754 -1.600153
189.067245 34.371380 2.608148 0.676054
188.812958 391.055389 2.664798 0.073321
190.690308 409.824921 2.736579 -0.872427
191.800751 103.227470 2.212149 1.255614
191.800751 103.227470 2.212149 -1.567144
191.800751 103.227470 2.212149 -2.258644
192.995773 229.610336 2.573895 0.720748
192.995773 229.610336 2.573895 -0.304828
193.955505 57.484600 2.602728 -2.593100
193.768906 376.924133 2.491619 -0.221753
193.768906 376.924133 2.491619 -2.277907
196.894928 361.401764 2.401679 -3.822345
200.078400 61.099762 2.385615 0.743602
200.078400 61.099762 2.385615 -2.607680
209.903320 343.621185 2.435695 -4.462973
210.986984 472.713013 2.686975 -1.550524
212.841293 135.372635 2.789707 0.851551
212.841293 135.372635 2.789707 -1.837407
216.328842 349.264313 2.452787 -0.624327
220.342194 513.050049 2.544408 1.349822
221.637344 446.232330 2.591873 -0.979415
223.130707 264.143677 2.641794 -0.416799
223.982025 106.571793 2.609459 1.013366
227.654312 255.624664 2.828481 -1.330184
227.676208 498.427246 2.658749 -1.420252
228.045227 301.213196 2.283953 -3.697383
232.962952 174.957138 2.421329 0.894309
236.209427 150.617508 2.833421 -1.048697
235.697144 523.213196 2.494904 -1.715163
236.414810 551.196838 2.470263 -1.692636
237.073517 128.654800 2.804804 -1.486195
242.405624 82.149628 2.660753 -1.765982
243.639572 387.513428 2.774070 -3.013652
243.805832 442.200165 2.242604 -1.240794
243.626602 453.698151 2.461369 -1.156213
244.064804 534.459595 2.522629 -1.457030
245.956192 361.224884 2.244024 -3.275421
249.226440 251.327667 2.532999 -4.234630
250.028442 492.768890 2.789699 -1.295760
250.827194 387.436737 2.760308 -3.002549
254.590668 378.095428 2.463548 -0.961233
254.634171 540.776978 2.615278 1.484585
256.235168 128.059235 2.692461 -2.023731
255.618362 152.148376 2.511116 0.828444
256.111023 505.564209 2.378840 -1.454301
257.750305 512.222412 2.442109 0.928100
257.750305 512.222412 2.442109 -0.648138
260.657104 497.535553 3.094448 -1.590510
264.055176 577.562134 2.809238 -1.513775
267.567413 301.751801 2.677127 -1.575828
268.999756 402.797974 2.499136 -1.160639
269.087646 522.761963 2.438022 -1.642684
269.878754 133.544052 2.575922 0.123994
272.130493 214.327332 2.857535 -0.379469
271.023529 627.582947 2.534557 -1.162209
271.192169 121.477997 2.496591 -1.184247
278.830017 320.709167 2.830458 -1.208295
280.245911 266.847229 2.408924 -2.167806
280.359131 500.865906 2.266527 -1.658928
281.538025 372.020721 2.302782 -1.615880
281.538025 372.020721 2.302782 -4.016723
284.966339 569.922363 2.795210 -1.836090
290.396057 383.436646 2.440895 -3.696496
294.469971 187.466827 2.433003 -1.138374
296.121063 492.247620 2.694566 -1.433445
296.121063 492.247620 2.694566 -4.540718
297.449890 120.733315 2.745988 -2.251983
298.330383 67.860794 2.835077 1.403793
300.269257 520.566895 2.792716 -1.600503
307.327972 426.535767 2.729294 -4.543083
309.737946 291.202759 2.322668 -0.799868
309.836487 327.115570 2.567901 -0.908458
310.297089 554.015259 2.446843 -4.610683
313.282776 118.512268 2.598552 -4.081972
312.712524 471.445648 2.534299 -0.826544
312.694916 507.036041 2.449331 -1.618587
316.440643 560.445496 2.574302 1.373419
318.592834 385.516663 2.342175 -0.924635
323.423157 42.904350 2.566903 -2.055941
324.144440 371.795563 2.548366 -0.289906
325.339539 437.124512 2.282915 -4.400545
324.765320 612.296326 2.269919 -1.671508
326.250580 142.463776 2.820468 -2.381994
325.675598 382.714996 2.454215 -0.303940
326.059509 619.502563 2.761688 -1.680942
326.059509 619.502563 2.761688 -4.477892
342.842590 479.105560 2.422009 -1.536931
344.042358 342.966309 2.311421 -2.987073
344.489716 627.805481 2.606065 -4.613680
345.625244 143.235870 2.474349 1.222681
346.012665 449.788818 2.377302 -1.457429
347.885712 273.584381 2.721897 -3.045128
350.259247 11.758912 2.580898 1.212842
350.259247 11.758912 2.580898 -2.386574
350.582825 595.119568 2.766589 -2.282125
353.345337 535.900818 2.757204 -1.392659
353.237549 153.179932 2.842798 1.237358
353.237549 153.179932 2.842798 -2.939745
355.298798 140.720673 2.198147 -4.385143
355.323700 413.447266 2.900393 0.374607
355.323700 413.447266 2.900393 -3.971812
358.651978 346.166870 2.298272 -3.263869
361.684998 529.536743 2.913275 -1.692991
362.211639 591.258728 2.475532 1.354376
365.605225 37.079014 2.620811 -2.923226
366.869659 8.981075 2.772723 -3.580387
367.975281 403.666229 2.621542 -0.755876
376.449768 524.715881 2.571532 -1.270778
377.933899 509.415283 2.624645 1.522022
380.475952 174.135422 2.845771 0.982164
380.475952 174.135422 2.845771 -2.646489
384.988861 365.892242 2.619072 -0.786157
386.423248 268.950897 2.566003 -3.060056
386.393585 349.166565 2.268680 -0.809676
388.459473 394.043579 2.452436 1.204271
389.121674 407.796844 2.432065 -0.405509
389.121674 407.796844 2.432065 -2.721498
391.637726 595.382446 2.568158 -4.344837
393.447327 420.703369 2.613773 1.458103
394.465790 264.774048 2.462362 0.722257
394.465790 264.774048 2.462362 -2.877972
398.616150 274.329590 2.670603 -1.559065
408.555389 552.224426 2.518517 -1.661321
410.696594 290.998230 2.616888 -1.652704
412.316772 170.998367 2.395656 -2.521205
416.464050 324.363586 2.659981 0.818409
416.464050 324.363586 2.659981 0.210631
416.464050 324.363586 2.659981 -3.408566
417.140259 338.096832 2.332294 -0.841176
417.430328 405.347076 2.501982 1.500248
417.721161 23.682823 2.587463 -0.913591
418.622223 239.592743 2.211842 1.338154
419.542084 246.868271 2.438655 1.097866
419.687408 127.828972 2.673980 -3.696597
421.905029 153.832703 2.248517 -4.301949
425.238953 181.412476 2.580995 -1.534863
425.499084 292.928070 2.606516 -2.157570
426.294617 188.593491 2.892543 -1.541981
429.248901 80.246986 2.557610 -2.282953
429.248901 80.246986 2.557610 -3.860720
430.206421 276.491333 2.764139 -1.967446
430.843231 71.086472 2.575650 -0.826283
430.843231 71.086472 2.575650 -3.700242
431.115753 585.921997 2.378340 -1.366610
432.836426 62.554836 2.846404 -1.089087
432.181885 115.534187 2.851332 0.445369
432.181885 115.534187 2.851332 -4.700243
433.132812 337.656006 2.366657 -4.098439
433.632568 416.534973 2.826467 -2.101520
433.632568 416.534973 2.826467 -4.682376
435.481171 310.071899 2.339211 -2.076127
441.021271 516.292908 2.311519 -4.639379
442.135681 80.719131 2.484641 -0.587155
442.135681 80.719131 2.484641 -1.969157
447.382477 390.643646 2.716848 -0.124529
447.382477 390.643646 2.716848 -2.869739
449.146942 120.043953 2.625869 0.598733
449.146942 120.043953 2.625869 -2.029496
449.351746 436.095184 2.484033 -1.672773
449.410370 545.155212 2.412015 -1.425770
448.595093 588.053345 2.533758 -4.678427
452.697266 176.483749 2.417402 -1.497847
457.070312 52.818432 2.496599 -1.576551
458.067566 305.278534 2.566445 -0.066997
458.067566 305.278534 2.566445 -2.194768
458.159485 436.979218 2.649120 -1.528353
458.667542 163.701355 2.351536 -1.667213
458.667542 163.701355 2.351536 -3.784818
459.107635 286.336182 2.593415 0.357357
461.237366 270.965668 2.366638 -2.106109
461.167542 461.510193 2.661964 -1.933512
462.010101 517.617310 2.405983 -4.700509
465.671600 306.614685 2.771806 -0.174957
467.099976 296.654175 2.478239 -0.779559
468.521790 87.143318 2.548514 -3.305337
470.261414 70.264702 2.545531 -1.012592
470.910309 118.788124 2.487439 -4.361716
472.653381 140.699768 2.455677 -2.752974
474.238312 245.914322 2.523811 -4.498664
478.977325 169.266022 2.438901 -2.560105
6.574266 448.286316 3.128440 -4.697431
8.062084 529.099121 2.944343 0.921584
10.671679 124.197815 2.810495 -2.013971
10.245785 157.664444 3.281693 -1.493574
11.456062 60.463634 3.377981 0.303515
13.701823 561.844116 3.329114 1.170103
13.701823 561.844116 3.329114 -1.535974
15.732775 248.021530 3.793499 0.697845
18.266438 137.446548 3.539139 0.725161
18.164951 127.571243 2.958774 0.874171
21.123903 76.269318 2.973959 -1.596795
24.127451 406.090515 3.496673 -3.599892
27.748594 277.490051 3.152065 -0.353988
27.748594 277.490051 3.152065 -2.496273
27.674095 412.233887 3.167722 -3.583633
30.707903 199.267029 2.861185 0.994461
31.308552 119.221069 3.042381 1.188918
31.308552 119.221069 3.042381 -2.170312
35.069397 212.075745 3.041984 -2.035212
35.069397 212.075745 3.041984 -3.028029
38.157188 549.925598 3.000278 -1.582533
40.173725 173.973953 2.950148 -1.845383
40.804420 583.931213 3.124641 0.648632
40.804420 583.931213 3.124641 -1.904604
43.509918 38.706722 3.112377 -3.825623
47.526489 520.046570 2.823343 1.191131
47.526489 520.046570 2.823343 -2.359414
50.152981 607.965515 2.942667 1.118528
55.847771 30.676453 3.473883 -0.022363
55.535618 341.421082 3.009316 -0.041619
63.116646 95.362663 2.969064 1.106647
64.875443 487.801056 2.956940 -1.839435
69.498878 555.637207 2.883040 -1.313261
74.106293 92.338516 3.100341 -1.976287
74.106293 92.338516 3.100341 -4.665212
76.708725 268.181396 3.193247 -3.195116
79.816124 196.428879 3.378729 1.002687
80.747612 130.229584 3.290318 -4.244081
90.649200 527.541138 2.929724 -1.616429
94.064209 100.763062 3.312035 1.148463
94.980568 436.094971 2.882941 1.534430
95.471207 369.513458 2.906574 0.156940
96.951294 443.804504 3.084369 -4.458332
102.425613 204.294601 3.033245 -1.764221
107.385376 26.862993 3.115203 1.018797
107.385376 26.862993 3.115203 -2.103415
106.662704 181.433411 3.410739 0.905548
112.208786 33.840603 3.351982 1.032741
110.898560 102.282120 3.713282 0.197470
110.898560 102.282120 3.713282 -2.445893
114.190445 199.019958 2.876678 -2.039538
119.242989 146.934387 3.304655 -2.289150
123.077065 229.636887 3.192754 -4.459499
123.533371 188.585617 3.180370 -2.413995
124.903915 6.692209 3.379057 -2.085325
127.440269 44.036934 3.249670 0.551175
126.650459 251.027771 3.267974 -1.283467
127.873718 608.661072 3.086024 -1.540384
136.566071 56.573647 3.285440 -0.726215
137.418762 288.519775 3.406720 0.074063
137.418762 288.519775 3.406720 -2.940692
139.937424 369.658569 3.169112 -3.126890
141.827072 309.921295 3.521505 -2.137460
141.827072 309.921295 3.521505 -3.663639
144.260010 141.318375 2.929599 -2.116332
149.832687 519.385742 3.560482 -0.419650
149.832687 519.385742 3.560482 -2.011437
152.172424 164.865463 3.390060 1.144638
152.256714 289.109192 3.207468 -2.976383
157.785919 226.894058 3.386752 -1.313022
157.785919 226.894058 3.386752 -3.528818
158.989700 127.354012 2.921405 -2.214190
160.317917 171.700455 3.085800 1.394985
161.505890 446.479584 3.460454 1.345223
161.505890 446.479584 3.460454 -1.293926
162.589859 365.420715 3.278936 0.640269
162.589859 365.420715 3.278936 -1.632013
162.589859 365.420715 3.278936 -3.706470
165.169418 71.910355 2.947756 -3.748041
171.805466 538.609558 3.211989 -1.830336
175.211838 111.962967 2.954703 0.140551
175.211838 111.962967 2.954703 -0.742192
175.211838 111.962967 2.954703 -2.763051
176.106552 521.341309 3.205837 -1.988897
184.494568 161.534302 3.199728 -0.318763
186.930023 186.170166 3.225148 0.534714
186.930023 186.170166 3.225148 -0.506711
187.343735 505.339813 2.955449 -1.493130
192.849884 238.661163 3.186018 0.556836
192.849884 238.661163 3.186018 -1.006629
194.487671 496.494629 3.328053 1.497268
196.698364 248.057541 3.043267 -0.879272
197.690979 102.932747 2.894746 0.999343
197.605988 470.656311 3.100473 -1.277682
199.045029 169.177872 2.983946 -0.865343
200.237518 42.831322 2.931652 -2.787393
200.143372 136.615326 3.070278 1.376963
203.024689 111.306618 3.200879 0.996150
206.294052 67.720222 3.197219 0.641705
208.232285 44.230892 2.907650 0.563169
208.232285 44.230892 2.907650 -2.766821
208.175674 182.959793 3.335317 -1.349967
208.175674 182.959793 3.335317 -4.247400
209.498734 352.932404 2.983232 -0.783646
211.399475 380.273468 3.530042 0.072809
211.616714 574.560913 3.301794 -1.638004
217.366974 101.017502 3.305181 -2.395963
219.772629 42.493214 3.354781 0.603521
219.956558 305.536835 3.143215 -0.246063
224.089584 506.111237 3.136883 1.519372
224.089584 506.111237 3.136883 -1.420042
224.494049 609.211426 3.058814 -1.611935
224.494049 609.211426 3.058814 -3.191119
223.599869 165.542923 3.580983 -2.415624
230.283920 535.476196 3.019775 1.320203
230.283920 535.476196 3.019775 -1.602561
232.315384 263.798859 3.236675 -1.353788
232.852539 507.973816 3.067491 -4.454319
234.881638 201.624512 3.512378 -4.508656
235.157959 542.918335 3.054578 1.461729
237.402527 331.963135 2.866565 -0.270566
239.424789 558.739441 3.122261 -1.457689
244.348663 526.778992 2.878521 -1.451684
245.867981 568.170776 3.130946 -1.610988
246.978333 473.391937 3.338365 1.333287
252.459976 591.475525 3.461008 -1.428974
254.302765 270.804688 3.024956 -0.888196
260.273468 134.748352 3.152661 -2.020331
263.772797 143.648132 3.036592 1.042172
263.785675 279.270996 2.817516 -0.653348
263.656006 352.774750 3.170582 -0.721036
265.602081 557.787109 2.878139 -1.209881
268.016998 316.520477 2.987557 -1.548170
269.859619 38.705536 3.349089 -2.694801
272.517426 214.573242 2.953677 -0.247641
283.750122 528.540039 2.988668 -1.327571
285.357819 138.396698 3.137058 -4.648651
292.187561 538.933655 3.159200 -4.583127
292.404297 371.532440 3.240240 -2.455923
295.721527 248.114883 3.563417 -1.927563
297.496216 153.011322 3.314324 -4.344128
300.473877 327.923706 3.278595 -1.028833
301.405243 364.132141 2.905916 -2.512180
305.690430 384.179779 3.511256 -3.497277
307.744812 573.377441 3.210105 -1.057707
310.423401 64.210022 3.286818 1.095448
313.952972 409.103729 2.932268 0.163430
326.223907 261.250793 2.898587 -1.852676
328.267303 354.900269 3.333063 -0.988481
327.327393 420.451569 2.958989 -4.603271
336.530670 359.240295 3.194617 -1.033987
336.250427 592.403503 3.375464 -1.347426
337.740662 537.683655 2.951343 1.408308
341.037048 457.640442 3.061533 -1.488632
344.597656 178.621872 2.306763 1.448225
342.032104 420.055847 3.502346 1.512590
357.460541 326.967407 3.136204 -2.457859
357.730011 326.513458 3.087928 -2.466637
362.532227 165.509521 3.459713 1.161702
366.280731 296.556122 3.444532 -2.304893
369.213837 152.614197 3.385840 0.813806
375.179626 550.400269 3.496397 -1.375615
377.205780 540.612976 3.406292 -0.715182
377.205780 540.612976 3.406292 -4.547246
378.588135 179.076645 3.087856 -2.489482
380.257019 341.312866 3.351811 -1.426234
383.495758 102.205986 3.027617 0.670042
383.495758 102.205986 3.027617 -2.686097
389.359741 507.710846 2.958172 -4.471159
390.159454 77.373901 3.213471 -1.995477
390.159454 77.373901 3.213471 -3.911781
391.831573 474.216431 2.975219 -1.710833
393.610352 282.187744 3.008510 -2.891523
394.564575 291.591736 3.620121 -2.049721
395.754486 188.134583 3.520539 -2.003644
396.219788 561.359680 3.689471 -4.522245
395.777008 626.610901 3.339627 -1.814023
399.593811 406.539856 3.034677 1.168772
400.439178 518.841980 2.856991 -1.379107
400.979767 47.905075 3.138926 -3.883008
402.523315 94.226639 3.296457 -3.485182
402.580017 281.962982 3.177879 -1.511095
402.814606 414.135193 2.949293 1.134305
403.796783 383.927765 3.132100 -0.000174
406.774719 189.127991 3.211214 -2.955992
411.567047 141.259567 3.375143 -1.026054
411.565643 78.409607 3.209939 -1.505220
419.206635 7.150069 2.906906 1.154294
420.526215 301.364258 3.189655 -2.405675
424.088104 539.094971 2.863945 0.411431
427.154236 370.980103 3.530652 -3.681417
427.849091 408.765198 2.903495 -3.598667
428.502716 31.684462 3.068611 -0.620548
440.113464 254.539459 3.526639 -3.100035
440.113464 254.539459 3.526639 -4.140596
445.954285 468.810516 3.123092 -1.507281
449.854187 94.738525 3.423742 0.960270
454.079559 24.897909 3.065310 -2.420943
455.157654 148.643417 3.240010 -2.275841
456.880829 526.088196 3.101847 1.480272
460.089203 505.286652 3.235402 -4.320625
462.457672 242.627426 3.008177 -3.182796
462.457672 242.627426 3.008177 -3.937750
465.020386 405.439331 3.143339 -1.374095
465.020386 405.439331 3.143339 -4.104243
465.510132 182.399734 2.940272 -2.289707
465.389404 209.335861 3.065444 0.861585
465.389404 209.335861 3.065444 -2.222523
468.665405 78.457985 2.899508 -1.142506
468.665405 78.457985 2.899508 -4.158897
469.713013 150.972992 2.996635 -2.443124
470.096375 193.342804 3.449691 -4.627228
470.275055 537.020203 2.961843 -1.558368
473.914124 475.207397 3.053301 -1.557936
476.101654 276.019592 3.147027 1.387644
475.413483 388.965515 2.914582 -1.566376
475.413483 388.965515 2.914582 -2.984687
9.362280 27.164305 4.087790 0.537807
9.619279 77.898903 4.110079 0.100276
9.379076 122.797821 3.660500 0.555450
9.379076 122.797821 3.660500 -1.792684
9.041489 168.033249 3.970175 -1.606187
9.041489 168.033249 3.970175 -4.586848
12.011521 195.586426 4.182701 -4.030781
13.605989 459.819794 4.535963 1.279610
15.148153 472.592133 4.459586 -1.411191
17.094318 218.116669 4.046106 -2.343899
16.142960 247.681061 3.779433 0.633849
18.773664 138.519867 4.024168 0.619913
18.773664 138.519867 4.024168 -0.763307
18.618572 362.612823 3.994909 -1.703565
22.209650 426.629486 4.122748 -2.815998
25.600275 16.855137 4.196277 -2.054019
31.085890 487.202515 4.379768 -1.134744
47.919739 185.101730 3.772550 -4.166987
50.918076 481.140808 4.132284 -1.550948
52.007156 227.881424 3.963223 1.131335
53.994961 112.073273 3.898334 0.667983
59.907967 383.764587 3.795238 -1.394965
60.652462 211.098099 3.816409 1.031984
64.601517 247.155899 3.834989 0.833457
65.795212 589.907410 3.851665 -2.016435
69.737183 103.563103 4.146811 1.405814
72.104393 236.505768 4.491006 0.695476
73.241432 488.156342 4.277921 -1.762177
76.098221 44.531837 4.135604 1.082795
80.575600 131.476044 3.846188 -4.231533
81.817451 224.342972 4.180200 1.061853
81.917831 465.066956 4.230080 -1.352527
85.978722 51.654041 4.638015 1.170524
87.325768 543.275391 4.187349 1.323839
93.022034 488.611969 3.579310 -1.574706
97.252083 399.786499 4.075512 -0.632701
103.822144 118.867989 4.259725 -0.932540
102.412743 163.166641 3.916042 -1.666130
104.299774 266.950104 4.612875 -3.045068
106.433121 136.013184 3.906500 -2.390603
106.433121 136.013184 3.906500 -3.722005
107.376930 421.782562 3.944599 0.291810
108.898636 191.565781 3.987293 0.880588
109.941803 482.613098 4.409466 -1.497891
110.564766 49.328625 3.811135 1.138571
110.564766 49.328625 3.811135 -4.057693
111.084602 469.504547 4.161928 -1.654845
113.149986 494.333862 3.991694 -1.618766
121.509239 17.567629 3.787964 1.074202
121.304947 577.546509 3.711010 -1.715168
125.843369 26.927662 3.937168 1.076776
127.877060 64.783928 4.479315 -1.574090
128.194733 371.011414 4.392986 -4.214983
128.426834 241.495102 4.268688 -4.426709
138.406097 145.326248 4.003910 -2.121068
150.924545 57.870289 4.084700 -2.090947
152.093964 392.974792 4.402000 -2.648274
154.759552 114.830444 3.787067 -2.450676
157.060608 24.646875 3.993321 0.800129
157.060608 24.646875 3.993321 -3.754494
158.513916 7.857453 4.003972 -2.846804
159.095123 296.639374 3.884419 -2.912646
161.374435 263.908325 4.488591 -3.045911
175.688950 367.542206 3.854652 -3.160461
183.119019 98.856255 3.301578 -0.470471
183.119019 98.856255 3.301578 -2.137530
180.908218 529.481934 3.838595 -2.017597
184.027435 24.605141 3.757083 0.790326
221.600693 226.684372 4.027992 -3.923983
219.822113 432.991913 3.627369 1.526606
229.461288 57.296520 3.786189 -0.688001
236.708801 126.862885 3.760282 -1.327041
239.018494 323.862366 3.857290 -0.651515
240.414581 399.057159 3.828409 -1.628416
240.819427 507.981293 3.854805 -1.403608
240.819427 507.981293 3.854805 -4.277069
244.212997 143.332520 3.918330 -1.358691
250.202118 611.405701 3.704174 -0.885022
258.815369 181.325638 4.402147 -1.486699
258.624237 424.470764 3.950146 1.273056
265.504822 93.798477 4.103837 1.089720
264.262604 298.357239 4.614127 -1.627095
269.562042 252.997437 3.819202 -0.051502
270.927551 177.646500 3.562610 -0.438887
270.927551 177.646500 3.562610 -3.208563
272.264557 514.655396 3.692995 -1.266543
276.670074 154.671188 4.471039 -4.641014
277.051880 201.961090 3.851207 0.862599
279.003632 416.939240 3.994921 1.020270
283.457520 170.583450 4.407782 -0.479199
283.593689 491.721527 3.994834 -1.677440
284.879028 213.761307 3.910001 1.222345
285.704010 250.789871 4.353741 -1.826434
293.649628 398.440155 4.318897 -3.648689
294.516632 511.692841 3.417671 -1.714296
298.965698 482.809113 3.790072 -4.541489
318.956360 515.105957 3.945244 -1.711686
320.988129 396.956451 3.905467 1.191729
327.877319 475.644592 3.568762 -1.588321
336.466980 573.566528 3.484949 -1.616129
345.869446 388.880646 3.704521 -2.382011
368.575134 419.235229 4.459149 1.486732
369.574310 625.167175 3.640186 -1.300954
374.673492 614.806091 4.283631 -1.285547
376.986450 399.008911 3.849127 1.083259
376.986450 399.008911 3.849127 -0.737606
378.462982 569.599792 4.014848 1.389593
378.462982 569.599792 4.014848 -1.602068
382.521301 275.317200 4.269623 -2.822682
386.801270 384.672546 4.462029 1.139777
396.397461 561.336670 3.641732 -4.523149
402.937286 316.122772 3.605686 -2.793148
408.210205 469.532898 3.961065 -1.619155
410.376984 596.090027 4.191506 -1.823830
413.702820 94.717896 4.403732 -3.646664
413.162415 523.365112 4.504260 -1.454118
412.714722 141.636505 3.541803 -1.123141
414.039337 630.445435 3.574249 0.795449
417.386047 43.146061 4.118421 -4.527046
432.004120 468.921600 3.787538 -1.661140
431.940216 629.443726 3.704765 -1.098394
437.349915 132.865143 3.664210 -1.200186
436.606842 570.946289 3.631385 -1.922569
438.066772 524.492371 3.636177 -4.707563
444.005676 295.725952 3.825677 -2.113356
446.266327 363.957001 4.284463 -0.204839
450.031647 94.957794 3.316897 1.083241
448.191650 109.550430 4.200445 1.083734
456.152283 264.840271 3.879062 -1.916938
464.067963 28.001112 3.842395 -2.420856
471.134705 234.443192 4.054317 -3.506596
472.552185 320.742126 3.983336 1.063733
472.552185 320.742126 3.983336 -1.197389
15.239292 303.185150 5.584129 0.777940
39.585728 279.712585 5.515974 0.694730
51.193676 61.434650 4.747298 0.880881
51.193676 61.434650 4.747298 -2.551526
49.862206 628.235046 4.966249 1.133130
49.862206 628.235046 4.966249 -0.859540
61.040077 426.894714 5.032541 1.531015
66.952042 263.633881 5.589405 0.453500
72.244957 628.377502 5.315648 -2.812048
76.681000 211.507523 4.833982 1.001197
86.800812 146.708435 4.756189 -1.549476
87.288101 315.978668 5.134423 -1.344597
89.105774 632.128052 4.569105 -2.752003
117.104706 355.315186 4.667050 -3.232734
130.239899 320.048309 5.297441 -1.579223
131.399673 300.458801 3.990822 -2.479770
144.486435 232.940125 5.788872 -1.253089
144.486435 232.940125 5.788872 -4.040610
151.299652 356.209259 4.743669 -2.604034
158.925858 434.330566 4.734453 1.495447
176.636810 458.830597 4.699273 -0.933658
176.636810 458.830597 4.699273 -4.667324
189.139740 173.246307 5.314179 -0.610630
194.145294 452.595551 5.577466 1.443786
202.854187 85.487259 4.821761 -1.817957
211.522888 483.415710 4.654483 -1.530680
214.018860 320.709351 4.784706 -0.450564
220.482422 268.911163 5.394472 -0.564452
227.721130 208.975388 4.466201 -3.777435
233.258392 353.802734 5.316650 -0.396088
237.384415 34.738667 5.333795 0.618563
252.233261 107.477562 4.957036 0.844391
253.709763 266.358917 5.248375 -0.836784
259.988556 16.284340 5.244722 1.057514
274.106323 393.720001 4.754820 -1.096801
302.023926 231.397903 4.719487 -4.563491
302.032562 182.024033 5.235175 -0.629311
302.032562 182.024033 5.235175 -4.589304
308.133728 270.767181 4.842597 -1.532076
308.241302 418.096588 4.963260 -4.403811
315.291168 495.993164 4.755950 -1.527206
315.291168 495.993164 4.755950 -4.172905
324.842773 569.806763 4.830076 -1.454295
346.181122 558.737854 5.439900 -1.884127
346.181122 558.737854 5.439900 -4.245490
355.155304 574.047852 4.709429 -1.758296
355.155304 574.047852 4.709429 -4.424837
356.071777 359.855042 4.789163 -2.679037
363.299347 6.397717 4.754881 -3.525126
364.304108 559.741333 5.358649 -1.722292
364.304108 559.741333 5.358649 -4.568621
372.484985 372.486847 4.791002 -0.960056
381.217316 84.217712 5.381460 -2.747243
380.044739 280.025238 5.484339 -2.394283
383.968445 454.410431 5.116454 -1.527142
393.893982 243.844467 4.895448 -2.758248
394.474884 13.276139 4.800328 -4.117536
399.811310 304.368896 4.438297 -2.188030
398.820496 531.352600 5.153695 -1.406961
402.544647 255.583725 4.565743 -2.718323
405.553284 270.819031 5.207233 1.492119
405.553284 270.819031 5.207233 -1.864367
417.618896 14.107936 4.990784 1.123554
417.215607 560.838684 5.610640 -4.650429
420.358276 235.914108 5.712461 1.299496
420.358276 235.914108 5.712461 -2.292432
420.358276 235.914108 5.712461 -3.163466
422.850647 297.429626 4.864676 -2.217366
427.334045 335.112091 5.367153 -3.882030
428.470947 169.565475 5.193601 -3.450907
429.454956 175.922989 5.372834 -3.286524
434.322662 30.835827 5.153114 -1.186616
439.596039 327.549164 5.106991 -3.957057
440.443787 501.456635 4.666153 -1.729736
440.443787 501.456635 4.666153 -4.156490
445.596802 72.274078 5.968489 -3.888704
447.437531 192.181320 4.946089 -2.912206
452.604248 252.735657 4.812219 -0.751192
475.232330 587.952454 4.772397 -1.660155
25.091646 11.758696 6.438498 0.352042
25.674391 107.317406 6.176738 0.596025
25.660851 258.169708 7.000461 0.450785
26.574690 82.862495 6.646341 0.771837
26.943279 536.825317 6.843924 -1.468443
28.882624 228.980499 6.352170 0.781005
30.180208 291.668488 5.741097 0.788821
41.875931 196.807144 5.792739 -4.062831
54.517231 463.717072 6.878774 -0.842593
57.238194 539.636658 6.471716 -1.456343
62.665249 32.356529 6.240857 -2.238148
66.275017 353.445587 5.998219 -0.285284
66.275017 353.445587 5.998219 -2.971567
82.517578 140.931168 7.327848 -1.615362
87.159554 263.237488 6.578696 -0.068287
87.159554 263.237488 6.578696 -3.237727
90.064186 37.200344 6.921422 1.137869
89.379311 555.200806 6.338882 -1.274381
102.810150 291.441406 6.631076 -3.722443
102.108543 456.187927 5.867271 -4.391218
119.378410 279.924988 7.240280 0.063185
119.378410 279.924988 7.240280 -3.210458
119.393402 334.324921 6.039230 -2.658625
126.192657 225.553635 6.530863 -4.443789
138.648743 347.281189 5.736879 -2.530973
178.333908 43.881214 5.978181 -1.606877
187.680328 154.900085 6.827936 -0.555285
211.108475 167.169205 7.051261 -1.231751
217.839676 420.947662 6.641324 1.551822
240.858994 421.209503 6.643699 1.395571
243.441559 94.935448 6.893382 0.883456
244.965683 175.786972 7.235744 1.362277
244.965683 175.786972 7.235744 -1.151171
257.099701 314.956696 6.480905 -1.698875
267.604919 330.496460 6.370444 -1.650543
279.822632 227.016312 5.833865 0.826546
283.588104 533.883362 6.621956 1.492019
283.588104 533.883362 6.621956 -1.463472
295.840149 574.234680 6.034582 -1.288247
297.337524 554.594299 6.406688 -1.273010
297.337524 554.594299 6.406688 -4.361615
311.314514 324.712982 5.770429 -1.249609
314.599579 134.859070 6.164417 -2.178100
335.565186 342.640839 6.699227 -0.948388
344.848236 256.808899 6.778026 -1.888524
349.320618 317.580322 6.343301 -2.477092
347.507751 558.993591 5.714172 -2.035255
347.507751 558.993591 5.714172 -4.138475
355.032135 336.450378 6.178186 -2.539968
363.584106 385.264954 6.589226 -2.602038
367.780945 310.296844 5.970661 -2.406786
382.664246 399.957672 6.232836 0.794939
382.664246 399.957672 6.232836 -0.473967
391.237427 27.886276 6.261728 -3.934697
399.260498 349.934296 7.092683 -3.365758
410.690155 577.965271 6.724445 -2.026276
414.486511 432.606781 5.918880 -1.623128
434.149902 212.286713 6.516311 -2.436551
450.830872 456.564453 6.794414 -1.633502
454.645660 283.939514 6.247149 -1.651317
462.397400 125.553162 6.581106 -2.942972
462.397400 125.553162 6.581106 -3.604404
473.720459 531.969055 7.351821 1.473158
473.720459 531.969055 7.351821 -1.491336
21.973793 345.056458 7.332253 -2.675372
28.761213 56.159618 8.763492 -2.286118
40.810104 498.844452 8.545249 -1.220092
44.035427 330.044159 8.070274 -0.535155
44.035427 330.044159 8.070274 -2.677458
48.093506 261.537903 7.962450 0.510592
84.834396 334.017883 7.782276 -0.580925
84.834396 334.017883 7.782276 -2.619449
85.572472 537.521912 7.483738 -1.827473
89.135536 37.055454 7.260944 1.100300
89.712524 557.121033 7.375702 -1.344858
92.004242 408.720825 8.968472 -0.569423
105.949020 239.506989 8.016108 -4.569922
119.530800 278.408539 7.619326 0.027699
119.530800 278.408539 7.619326 -3.218485
139.601181 286.662506 8.190075 -2.852580
141.399750 255.503006 8.177460 -3.177496
148.878525 522.908569 7.463928 -1.335109
176.974030 173.781723 7.377468 -0.313986
190.440323 416.802185 8.134605 -4.689137
213.979492 537.559753 7.523298 -1.097247
237.217545 381.985168 7.651312 -0.419690
239.620209 464.947266 7.509003 -1.327134
257.430908 312.902588 8.572596 -1.575675
265.722626 613.259155 7.113555 -1.202536
274.272919 468.711426 9.160459 -1.485351
313.432190 537.312439 8.641353 -1.579387
331.440430 62.587368 7.997792 0.547453
370.755920 609.196045 7.714054 -1.906041
405.338531 127.843674 8.398205 -1.740675
405.338531 127.843674 8.398205 -3.548720
410.985626 378.998749 7.672718 -3.571270
411.397003 69.506706 8.345837 -3.132875
419.015839 453.725311 8.439894 -1.676552
71.223221 443.249420 10.695458 1.348348
90.465919 63.072300 10.587948 1.023254
108.228828 383.203186 11.549026 -0.452761
174.710098 205.519226 10.084267 -0.136046
200.668045 207.476608 9.602907 -0.118635
268.368317 492.057709 9.545241 -1.408840
306.531647 80.262589 9.717737 0.590195
309.253235 27.451323 10.183290 -1.365430
351.135773 439.283142 11.481338 1.562921
441.313599 390.912354 10.144466 -3.717886
44.048447 142.815781 13.480306 -1.317854
141.634979 44.642006 12.030879 1.160468
139.903275 110.005035 12.961514 -2.212021
178.696533 121.860680 15.518683 -2.344379
281.710327 528.129456 11.601576 -1.513731
290.185699 433.818176 12.502113 1.217710
290.185699 433.818176 12.502113 -4.571491
355.700806 410.540009 10.803328 1.509367
405.045319 481.983246 12.983757 -1.694969
429.083160 97.336624 12.135551 -3.201185
111.863922 310.358643 17.591440 -2.759326
155.245316 409.231781 16.138386 -2.704214
179.658875 117.480835 13.770928 -2.302871
210.581497 225.721619 15.619045 -0.393037
248.398590 45.314957 14.904881 -0.075951
248.398590 45.314957 14.904881 -1.443272
308.577240 360.959869 15.724555 -1.470326
422.880066 224.947708 15.753007 -2.863666
65.861588 190.376083 21.353785 -1.462235
125.382820 505.967438 18.969866 -1.620100
159.861252 153.242477 19.110952 0.034443
159.861252 153.242477 19.110952 -2.020318
200.199036 456.391052 19.326672 1.414644
52.967648 390.692566 24.554796 -1.342570
183.310883 282.028503 23.845814 -0.622322
426.368683 314.659058 28.577929 -2.326595
87.707718 298.263641 36.001942 -1.371213
87.707718 298.263641 36.001942 -2.507526
323.917603 382.977386 31.099514 -1.643515
