5.279608 590.200928 1.865620 0.485213
5.279608 590.200928 1.865620 -0.551308
5.279608 590.200928 1.865620 -4.275090
7.137677 403.753754 1.937075 -1.283727
10.507577 523.813965 2.223656 1.545194
11.229962 220.448776 1.709298 0.245486
11.418089 456.526337 2.365452 0.064967
14.886273 347.615265 2.100704 0.000138
16.554760 207.189468 1.711813 0.282912
16.692411 319.030060 2.119924 0.552811
20.688318 305.809662 1.958375 -3.938463
22.764801 258.212189 1.903201 1.452830
22.769173 319.199463 2.126579 -3.495611
24.604050 586.805359 2.097379 0.640587
28.424570 536.991333 1.911902 -1.605952
28.424570 536.991333 1.911902 -4.500671
27.727253 597.953857 2.227128 0.844936
27.727253 597.953857 2.227128 -1.367747
28.502575 184.286041 2.480549 -4.474314
30.405146 51.686069 1.725686 -4.631546
41.532810 151.260406 1.846297 -2.163349
41.532810 151.260406 1.846297 -4.417338
41.217361 164.986603 1.909212 1.411157
41.236526 594.190308 2.094719 0.504803
41.236526 594.190308 2.094719 -2.074466
41.732765 137.178772 2.136002 -3.157966
47.023621 286.181854 2.109257 -1.526625
48.031731 150.258133 2.060093 -3.991259
53.444443 235.610703 2.314943 -3.413563
54.489845 624.891907 1.938689 -1.020650
55.792965 143.464264 2.100722 -1.404183
55.822659 483.840851 1.912268 -0.253181
59.006046 76.243645 2.178085 0.276291
59.006046 76.243645 2.178085 -1.322494
59.049713 432.741516 1.895305 -0.043932
59.512352 41.245834 1.926901 1.086724
59.589672 468.362213 2.325911 0.108326
60.948059 570.490234 1.818710 -0.544147
64.667191 144.759277 2.133010 -0.822706
67.674065 400.646881 1.898750 -3.058131
72.991737 46.878616 2.002828 -1.083290
84.372871 426.960266 2.120191 0.360763
84.372871 426.960266 2.120191 -3.479107
84.774979 574.203735 2.155225 -0.179362
86.725266 32.641731 1.954383 -0.383003
89.980827 431.459717 2.025756 -3.207681
90.458839 237.891129 1.861604 -4.687333
92.051506 149.966980 2.204030 -3.075821
95.501503 588.079041 1.892681 -1.395691
106.654709 40.196152 1.951322 -0.639815
108.984802 252.298965 1.992637 -3.430287
111.446220 146.449066 2.198064 -4.670768
113.370850 36.248943 2.184526 -1.370621
114.055008 177.377380 1.605442 -1.515627
117.703316 208.187805 1.868974 -1.469908
117.510094 479.726440 2.425081 -3.006409
119.732414 367.024078 2.198539 -1.451043
123.028908 61.919609 2.009468 0.845257
123.270844 166.590576 2.300134 0.645721
124.132172 574.382751 1.931294 -1.634919
124.976524 67.588318 2.205177 0.726423
125.862541 238.786209 2.128818 1.469963
128.391632 23.637945 1.781945 -1.601961
129.292450 462.357178 2.068191 -1.344499
130.330246 311.628937 2.012284 0.409545
130.330246 311.628937 2.012284 -3.474660
130.430801 573.860474 1.810412 -1.380281
130.572098 423.812103 2.252306 -1.848039
132.350540 619.299133 1.935240 -0.968169
139.192413 105.428986 2.015075 -1.653688
138.871094 428.096558 1.906312 -1.660670
142.022247 59.370644 1.794738 -4.530632
147.429733 625.936768 1.824678 -1.967334
148.659164 383.309662 2.276017 0.806725
148.659164 383.309662 2.276017 -1.272541
148.811829 612.748108 2.049373 -1.943716
149.557617 469.642578 1.890260 -2.479351
150.986511 559.977173 2.152494 1.112793
150.986511 559.977173 2.152494 0.086495
152.243271 25.169531 1.892933 0.208324
152.243271 25.169531 1.892933 -3.885637
152.994400 43.076302 1.946982 -3.218474
152.665192 486.401947 1.971450 0.459554
154.442749 341.354156 2.094054 1.487570
156.447754 520.235657 1.961586 -0.257969
158.033142 22.263073 2.189742 -0.281845
158.263855 288.628967 2.428060 -1.547847
158.977798 459.032898 2.036412 -3.099074
164.140335 43.981754 1.803106 -1.739094
164.640686 527.115906 1.929531 1.529549
165.459259 594.740479 2.025352 -1.202746
166.978516 150.807266 2.162486 0.217547
167.973068 550.187744 2.095529 1.349239
168.363251 610.344910 1.967214 -1.143775
170.652390 341.229767 2.246160 1.552445
172.381226 228.185165 1.848237 1.250250
173.272079 150.667160 2.054255 1.477747
173.272079 150.667160 2.054255 -1.498214
173.272079 150.667160 2.054255 -3.082052
174.182175 10.176322 2.076921 -1.401655
174.828445 289.614227 2.397637 -1.494283
174.003830 414.008606 1.844250 1.388842
174.003830 414.008606 1.844250 -1.248455
178.637589 592.833679 1.855498 -1.465327
181.229355 61.950943 1.798435 -4.607134
183.417969 39.154350 1.918888 0.280432
183.456390 465.553253 2.113287 0.004726
186.534576 311.002014 2.471708 -4.544815
186.700928 565.888062 2.178868 -1.242372
188.434158 35.916039 1.993552 -3.255001
187.870468 289.811310 2.313696 -1.580438
189.051392 43.693111 2.045326 -1.334091
190.011536 431.349854 2.122776 -0.067613
190.254395 571.293640 1.759708 -1.434101
192.061569 556.909058 2.105201 0.868966
192.515030 341.320892 1.942289 1.499440
195.020996 290.046570 2.215791 -1.581924
195.751083 310.474182 2.268928 -4.607536
195.423294 414.497437 1.885010 -1.890653
194.741013 436.303467 1.822934 -4.054617
199.883835 272.807587 1.816421 -2.685363
206.836334 374.883942 1.976550 -4.351078
210.171951 316.089294 1.802407 -4.442984
211.287277 43.370487 2.011120 0.315466
210.508316 420.325409 1.960664 -1.529056
213.010818 179.993057 1.830766 -1.843096
213.010818 179.993057 1.830766 -3.125233
213.080688 342.065155 1.864876 -4.490501
215.318909 35.988342 1.873483 -4.693435
215.505493 463.866486 2.178297 0.029503
218.901978 159.944717 2.192047 -3.236538
218.779297 180.697189 2.054640 -0.118568
218.779297 180.697189 2.054640 -3.070514
218.927597 225.113571 1.988503 -2.340296
218.927597 225.113571 1.988503 -3.880222
220.787445 242.476776 2.299290 -4.563210
223.635834 126.268631 2.211980 -0.069249
225.561996 42.029507 1.816926 -3.940283
230.378387 114.244301 2.147435 -3.686934
230.435272 212.949402 1.931269 0.086951
230.565125 395.977753 2.072632 -0.188574
232.263016 478.920715 2.097520 -3.183087
231.568069 505.410065 2.137880 -3.137078
236.448532 417.837402 1.724577 0.131159
236.931091 492.228882 2.023880 -3.532693
240.024399 423.919281 1.943333 0.061384
240.024399 423.919281 1.943333 -3.195705
239.915848 466.807739 2.037308 -1.666966
240.320480 573.871033 2.249967 -1.479315
242.417206 347.871979 2.131039 -3.063563
242.144882 362.331116 1.983926 -3.783698
241.093842 384.381500 1.936980 -1.887339
242.414352 456.775299 2.200297 -3.401232
242.904053 338.918915 2.162978 0.289906
242.904053 338.918915 2.162978 -4.003409
243.482941 410.508759 1.945221 -4.095960
250.690338 341.893982 1.930014 0.206275
250.690338 341.893982 1.930014 -0.589004
251.309326 610.080261 1.882979 -1.013860
254.221954 167.007904 1.963857 0.220779
253.739563 398.695679 1.891574 -2.985615
258.361023 516.325562 2.083820 -1.098184
258.361023 516.325562 2.083820 -3.034022
260.091034 626.794556 2.126836 -0.960578
260.833984 53.230576 1.893362 -3.042633
269.245331 7.567391 2.066562 -4.593632
272.235321 28.505278 1.989140 -2.411609
272.235321 28.505278 1.989140 -3.241316
273.540924 17.096678 1.941134 -1.080742
273.540924 17.096678 1.941134 -1.916356
273.540924 17.096678 1.941134 -4.680905
272.951263 60.389164 2.074122 0.140570
272.951263 60.389164 2.074122 -4.440998
274.837250 34.120178 1.813628 -3.803600
278.281830 236.541183 2.501941 -0.062129
278.022705 246.584579 2.157453 0.022128
287.098480 22.030298 1.946865 0.138506
292.287079 22.956001 1.858374 0.137193
297.005249 410.211853 2.065126 -1.125071
296.810211 554.001160 1.917786 1.117245
298.334412 330.973785 2.126787 -4.566551
299.874359 296.919373 1.946378 -4.520827
300.551208 450.308014 1.938530 0.704073
300.551208 450.308014 1.938530 -3.808587
303.178955 514.045837 1.992845 0.399467
303.178955 514.045837 1.992845 -1.556184
304.440979 630.968750 1.937584 -1.545176
304.416077 207.763535 2.019775 1.399334
304.900146 248.978836 2.083592 -4.499724
306.144135 462.475128 1.877699 -2.771898
307.006195 408.914581 1.992012 -3.037787
307.449646 594.323730 2.236804 -1.003521
311.030304 126.040962 1.932632 -2.675711
310.761383 276.119751 1.839651 -3.889076
312.539001 147.533463 2.023793 0.445805
313.403351 234.338394 2.165994 -3.802554
311.946503 403.552856 1.752561 -3.572501
313.432495 444.509216 1.810606 -3.037980
317.497803 522.508118 1.979901 -1.288411
319.523071 298.003174 2.007748 1.546389
320.579346 451.903412 2.018059 1.237427
320.413544 251.204773 1.837211 -2.037024
321.076447 432.390442 2.070586 1.459393
326.524536 115.923424 2.080690 -4.595448
331.832397 602.391846 1.846550 -1.156520
332.583038 34.451679 1.860895 -2.673461
333.101410 230.748154 1.866089 -3.755336
333.142273 267.109406 2.143769 -0.642115
336.206757 598.312378 1.807706 -1.155606
336.820312 72.583694 2.332405 -4.382943
338.762512 335.386169 1.962941 1.042316
342.504059 599.077698 2.158355 -0.299009
342.932098 176.072021 1.876717 0.397166
344.443420 197.229691 1.976003 1.564629
345.182800 250.609680 2.389666 -0.834573
348.968903 82.493706 2.211414 -4.590667
349.464478 607.807922 2.129691 -0.655754
351.119080 464.822357 2.010143 -0.739708
352.230896 485.249237 1.798882 0.053619
359.115204 394.680908 2.351864 -3.302826
359.115204 394.680908 2.351864 -4.638992
360.423737 402.569000 2.193657 -2.242399
360.423737 402.569000 2.193657 -4.656693
360.085968 411.431061 2.000096 0.865056
361.033478 93.296463 1.966135 -3.872187
360.644531 437.845093 1.872229 -3.126164
364.609894 428.563507 2.090504 -3.124245
368.223450 46.616661 1.708993 -2.423015
367.556885 251.950027 2.008987 -0.109857
370.133698 357.813171 1.928963 -3.160375
370.860443 374.128235 1.879325 -2.991862
372.759796 243.079636 1.952905 -1.342621
372.853271 334.201202 2.158909 0.195645
373.931854 491.145844 2.120450 -3.127027
376.051270 367.883911 2.265712 -3.155778
377.031006 246.967300 1.864305 -1.492361
377.320740 556.682922 2.220233 -1.511461
381.453705 161.053345 1.909704 -1.968877
383.038727 178.321869 1.874841 -4.320320
384.121246 336.607422 1.911678 0.117318
384.173981 344.743103 2.014498 -0.054419
385.042206 102.367065 1.898887 -4.450893
389.062622 185.147354 2.193821 -4.691115
392.061798 421.605988 2.377606 -3.278416
391.797668 546.318176 2.040322 -1.410106
392.893951 92.928665 2.048048 -3.783524
392.994446 556.912476 1.928011 -1.593778
393.630798 539.430542 1.651829 -1.867536
394.621094 298.306213 1.985707 -0.439131
394.621094 298.306213 1.985707 -1.678761
394.618530 551.829041 1.833192 -1.582051
396.601807 107.366447 2.007319 -4.288729
398.519745 482.929901 1.764100 -1.272491
400.522552 389.944824 2.021085 -2.114318
402.662842 557.936340 1.757908 -1.696657
415.816803 181.929825 2.190737 -3.495050
418.413483 60.714577 1.938813 0.475792
417.834320 584.812195 1.984296 -3.374983
419.475098 448.200470 2.147903 -0.483849
421.327087 187.159027 2.142531 -3.686785
2.324695 97.713646 2.431798 -4.509772
5.203579 290.960938 2.429243 -1.587576
12.516002 77.198341 2.518379 -3.151570
13.979451 411.001526 2.295596 0.043376
16.059587 256.556854 2.403118 0.251836
22.455114 633.625000 2.874892 -1.756465
23.786768 214.295685 2.713565 -4.471345
28.460583 512.475952 2.453871 1.274692
32.225368 9.589907 2.775358 -0.456487
29.568583 156.890732 2.233082 -3.309377
33.323975 145.756989 2.736569 -2.323773
36.947803 599.040710 2.285157 -1.757121
38.244095 172.006073 2.771894 -1.495046
41.872917 333.709656 2.305961 -3.961232
45.136215 98.979332 2.601934 -1.422856
51.756653 134.575272 2.152513 1.251249
57.513828 57.776794 2.815599 -0.243513
57.513828 57.776794 2.815599 -4.285827
58.666965 30.151987 2.718366 -3.211220
63.846001 186.748779 2.647957 -4.584057
66.041451 602.613647 2.441860 -1.185778
68.150009 546.818848 2.492907 0.883741
76.754707 6.436496 2.728865 -0.651069
76.754707 6.436496 2.728865 -4.666785
77.690186 254.596085 2.352906 -0.149877
79.089394 268.808960 2.487228 -0.894054
80.180267 63.524544 2.868968 1.149339
80.180267 63.524544 2.868968 -0.329138
81.595772 468.505585 2.832634 0.121331
81.595772 468.505585 2.832634 -3.119783
82.005951 458.689911 2.424925 -0.087755
82.005951 458.689911 2.424925 -2.908331
82.634338 449.927246 2.704892 -3.028953
83.596245 437.558594 2.715215 -3.181958
87.517532 223.337097 2.494829 -0.888045
92.120522 28.161097 2.333655 -0.345214
93.394806 395.283173 2.496659 -3.216377
94.670204 134.985580 2.543033 -3.208774
98.763367 276.118164 2.745813 -1.060406
105.457253 262.640900 2.277853 -2.326152
107.412498 73.860580 2.444424 1.313595
113.496094 500.484406 2.698981 -3.010125
113.915184 485.790894 2.348427 -2.787306
115.128075 21.089510 2.717164 -4.595064
116.078156 509.237183 2.572547 -3.434823
116.078156 509.237183 2.572547 -4.388882
118.160980 431.695923 2.427956 -2.941302
118.160980 431.695923 2.427956 -4.701158
119.991188 147.918869 2.751881 -4.656915
121.564766 527.476501 2.488633 -4.496149
123.499680 506.181732 2.541104 -3.524434
125.124817 454.914581 2.446840 0.396298
125.124817 454.914581 2.446840 -1.691825
124.752731 476.317566 2.646894 -2.999817
124.594368 567.597534 3.029828 -0.178137
124.594368 567.597534 3.029828 -1.331929
126.797287 97.458321 2.437182 -2.136904
128.622452 75.724037 2.562801 -4.409961
135.141815 183.474258 2.703265 -4.499958
137.578217 148.009796 2.577691 -3.589640
139.097122 505.014526 2.451954 -3.095562
143.369690 155.421173 2.572162 -3.185923
142.593063 415.087402 2.884173 1.478114
144.165253 111.141190 2.391869 1.474428
146.142471 232.587997 2.256435 -2.845534
147.447037 239.742905 2.652650 -4.615335
146.789795 422.977570 2.445410 0.260193
148.709610 188.644318 2.599855 -3.248462
149.500565 310.574249 2.795365 -1.543595
149.500565 310.574249 2.795365 -4.553991
150.564911 505.444672 2.714633 0.569605
150.564911 505.444672 2.714633 -1.920165
152.772659 223.025513 2.361591 -1.887125
154.800323 142.490784 2.656559 -1.676689
154.800323 142.490784 2.656559 -4.433227
154.601837 355.528839 2.618425 -0.141393
154.601837 355.528839 2.618425 -3.041804
156.975143 13.140963 2.368190 -1.801317
157.558258 272.056244 2.752627 0.982174
157.022476 550.078369 2.424675 1.362668
159.851196 571.068787 2.737891 -0.990621
160.738052 619.108582 2.532114 -0.954384
162.669998 107.099136 2.357204 -1.614728
162.826996 330.389343 2.555828 -0.280360
163.688400 309.958405 2.610542 0.496200
163.726242 495.801819 2.765695 -0.078322
166.354172 50.125633 2.534102 -4.252839
166.044724 186.126572 2.740278 0.008931
166.044724 186.126572 2.740278 -3.201162
165.616302 223.147186 2.503579 -0.042135
166.801163 165.764130 2.448384 0.063840
168.231720 113.265099 2.622105 0.385555
172.772751 207.594406 2.725173 0.893255
177.397903 24.326950 2.949284 0.081520
178.459091 388.845703 2.664946 -1.479332
179.615067 426.118896 2.648213 -2.819800
180.185211 435.890625 2.486529 -3.219285
181.485855 50.000984 2.852867 -4.626503
189.403992 389.056519 2.488313 -1.558400
189.132065 470.103271 2.538805 -0.050505
190.143356 423.433929 2.699977 -0.390836
190.684891 223.773438 2.462450 -1.595051
191.992996 62.817490 2.392396 -4.668615
200.317978 421.571259 2.727466 -2.777074
200.107086 445.896667 2.381634 -3.091849
200.970123 151.492569 2.788055 -4.470248
206.546875 427.131714 3.058610 -2.940862
206.707596 110.363434 2.838439 -1.672975
208.685425 272.004181 2.768782 -4.176188
216.728943 74.418716 2.317699 -4.619289
217.990616 28.847780 2.629152 -4.422936
218.919769 311.822968 2.578781 -3.964821
219.207809 321.572540 2.467977 -3.126907
218.911743 348.044800 2.624804 -3.168179
218.651627 355.562317 2.499762 -3.325264
218.818039 374.860474 2.426651 0.174315
218.818039 374.860474 2.426651 -3.240234
219.403183 383.020599 2.546914 -0.450352
219.403183 383.020599 2.546914 -2.667580
219.947586 67.489578 2.683430 -4.299170
224.069626 588.880371 2.509637 -1.479882
230.479187 188.045258 2.567762 -3.310196
230.458588 168.771606 2.783921 -3.155589
231.024963 224.464188 2.502373 0.029361
230.988953 309.949280 2.324881 0.466603
230.988953 309.949280 2.324881 -3.589790
232.293045 498.192505 2.343551 -3.258623
238.783951 52.286579 2.358400 -2.619210
238.687607 91.825371 2.816250 -1.535520
245.733276 498.204315 2.335974 -4.445841
245.473480 49.350613 2.263180 -2.858185
249.005920 194.041412 2.337125 0.341238
250.271942 275.652008 2.634297 -3.114851
252.071854 69.180115 2.526652 -3.885260
255.086868 216.997665 2.505785 -2.882007
255.598816 236.816940 2.474792 -3.233032
277.303131 156.421249 2.514788 0.063420
280.022522 7.002691 2.508598 -3.347883
281.052734 377.370819 2.525677 0.121151
291.551025 201.367615 2.931138 -4.444773
292.648560 215.728256 3.229971 -3.557387
293.242126 448.812256 2.659984 0.818947
293.242126 448.812256 2.659984 -3.580511
296.738892 339.296722 2.489570 -4.487865
300.399933 435.922668 2.840601 -4.341772
303.201721 423.619537 2.527477 -4.329333
304.500580 532.607483 3.255726 1.474607
307.319427 100.854782 2.676236 -1.631652
307.319427 100.854782 2.676236 -4.656620
309.054993 10.372886 2.788431 0.399122
310.248688 345.934631 2.243534 -3.774266
311.200623 480.861755 2.551200 -2.414342
311.200623 480.861755 2.551200 -3.882919
311.680481 619.573120 2.684513 -1.035766
312.622650 49.418335 2.593916 1.136442
312.622650 49.418335 2.593916 -1.422623
314.040100 303.037720 2.617061 -1.026815
314.040100 303.037720 2.617061 -3.031192
314.040100 303.037720 2.617061 -4.550473
315.286285 190.677383 2.522670 -2.662650
321.363098 58.536213 2.569983 -2.709312
321.398499 587.092224 2.561089 -1.272013
321.831482 622.594421 2.572998 -1.465640
327.042175 356.653381 2.327661 0.206936
327.522736 44.184525 2.770657 -2.698677
329.083252 271.183197 2.656784 -3.470942
331.796600 371.920074 2.159315 0.002018
332.901733 99.426842 2.560713 -4.541486
336.985840 223.716492 2.551239 0.072262
338.589874 104.731308 2.198253 -4.688591
344.216064 40.982422 2.533033 -1.612527
344.340271 241.334305 2.682333 -0.030171
346.443726 524.414978 2.671238 0.128331
348.126221 517.483582 2.434020 -0.774564
348.126221 517.483582 2.434020 -4.687993
350.179779 321.388000 2.676811 -2.057853
354.651489 535.839783 2.296702 -1.531381
356.253052 242.378708 2.500934 -2.996730
358.068207 323.287659 2.386784 1.044567
358.412720 346.795074 2.616009 0.708792
359.562744 377.168762 2.645684 -2.004678
368.750183 316.208099 2.773698 0.979101
369.736694 79.914215 2.584299 -4.027835
369.825500 167.470047 2.755280 0.711137
371.009369 583.240601 2.292802 -1.168605
372.071930 429.473633 2.608302 -3.229091
381.309265 359.938751 2.520336 -1.838841
382.646942 125.165955 2.765175 -1.545380
382.620483 541.956787 2.362695 -1.492297
386.310333 399.227142 2.784309 1.462204
387.842987 509.111969 2.590350 -0.397717
387.842987 509.111969 2.590350 -1.668855
388.460632 522.347046 2.774145 -1.516017
390.266968 562.910034 2.363113 -1.622116
391.961243 119.391380 2.427506 -2.297011
394.629761 384.927246 2.297785 -3.398958
397.954254 122.961212 2.669766 0.603661
400.781311 31.240536 2.604592 -3.220651
401.020813 101.414101 2.570125 -4.213248
410.837524 36.536514 2.370246 -3.511470
410.000397 106.935715 2.286603 0.549930
413.190155 506.937439 2.414495 1.346826
414.496277 313.682648 2.535321 -1.368053
415.456390 487.262665 2.745594 -0.396627
416.086914 15.633836 2.317306 -2.444044
416.904572 393.182190 2.735013 1.281116
417.628326 379.623962 2.561757 0.060447
418.899200 246.703217 2.455972 -0.417200
418.785156 567.424072 2.465967 -1.980538
6.088037 68.577339 3.160777 1.493069
8.161068 28.972792 3.426308 -3.548096
12.278933 284.798676 2.978121 -1.476637
13.529999 88.040825 3.501509 -3.531041
22.502361 43.824978 3.598491 -3.556329
26.307594 125.222923 3.105126 -3.075477
26.451965 503.809052 3.506713 -3.148487
30.709965 320.219635 3.201180 -3.375650
38.195580 171.824234 2.827702 -1.503886
39.494297 471.321838 3.222772 0.083003
41.924198 16.697533 3.144736 -1.601708
42.725327 416.980988 3.220516 0.043631
42.766712 431.256042 3.491082 0.120579
48.366146 252.557083 2.879287 1.458799
50.429878 155.618500 3.354518 -3.777243
51.994392 187.954712 3.378189 -4.678066
53.229446 585.303711 3.262551 0.628616
56.864471 94.285667 2.916599 1.465451
58.342918 205.836548 3.238966 -1.421537
63.979019 166.247421 3.277339 -3.602790
66.711357 482.423218 3.062499 -1.943288
68.098038 89.138496 3.238253 -4.692164
69.041588 180.519424 3.174428 -4.609015
71.251595 35.163517 3.609586 1.288239
71.251595 35.163517 3.609586 -1.292908
71.898865 226.518143 3.305351 -2.963449
76.752914 7.659061 3.180120 1.525072
78.142815 206.145370 3.620391 -2.998600
84.748268 534.235901 3.337301 1.353497
88.299423 126.752014 3.431836 -3.594258
93.661324 80.944405 3.578146 -0.930875
100.012527 503.377258 2.971852 -1.586726
101.839645 405.322052 3.477125 1.223208
101.839645 405.322052 3.477125 -3.235355
108.852417 412.916565 2.988407 1.157488
108.852417 412.916565 2.988407 -4.181112
116.808937 29.913958 2.980995 -1.321923
117.513390 370.471924 3.516343 -4.624212
120.707222 303.508362 3.555958 -1.696365
123.288521 615.161133 2.918916 -1.601620
124.307648 83.429527 2.817783 -1.488639
124.248596 416.899567 3.517685 1.498019
125.170845 214.232971 3.204471 0.103911
132.016312 490.403809 3.211908 0.154133
135.270554 11.149579 3.367077 -3.556599
144.404282 3.530454 3.166403 -3.589105
144.849808 68.094421 2.912232 0.872858
144.479492 112.949928 2.864588 -4.426992
144.781296 127.906609 3.418443 -3.142410
144.835754 496.291412 3.488465 -2.053087
146.059952 434.557587 2.965200 -0.481249
147.115417 319.285400 3.099533 -3.105247
148.091171 94.582687 3.095634 -1.477265
155.494278 115.204163 2.859426 -1.897298
155.135742 512.053345 2.955582 -0.224496
158.459488 165.786575 3.372165 0.640839
158.459488 165.786575 3.372165 -0.474395
162.032440 348.028748 3.269757 -2.917750
161.513092 365.058228 3.383243 -0.068052
165.175095 68.990952 3.044127 -4.346359
165.695465 194.584549 3.040543 0.558910
165.695465 194.584549 3.040543 -3.414885
171.827026 333.394501 3.548571 -4.660288
172.385925 430.191376 3.077259 -0.068950
173.024796 273.825439 2.997699 0.374026
173.024796 273.825439 2.997699 -4.182920
173.816254 564.313293 2.955035 -1.377383
176.446762 166.636154 3.681852 -4.706116
179.009811 234.624176 3.665050 1.275259
179.009811 234.624176 3.665050 -3.491176
181.150314 143.294769 3.177154 -4.645330
180.647736 158.266571 3.062566 -1.465388
183.303024 70.596947 3.343804 -4.524260
182.449860 212.545227 3.586917 -3.388983
192.636749 109.813263 2.849616 -1.534919
196.383652 325.151215 3.217440 -1.391931
196.889114 159.012939 3.180573 -1.549404
199.501678 351.413147 3.190772 1.503585
201.450302 64.811157 2.959234 -4.506191
201.944611 580.199463 3.257134 -1.189830
203.516632 262.372833 3.101698 -1.817053
203.516632 262.372833 3.101698 -4.068934
203.803375 234.050888 2.871390 0.154813
203.803375 234.050888 2.871390 -4.413776
205.919983 365.517609 3.005075 -1.776295
207.172409 571.604858 3.277999 -1.189841
209.901047 178.371078 3.770578 -4.198579
213.689743 97.559563 3.199417 -1.672900
215.904846 144.972595 3.418562 -4.495681
216.844284 119.039032 3.209821 -1.726592
218.949936 37.444145 3.432038 -4.083361
221.519119 59.852150 3.053597 -4.209193
230.233932 131.874008 2.919045 -3.170061
231.996887 374.726166 3.213273 -3.259056
239.260559 99.072166 2.992442 -1.577549
238.730026 398.137970 3.249635 -1.677371
239.669678 61.744686 3.459666 -3.919673
242.089050 147.013397 3.100683 -4.273261
245.153275 313.487518 3.230146 -1.741541
246.634857 214.056229 3.410218 -3.005134
246.936462 208.270691 3.449943 -3.176975
247.370163 250.299454 3.302381 -4.575749
248.514008 422.246094 3.602635 0.161579
248.514008 422.246094 3.602635 -3.336226
251.249222 77.850754 3.056013 -4.017025
258.293732 363.885132 3.363266 0.207174
258.293732 363.885132 3.363266 -3.141995
261.518494 275.814697 2.770175 -3.096898
266.863098 342.897125 3.249694 0.012120
291.866028 144.418106 3.084953 -1.642493
292.488861 161.192322 3.106161 -4.590323
296.149872 320.337189 3.405005 -3.620570
304.995880 472.132599 3.654482 -2.344417
304.995880 472.132599 3.654482 -3.909187
307.187561 564.679260 3.415612 -1.537462
312.222595 75.772316 3.543862 -0.272996
314.565399 178.451080 3.236428 -3.346077
323.391174 207.070053 3.389899 -3.637441
322.776581 257.671600 3.490955 -2.149820
321.921906 572.677673 3.769688 -1.365849
327.131683 26.382530 2.988097 -2.002751
326.359558 63.848366 3.005016 -2.838174
332.195221 299.378174 3.327313 1.508471
335.566681 186.910324 3.154469 -3.748505
338.954529 528.052917 3.242570 0.277350
345.599701 32.083374 2.954069 -1.437479
347.162384 525.345825 3.005826 0.279334
351.358093 392.136108 3.127639 -0.080574
351.358093 392.136108 3.127639 -3.224683
353.435944 194.213593 3.115004 0.498722
354.273315 536.762329 2.751415 -1.448626
357.767426 149.588409 3.026702 0.415917
357.603821 262.027588 3.162251 -0.817429
361.527252 225.428299 3.503481 0.009922
360.317169 300.172333 3.430073 -4.296917
363.881348 517.631042 3.302984 -0.528366
368.471588 23.217150 2.870264 -1.630434
368.471588 23.217150 2.870264 -4.544476
384.386292 420.490204 3.281169 0.103730
385.165771 365.852173 3.036078 -1.880385
385.853607 24.007652 3.131418 -1.964276
385.866302 407.937531 3.143116 1.462289
391.723572 549.355530 3.352292 -1.564931
393.635193 208.981171 3.107064 -1.271820
393.777679 455.812500 2.936140 0.055530
393.777679 455.812500 2.936140 -3.195118
397.046326 489.480133 2.949148 -1.517421
400.638580 43.916367 3.259850 -2.321360
404.566010 461.798859 3.159814 -3.199310
406.484497 119.117676 2.971735 0.608769
414.300720 354.816193 2.888124 -1.832211
416.315735 232.712173 3.635443 -4.295370
416.698425 368.539978 2.803970 -0.121020
8.971275 262.346436 4.303870 0.397741
12.050063 630.379578 4.052764 -0.733954
12.692821 42.865604 3.870610 -3.539062
25.190821 241.316666 4.000185 -1.533784
26.723013 503.300323 3.636120 -3.181767
45.099754 96.126411 4.145080 -1.420208
44.533447 257.093719 3.852652 1.368441
49.538406 30.887810 4.000971 -0.209952
49.538406 30.887810 4.000971 -3.205696
54.018959 370.022430 4.149461 0.203015
62.853233 234.318481 4.123287 -3.436986
62.853233 234.318481 4.123287 -4.598740
64.880463 377.374847 4.163958 0.067667
64.880463 377.374847 4.163958 -3.520722
75.375854 19.717810 4.443733 -1.025831
74.509506 490.249023 4.645428 -1.854794
76.352165 384.992584 3.843371 -3.296096
76.750870 396.877380 3.971506 -3.153212
78.637596 207.003235 3.877102 -2.915502
84.807281 150.553604 3.802310 -0.598466
84.807281 150.553604 3.802310 -2.961444
87.420700 415.696442 4.168927 -3.287139
88.834457 126.866875 3.603731 -3.497757
90.098183 459.238495 4.197608 -3.320524
90.306221 475.187469 4.006913 -1.737279
93.524429 80.669746 3.640716 -0.872734
95.688339 149.347153 4.025618 -2.950163
101.424667 426.521454 4.057351 -3.164837
102.790215 220.345825 4.180172 -0.411108
104.489876 491.194672 4.510762 -2.807075
112.372635 191.634613 4.162615 -4.640647
118.281769 100.922218 3.689117 -2.241690
121.566765 236.046814 4.300844 1.550588
125.900253 416.866852 4.021816 -4.663558
124.793304 443.859924 4.086329 -4.181608
136.845810 84.704254 4.143926 -1.641759
138.686157 60.731293 4.030291 -4.501769
143.770111 50.808681 4.166750 -4.463959
151.321411 459.105835 4.100066 -2.178734
152.992554 151.090408 3.777463 -2.758930
159.133835 468.769470 4.298364 -0.249024
160.181931 449.209717 3.912577 0.036226
163.089615 432.869965 3.867413 0.051687
164.264038 157.686325 3.995022 -0.243380
168.445770 120.052925 3.725492 -0.185792
168.445770 120.052925 3.725492 -2.465732
171.766830 445.190277 4.232923 0.075313
175.642380 186.885254 3.932959 -1.498616
177.026062 166.763794 3.762594 1.561624
178.531219 23.831793 4.371353 -0.233289
178.761337 234.688660 3.637565 1.209400
178.761337 234.688660 3.637565 -3.776428
179.297958 323.094147 4.117965 -1.625816
181.682907 452.454498 4.036324 -0.149278
181.682907 452.454498 4.036324 -2.927473
181.222198 478.371094 4.119949 -0.131615
181.222198 478.371094 4.119949 -2.875349
180.793869 492.452698 3.713548 -0.006280
181.692184 177.709595 3.579137 1.443167
181.692184 177.709595 3.579137 -1.449712
191.976822 368.069305 4.002325 -1.356023
191.946014 238.305435 4.700937 0.362676
191.946014 238.305435 4.700937 -4.627424
204.820648 25.354635 4.111774 -3.786950
206.136337 224.887848 3.753579 -4.235663
207.711853 447.411407 3.778678 -3.067511
207.858887 474.100311 4.412678 -3.060532
216.073700 206.616760 4.378574 -3.770602
219.395767 154.076279 3.653743 -2.137424
219.395767 154.076279 3.653743 -3.113488
219.360703 445.312042 4.240828 -3.149971
229.623062 161.135742 3.777256 -3.081576
230.781906 326.310760 3.768577 -3.185185
239.868958 40.889938 4.030972 -3.116449
239.154190 61.662464 3.723174 -3.778422
241.420593 324.008392 4.137906 -3.120258
241.119339 334.533569 4.203622 -3.602662
246.316681 241.617950 3.793671 -4.564738
247.472702 251.216095 3.928638 -4.511029
248.779846 373.176941 3.739236 0.281977
248.581726 507.292725 3.781821 0.209573
250.123337 450.386322 3.803624 -1.535396
250.123337 450.386322 3.803624 -2.328756
251.714600 573.098755 4.223708 -1.107170
256.534882 493.557343 4.228329 -4.709124
264.463470 23.842947 4.396782 -2.766293
301.678802 454.361267 4.052671 -3.468390
301.421906 573.678528 4.087120 -1.497963
303.652222 197.215103 3.780449 -1.689264
303.652222 197.215103 3.780449 -4.332354
302.105743 433.721832 4.094653 -4.120849
304.498474 471.932922 3.547738 -2.344598
304.498474 471.932922 3.547738 -3.684405
307.514801 271.048157 3.948689 -2.785694
319.128296 283.590393 3.907561 -3.597968
321.346863 585.324585 4.430627 -1.313142
323.680939 155.945557 4.298006 -2.600151
323.335388 562.163208 4.074559 -1.351585
322.221069 572.599365 3.616516 -1.315958
341.614838 456.268402 4.346813 -1.289244
348.444183 330.342621 4.323928 0.994923
350.374329 368.830109 3.926793 -0.078474
373.464417 33.380402 4.316227 -2.228696
372.058990 217.183151 4.121535 -4.270766
391.070282 35.125088 4.341234 -2.307053
394.767578 418.472961 4.113810 0.405642
394.880890 436.712036 3.965820 0.174247
397.295319 12.741267 3.894309 -2.384845
403.848633 359.313263 3.718147 -1.854360
410.769135 6.609962 4.405699 -2.626060
412.871704 455.862549 4.031731 -2.976011
413.958832 469.456573 3.934601 -3.440665
32.228989 417.831818 4.583845 0.099090
32.228989 417.831818 4.583845 -2.976995
49.192558 604.257507 4.904737 -1.335377
54.461517 218.053131 5.387885 -3.453869
79.628822 367.722961 4.951375 -3.772906
81.029671 567.713806 5.760966 -0.348740
106.160583 604.811890 5.673932 -1.303303
117.104408 64.262421 3.969268 1.158799
120.493080 589.467957 4.909395 -1.486025
133.742538 194.834152 4.807866 -3.314695
137.550491 362.723907 5.401826 -3.095377
149.672791 331.780884 5.036927 1.462896
149.672791 331.780884 5.036927 -3.653629
150.955566 48.422188 5.698508 -4.540996
153.256912 166.283249 5.573766 -3.217130
152.738419 186.515732 5.339344 -3.320375
156.183243 128.243530 5.064247 -3.156605
162.388672 322.430603 4.806906 -0.075154
162.644592 586.702087 5.635424 -1.065160
165.539139 176.736984 5.139438 0.266155
173.838837 504.257477 5.663768 -0.178049
180.825226 129.543427 5.760113 -4.470072
184.626221 264.956085 4.631983 -4.595084
194.182541 425.683838 5.464778 -2.960766
194.568802 447.615234 5.557764 -3.052168
205.165329 610.457581 5.183235 -1.201677
207.062027 595.417358 4.903914 -0.956594
216.520020 168.191284 5.133914 -4.001248
219.493317 87.049904 5.668329 -1.768177
219.860077 462.684448 4.618591 -3.006881
230.956192 29.647606 4.745393 -3.969507
231.820801 146.078384 4.471312 -3.856244
232.116333 454.721710 5.053798 -3.060219
242.070953 132.843872 5.411123 -2.771209
242.070953 132.843872 5.411123 -3.874314
242.945480 192.274750 4.415498 0.888964
242.945480 192.274750 4.415498 -4.189594
243.005127 477.795197 5.539606 -0.098821
245.639633 358.187195 5.285737 0.285130
245.639633 358.187195 5.285737 -3.614725
249.466766 91.200294 4.755337 -1.874627
265.117371 241.115540 5.223967 0.072581
268.359497 377.808502 5.381895 0.004481
278.930695 96.270180 5.270266 0.109515
279.417847 141.069901 4.975692 -0.033917
285.419647 518.372009 5.043761 -0.074845
296.734406 587.225464 4.793796 -1.451650
298.026123 289.668793 4.642552 -2.666521
313.495636 183.334122 5.186928 -3.282970
323.619812 372.484039 4.919840 0.055232
325.687500 125.397247 5.454220 -0.027397
325.687500 125.397247 5.454220 -2.675464
337.612762 379.913544 5.455478 -0.065437
363.799652 387.688690 5.352720 -2.150082
362.945099 479.867828 5.094217 -0.023123
369.852417 601.734497 5.359812 -1.197814
371.074524 268.292755 4.937291 -0.750939
374.235901 469.360809 5.562037 -0.091330
387.816040 575.569458 5.134620 -1.651327
406.722046 344.057129 5.823066 -3.949214
6.011090 333.180481 5.823545 0.339914
14.123970 165.646500 5.942545 -3.201605
17.777210 421.374756 5.915482 0.055992
22.006107 226.651443 6.618639 -0.738587
24.914654 80.315308 6.352267 -3.575581
52.691273 491.331604 5.890884 -4.704120
50.259483 604.632080 5.288225 -1.231352
85.493103 111.709747 5.971710 -4.642462
103.678795 442.178833 6.930255 -3.248523
105.544487 400.957672 6.650559 -3.359627
105.544487 400.957672 6.650559 -4.576511
108.191582 344.364410 6.739161 -4.499124
118.067635 383.304504 7.086526 -3.134298
119.272354 494.640594 6.615895 -2.832973
130.651535 17.104431 6.471153 -3.381341
150.585419 206.048416 6.164379 -3.229642
154.656906 478.111542 7.010036 -0.273544
154.656906 478.111542 7.010036 -1.669505
177.676102 413.674072 7.086812 1.407538
181.584717 129.445297 5.893853 -4.419620
190.038010 584.551147 6.343782 -0.971201
192.142426 85.551880 6.920699 -1.532011
214.165558 190.092941 5.851754 -4.509390
214.417084 130.607285 6.543974 -1.755447
214.417084 130.607285 6.543974 -4.528390
215.178101 413.769653 6.405514 -4.109293
223.899902 46.789864 6.449032 -3.848647
223.660385 237.031693 6.462993 -4.312709
242.551361 168.842331 5.693215 -3.339456
242.041489 330.031311 5.984269 0.984341
242.041489 330.031311 5.984269 -3.657838
249.517380 525.734436 6.661884 -4.659898
282.538330 362.307953 5.708093 0.037924
310.434875 212.284744 5.884973 -3.859902
328.950836 83.218666 5.977504 -4.227124
341.852386 471.816315 6.503571 -1.189317
352.767609 83.659264 5.753808 -4.316256
353.396729 111.493950 5.985300 -1.813671
353.396729 111.493950 5.985300 -4.643498
362.526184 481.295563 5.786855 -0.042254
364.805450 319.172516 6.624221 1.134970
375.746155 111.699959 6.913908 -1.517287
375.746155 111.699959 6.913908 -4.416083
391.885254 148.521072 6.799333 0.657201
391.667511 173.738617 6.412926 0.071638
404.775940 343.466461 6.645357 -3.975605
412.208282 434.706451 6.955327 -1.662625
19.172918 302.453949 7.910188 -4.301845
22.789015 25.498240 8.217017 -3.673963
21.716902 402.891510 7.585728 -1.124809
71.208900 544.623535 8.529578 1.281064
103.725838 442.556458 6.911166 -3.256750
130.085983 337.209625 7.106601 -3.891317
152.151840 232.990250 8.379221 1.556586
153.207382 478.993652 7.439602 -1.590969
189.509659 194.333466 8.378006 -4.693426
193.705643 503.830536 8.900363 -3.083404
195.864212 150.471375 8.711315 -4.382853
214.537308 524.788818 7.487763 -4.650833
269.348572 493.287598 7.343634 -0.057755
269.252350 525.046387 7.656666 1.373761
281.992676 136.065109 7.891541 0.000451
285.828735 359.540649 8.310952 0.077741
313.174683 17.534489 7.518891 0.373764
320.754517 426.602264 8.830724 0.166467
338.410309 60.882210 9.184475 -4.175179
343.200378 500.008301 8.530575 0.062703
352.028839 617.324768 7.644022 -1.279161
396.198120 470.827698 8.099835 -0.134051
396.198120 470.827698 8.099835 -3.272381
56.541824 126.498398 9.991067 -0.018294
106.192360 54.705101 9.757395 1.134097
112.681549 131.260773 11.058461 -3.080977
115.096298 25.301504 9.442757 1.436959
155.605911 395.997894 11.707688 1.335440
265.916168 404.164490 9.129202 0.010202
266.093201 455.319763 9.173116 -0.036127
338.605957 174.094391 11.178163 0.641874
338.605957 174.094391 11.178163 -2.674026
342.083252 589.747375 9.096267 -1.026154
362.633423 41.551304 9.212569 -2.102431
384.703461 273.594391 9.049212 -0.944676
401.848511 596.698303 9.173751 -1.452587
31.468290 603.993774 11.832159 -0.819352
81.816498 226.005508 12.349550 -4.676669
156.085220 43.074169 11.874582 -4.507047
165.957642 80.927406 12.723401 -1.534529
188.755173 423.026672 14.640460 1.367770
188.755173 423.026672 14.640460 -2.888469
198.933838 359.484131 12.902334 -4.541489
257.507538 231.797562 12.292375 0.230841
291.557343 182.727142 14.599408 0.116920
310.133575 47.428841 12.569010 0.351668
324.526245 406.551086 12.292006 0.123582
334.157623 269.706665 13.723349 -0.892800
355.220978 146.971939 14.602844 0.575390
355.668121 360.024750 14.323168 0.984183
386.091125 306.735657 12.761640 1.521756
153.193878 314.803223 17.002386 -1.549161
189.004333 425.327942 15.779644 1.289126
189.004333 425.327942 15.779644 -2.976209
299.732941 486.465576 15.307127 -0.032508
355.978241 360.580017 14.332323 0.973485
393.375153 78.532326 16.096027 1.525902
391.999237 385.190277 15.838097 1.255275
144.038269 502.707397 19.603191 -4.640427
204.401520 85.459686 17.578112 -1.905951
246.502274 322.993683 20.917526 0.096967
246.502274 322.993683 20.917526 -1.670822
251.399628 400.637390 21.630152 0.089226
267.881317 52.302452 19.831501 0.486821
361.681763 233.573242 18.333529 0.537492
361.681763 233.573242 18.333529 -0.734311
74.263412 324.568024 25.379753 -1.709951
74.263412 324.568024 25.379753 -3.890056
83.555618 442.627747 25.284864 -3.932360
203.476624 266.855621 23.487581 -1.664642
203.476624 266.855621 23.487581 -4.540890
247.046082 499.258453 27.387484 1.235591
247.046082 499.258453 27.387484 0.115215
268.060181 35.459721 24.972466 0.476635
311.442444 125.221024 24.195013 0.257691
372.636566 558.726074 27.209822 0.455683
372.636566 558.726074 27.209822 -1.064325
218.668198 162.673920 43.205742 0.446323
