7 437
48 275
50 286
51 377
52 13
53 290
57 18
58 26
61 33
62 27
63 37
65 31
66 32
70 43
72 49
74 307
75 308
84 54
86 59
90 321
91 56
92 330
98 333
105 72
107 66
110 339
111 73
113 337
116 74
117 80
118 78
119 76
120 75
122 85
124 91
129 100
130 86
131 97
132 93
133 94
136 95
139 109
141 102
144 105
148 113
150 121
151 119
153 117
161 126
162 131
163 132
164 127
170 139
175 375
176 137
178 152
179 146
181 149
182 150
189 391
196 163
200 170
202 173
204 174
207 176
210 179
211 178
215 181
216 187
218 182
220 415
221 416
222 193
223 194
224 192
227 196
233 202
237 427
241 209
243 213
246 565
249 222
250 223
252 215
254 214
267 174
280 762
290 333
298 279
299 280
300 283
304 292
309 489
310 289
315 486
317 36
319 299
320 301
321 297
322 309
323 300
325 306
326 502
327 303
328 315
329 497
330 498
332 305
333 317
334 323
335 324
336 316
343 327
344 325
345 509
347 332
348 511
349 512
350 326
351 328
352 331
357 525
358 533
359 335
360 531
361 336
362 338
363 342
364 341
367 540
370 353
371 354
373 352
374 348
375 347
376 349
377 350
378 307
382 359
383 359
385 357
386 358
387 355
388 124
389 365
391 130
392 128
395 367
396 369
397 376
398 379
401 567
405 387
408 393
410 396
415 397
416 398
420 169
421 400
423 161
424 698
425 403
426 577
427 401
428 404
429 405
430 406
431 186
432 408
433 582
435 407
436 410
437 185
438 417
439 190
440 191
441 419
442 422
443 424
444 423
447 426
448 594
450 430
453 428
455 434
457 436
459 217
460 518
461 225
463 451
465 449
466 441
472 863
491 1
500 630
504 483
505 484
506 488
508 633
510 493
511 487
512 491
516 313
517 499
518 500
519 640
521 496
522 504
523 506
524 503
525 508
528 505
529 329
530 513
531 514
532 516
533 515
534 519
535 520
537 659
540 532
541 529
542 535
543 530
545 536
547 537
548 346
550 541
552 344
553 345
554 539
555 343
557 545
560 546
563 549
564 553
565 552
567 556
568 554
569 558
570 558
571 688
574 370
575 560
576 561
577 564
585 575
586 252
587 576
590 402
591 579
592 578
594 580
595 585
596 582
597 583
598 584
599 586
601 420
603 589
604 588
605 587
607 590
609 431
610 598
611 592
613 599
617 602
619 438
620 439
622 443
626 88
632 105
637 344
648 630
651 631
653 731
654 634
655 635
662 648
665 650
666 652
670 657
671 659
675 658
676 655
677 656
678 655
680 654
683 661
685 747
687 666
688 665
689 749
690 752
691 675
693 670
694 678
695 676
696 687
698 679
699 680
701 688
702 684
703 681
704 685
705 686
707 689
709 692
713 691
717 697
722 699
723 701
724 702
725 705
726 606
727 709
728 706
730 710
741 226
742 636
743 226
744 734
745 803
746 735
747 736
748 805
749 806
750 737
751 738
752 741
754 744
755 807
756 808
758 745
759 746
760 748
762 751
763 815
764 672
765 755
766 754
767 753
768 759
769 760
771 683
772 756
773 757
774 758
775 761
778 764
780 763
781 767
782 768
784 771
785 773
786 774
787 775
788 779
789 821
792 781
794 783
804 799
810 804
813 853
814 808
816 809
817 811
818 812
819 813
820 810
821 816
822 814
823 817
825 760
827 762
828 818
829 819
830 820
831 778
832 822
833 823
834 821
835 824
836 826
837 827
838 831
839 830
840 783
847 850
848 852
850 856
851 855
853 857
854 861
855 862
857 864
858 866
859 865
860 868
861 867
866 876
869 886
870 859
871 860
872 880
873 881
874 879
875 882
876 870
880 877
881 887
882 888
884 889
885 890
887 893
888 894
889 895
890 896
891 902
893 898
894 888
896 901
897 902
899 904
900 905
901 906
902 907
904 913
905 900
907 903
911 909
912 910
913 911
914 912
915 900
