4.453492 537.017517 1.979656 -1.968375
7.700755 336.052277 1.850130 -0.643452
16.120575 586.890076 1.956173 -1.422456
18.993690 595.738037 1.877500 0.041229
20.253880 162.382889 2.040895 0.349196
21.469559 471.312958 1.970617 0.165574
22.200678 131.321716 2.018281 0.205304
24.077719 506.908142 2.042374 1.418116
23.443098 528.246338 1.997496 -1.918244
23.630760 616.161194 1.875239 -2.577238
26.397495 264.680603 1.930507 -1.671914
31.337353 162.255676 2.346476 1.392675
38.589695 289.576965 1.813457 -2.249695
39.741909 381.209442 2.088343 -3.396026
40.539829 613.409607 1.861884 0.682198
41.280235 35.652405 1.963670 -3.945726
43.838142 44.821579 1.815477 -3.069326
43.721760 544.031677 1.863883 1.038712
44.731163 519.183777 1.949434 -1.974904
50.624371 591.691833 2.412035 0.101795
50.624371 591.691833 2.412035 -2.839593
51.200344 343.219940 2.171574 -0.974778
53.055477 251.801407 2.248651 -1.651747
54.678207 5.571753 1.756145 1.337348
55.133282 609.524170 2.047729 0.224860
58.422493 365.854919 1.875905 -0.676861
58.935589 319.275970 1.997357 -1.635675
59.410130 334.111206 1.907790 1.549519
61.596725 507.773926 1.683541 1.370025
67.262924 349.934326 1.858952 -2.464634
67.657906 255.806763 1.852544 -1.645534
69.397591 431.906342 1.995187 -3.093273
70.618439 196.567230 1.734459 1.017646
72.383186 226.272385 1.809905 -1.480809
73.443535 21.038982 2.038663 -4.651795
75.461227 588.899780 2.145137 0.363354
76.891228 44.037334 1.812660 -1.556486
81.202194 241.596207 1.833279 -0.876008
84.221512 360.567932 1.993134 -0.348436
83.842453 544.281616 2.010197 -2.183453
86.241501 343.223572 1.866738 0.559497
86.241501 343.223572 1.866738 -1.105436
85.497345 352.683350 1.782274 -1.073640
87.253487 622.834106 1.905150 -2.979908
87.807228 25.885900 2.011565 -0.624026
90.365746 446.734192 1.994097 -2.999434
89.899376 470.379639 1.944726 -3.155705
89.706711 530.063110 2.117166 -3.021010
90.734924 244.116562 2.222102 0.052251
90.734924 244.116562 2.222102 -2.654470
91.421837 270.859833 1.944058 -2.152516
90.944077 406.789307 1.787233 -4.060147
91.224777 419.354614 1.937072 -3.336706
91.894798 254.918396 2.111843 -1.573016
101.114998 28.146595 2.224485 0.504883
101.114998 28.146595 2.224485 -4.258038
100.541794 130.264969 2.303563 -3.378697
101.890404 618.915527 1.853860 -2.597218
105.772514 115.383072 1.936809 -3.619961
106.178123 318.534485 2.108174 -1.666711
106.014412 344.627197 2.010129 -3.251282
112.960281 444.459015 2.127591 -3.092717
114.583900 134.226852 1.901798 -3.405085
118.074226 14.383228 1.918693 -3.694259
118.534248 459.348846 2.188432 1.210495
118.534248 459.348846 2.188432 0.121488
120.061836 138.003265 1.972771 -3.070070
124.159111 137.493790 1.667257 -0.288858
124.159111 137.493790 1.667257 -2.885023
123.712128 389.967377 1.966350 -1.470222
124.551468 286.512787 1.826503 -2.984875
124.610306 350.254456 2.048343 -0.700174
124.610306 350.254456 2.048343 -2.221660
126.125084 398.077179 1.870339 -4.706591
127.435555 454.692017 2.244214 0.070603
127.271149 515.279419 1.802027 -2.727767
128.034531 429.461121 2.003326 -4.060130
127.893951 440.358551 1.854123 -3.061279
127.672394 465.557129 1.949133 -2.762870
131.124847 199.027435 2.138334 -0.214671
134.210587 48.800457 1.920303 -1.576901
137.214966 197.984146 1.973457 -0.110598
137.932907 15.970776 1.835717 1.293343
138.448456 73.460510 1.906911 -0.503755
138.448456 73.460510 1.906911 -2.857210
140.476852 30.005827 1.838864 -3.931758
141.656494 370.265198 2.510481 -0.003138
145.884079 116.545074 1.945111 0.568597
148.010559 318.688477 2.002139 -1.424370
156.613098 499.534027 2.036782 -0.520725
156.613098 499.534027 2.036782 -2.861267
156.566284 517.550720 2.114284 0.167824
156.575760 526.857117 2.154917 0.015958
159.834656 404.958923 2.158222 0.355152
160.591980 313.587280 1.971896 -0.335197
166.496292 575.829590 2.044068 -3.000984
166.564072 517.930847 2.121144 -3.063631
166.117294 527.118835 2.427970 -3.154452
171.860199 521.635315 2.207436 0.084978
171.860199 521.635315 2.207436 -3.119792
175.562851 312.345367 2.106579 -0.786368
176.152115 394.788727 1.926765 -0.603399
177.277664 458.792236 2.116587 -4.254171
179.588760 507.363861 1.754847 1.509760
181.710800 418.789490 1.986255 -4.428652
183.603180 317.887665 2.013205 -1.641727
187.570755 37.365509 1.979125 -4.454979
187.857529 407.147186 1.946608 -0.501230
187.857529 407.147186 1.946608 -2.042170
190.580231 109.810982 1.907196 -4.643343
190.236038 245.069489 2.097131 -1.716625
191.156784 31.854935 2.236336 0.829569
191.156784 31.854935 2.236336 -0.419026
191.156784 31.854935 2.236336 -4.446475
193.442947 526.233826 1.892216 0.065456
193.666641 492.068054 2.041831 -0.289259
193.547714 517.554993 2.082638 0.131814
194.825714 26.116468 2.021230 -0.363157
194.688278 238.230438 2.330534 -3.143157
195.469757 447.053436 2.013313 -1.093945
200.929184 87.636963 2.385933 -4.171729
200.545990 295.269592 1.877051 1.470808
202.348801 336.109772 2.010203 -4.015741
201.974594 489.433441 1.821018 -0.339368
204.132126 40.421875 1.933332 -4.642157
205.539734 104.891594 2.206391 -4.682357
209.053741 616.679321 2.207544 -1.660880
213.986359 228.903900 1.862810 0.799575
214.482971 21.408295 1.705490 -3.313494
216.621140 84.002365 1.913483 -4.604126
218.694824 36.040409 2.130852 1.566577
218.694824 36.040409 2.130852 0.467623
219.709671 213.510941 2.199455 -1.603310
222.296234 46.739647 2.348209 -1.570568
222.193756 235.511917 2.092112 -2.307237
223.090347 445.742676 2.165654 -1.538498
226.328110 3.057855 1.948928 1.546945
225.938232 318.176483 1.849616 -1.655281
228.411697 497.710876 1.732449 -1.540120
230.605179 383.002472 1.842788 -0.391546
231.905563 195.246826 1.867217 -1.440988
232.404175 229.404221 2.319444 -1.009440
234.472778 205.149780 1.787603 -1.309630
237.018600 481.095734 1.936896 -1.589800
238.691986 233.739014 2.045232 -1.903793
239.339371 243.543137 1.945490 -1.711914
239.339371 243.543137 1.945490 -2.504351
239.130722 367.671356 2.088094 -2.473168
239.738037 46.758308 2.185759 -1.773414
239.738037 46.758308 2.185759 -3.002480
239.586884 356.249359 1.859712 -3.966676
241.274933 560.026794 2.156116 1.569089
241.274933 560.026794 2.156116 -2.063435
242.448074 340.891937 1.989541 -0.032470
242.448074 340.891937 1.989541 -3.734296
243.303665 378.317322 1.995096 -3.170143
245.434464 435.482513 1.664718 -4.234235
248.803452 430.631622 1.984419 -3.154928
251.733185 604.129333 2.177590 -3.075899
262.200562 26.457335 1.946783 -2.075162
262.352783 387.105713 2.052741 -0.142200
262.660065 103.691971 2.239281 -4.668484
266.368896 13.617019 2.308452 1.218095
266.442963 236.863159 2.107067 -1.326903
268.716156 631.503113 1.746305 1.441890
270.462158 464.902039 2.010585 -4.120079
271.650909 553.924255 1.763408 0.036489
273.142731 346.371399 2.059119 -0.930948
274.332031 248.556824 2.164231 -1.588828
273.629059 384.822662 2.178392 0.300108
274.456573 307.052185 2.233225 0.122667
274.456573 307.052185 2.233225 -3.388158
278.022125 218.735474 2.137016 -1.816172
281.208313 237.818771 1.953161 -1.040069
281.208313 237.818771 1.953161 -1.801293
280.852234 276.049988 1.871719 -0.553200
281.644073 406.268707 1.834207 -0.915700
283.063629 356.324615 2.220627 1.485027
282.806610 412.537018 2.281170 1.225417
290.859161 303.332916 1.903653 -4.677821
291.266937 382.795776 1.878007 -4.689383
292.750153 488.122101 1.903399 -1.739155
294.003418 469.628082 2.076441 1.360438
295.740997 64.035049 1.992016 1.557197
295.740997 64.035049 1.992016 -1.688888
295.872498 302.438446 1.831921 1.517777
299.278534 439.864777 2.098658 -0.450441
299.278534 439.864777 2.098658 -3.132524
303.022919 396.167603 1.934034 -3.610113
303.835754 63.846657 1.755565 -1.695487
303.835754 63.846657 1.755565 -4.590156
304.280945 382.445862 2.156218 -2.708344
305.142731 433.485840 2.210266 0.352995
305.142731 433.485840 2.210266 -2.721504
307.099854 402.818359 2.134041 -3.475159
313.229065 405.987427 2.305526 -3.384735
313.519592 496.433838 2.077821 -1.388804
315.414581 556.740662 1.799279 -1.857894
315.512939 444.583862 2.045589 -1.574147
316.976929 421.061066 1.912885 -3.154383
317.730072 63.936115 1.907094 -1.865413
319.551147 38.432701 1.806800 -2.964058
320.008392 126.199715 1.976511 -3.631425
320.142029 410.436249 2.146792 -0.166282
322.211761 444.908234 1.950985 -1.499214
322.857513 362.513275 1.986922 0.029499
323.789062 510.762482 2.738930 1.547323
327.046722 238.194153 2.102692 -3.120443
328.060822 374.059937 2.036701 -0.075530
329.158722 558.180542 2.237140 -1.187941
329.661469 12.603790 1.781641 -3.368123
332.794647 92.715218 1.752210 -1.537453
336.024841 140.624542 2.234321 -1.383205
342.507324 44.828388 2.103876 -1.487804
342.972626 279.083588 1.943476 -3.143734
344.301270 337.668945 1.843147 0.125716
348.566528 331.362305 2.593390 -4.700894
350.103394 288.454987 1.811642 -0.731899
352.677643 165.026215 2.093132 1.531355
353.594330 443.986572 2.108484 -0.051339
358.954102 312.803467 1.891516 -0.803594
359.768860 305.399536 2.204075 -4.678727
363.164459 459.944763 1.780206 -1.312267
364.700500 426.912933 1.924000 -3.880829
366.453247 163.935547 1.876725 -4.256988
371.154663 433.490570 1.787952 -3.856589
372.796173 335.252533 2.080635 1.544992
373.765289 544.682007 2.007755 -1.389405
374.595764 385.880066 2.056426 -0.243740
374.595764 385.880066 2.056426 -1.745369
376.393951 96.920456 1.808220 -2.540093
378.974701 336.136108 2.045804 0.159636
378.661530 390.995300 2.115138 -1.199305
379.555481 375.139923 2.108503 -0.165334
382.826355 189.226242 2.266387 1.274001
383.165466 240.847870 1.619643 -1.716465
385.577576 336.524261 2.034690 -1.915335
385.571747 466.802948 1.955777 -3.345536
389.561554 95.732765 1.877681 -0.492427
391.166962 472.304138 2.131181 -3.271270
391.976013 391.150085 2.084108 -1.043355
391.830231 398.141296 2.094184 -0.864821
392.485046 409.369049 2.178374 -0.079288
396.658630 187.856918 1.811308 -3.848488
400.583527 378.548065 1.734571 1.238676
401.101166 106.852913 1.783044 1.507871
401.677460 405.214233 2.090075 -0.747418
402.646362 7.583112 1.810147 -3.295558
402.878448 474.982544 2.146874 -0.054478
403.761200 466.338531 2.201385 1.566509
405.193024 340.887360 2.258195 -1.881950
407.609741 223.316589 1.993530 -2.072267
408.118317 407.992432 1.853865 -0.577391
409.295471 479.777802 1.965040 -3.303783
410.543091 435.733521 2.159631 1.527993
410.729492 364.091766 1.810881 -2.124100
411.518280 374.559357 2.026038 -2.380527
414.266144 330.059967 2.048747 -4.673954
413.583130 465.385254 1.920061 -4.543573
415.647308 300.897583 1.976326 -4.689466
415.468719 411.116241 2.210620 1.550493
415.468719 411.116241 2.210620 -1.249499
419.007202 378.520752 2.359128 0.071625
420.325500 400.806702 2.266589 -0.012993
420.325500 400.806702 2.266589 -3.176653
421.239777 278.301727 2.051765 -1.038631
421.239777 278.301727 2.051765 -4.560287
6.773063 545.562317 2.605740 -2.835361
8.411491 408.229492 2.856934 0.009321
9.719975 132.687027 2.597543 -3.276706
22.163267 556.948181 2.652812 0.958173
26.335369 251.525406 2.862328 -1.367806
27.455006 66.756737 2.894157 0.208186
29.062986 345.945862 2.801608 -0.873207
31.256285 486.466309 2.689776 -3.011465
32.493591 447.747467 2.571833 -2.079078
31.460178 462.863739 2.626921 -3.401253
31.336966 471.651428 2.806488 -3.198967
33.278275 144.606125 2.820707 -1.424488
34.082138 374.028351 2.528580 -4.088372
40.944294 182.056900 2.750483 -2.072239
43.262859 471.369720 2.614710 0.130301
43.267136 485.285034 2.821179 0.024298
43.889393 447.685120 2.403840 0.980287
43.889393 447.685120 2.403840 -1.708111
44.654205 422.529083 2.668532 -0.116454
50.325527 391.162292 2.507853 -4.614075
50.742664 11.768991 2.861284 1.179942
54.030750 349.100922 2.384568 -0.129625
57.669743 38.873779 2.497133 -2.094356
60.074646 16.216293 2.627144 1.048783
61.202888 593.089111 2.408632 0.828991
66.855171 529.664124 2.848720 -2.825741
68.868141 472.451111 2.526594 -3.162169
69.666939 421.817444 2.681404 -2.938685
70.891396 389.631531 2.558399 -4.498736
75.034683 427.444855 2.500640 -2.767402
75.734322 622.809082 2.427941 -1.508126
77.459846 394.237732 2.836765 -3.620351
79.923004 461.877747 2.477262 0.122444
80.362335 471.059174 2.718157 0.070335
82.060806 573.452332 2.511477 0.853265
82.996445 9.558681 2.618780 1.301658
83.566216 556.802856 2.452454 -0.538346
84.976646 507.128845 2.303246 -4.525743
87.618340 285.981171 2.312622 -2.312424
91.171600 347.456390 2.809052 -3.023760
93.442390 97.455048 2.407669 -4.134263
98.810181 8.490822 2.565907 -4.259340
103.346176 415.187225 2.386614 -4.253408
110.309540 89.805405 2.556558 -0.102171
110.373184 338.252441 2.681659 -2.300778
113.919800 317.739044 2.497412 -1.736003
116.977684 24.387295 2.542675 -3.760302
118.114632 498.709717 2.518822 -0.220861
117.848900 511.689087 2.664482 -0.323607
118.597710 297.627411 2.654434 -2.685801
125.020767 26.526134 2.361041 -3.746178
125.204575 276.964050 2.779972 0.039477
125.204575 276.964050 2.779972 -3.682153
125.112755 317.811615 2.439314 -1.676836
132.101212 259.155151 2.334690 1.330699
133.770340 426.732574 2.593877 -1.009731
133.770340 426.732574 2.593877 -4.088227
136.438873 316.252136 2.306397 -1.371453
141.824570 283.072968 2.457447 -0.027595
141.905472 292.092682 2.414612 0.217580
145.023178 71.201195 2.512659 -0.752997
146.938599 417.378906 2.514411 -0.754304
148.206970 346.145233 2.615392 0.061890
150.454224 268.814880 2.286122 -1.039349
150.368652 436.264008 2.389315 -4.188017
152.353577 453.945129 2.552946 -2.951751
151.640488 466.596893 2.477199 -3.091126
151.843323 506.666534 2.631071 -3.228297
155.480667 439.774933 2.647617 -4.127329
156.451981 574.777283 2.506386 -0.108292
157.937744 89.006187 2.457715 0.681818
162.067734 443.238831 2.477777 -4.149981
163.071503 249.968460 2.722226 -1.591171
164.928146 387.557556 2.511118 0.456200
166.722931 472.462097 2.438313 -3.163640
166.654907 490.516571 2.429689 -2.866369
168.653397 180.814743 2.469029 0.898075
168.653397 180.814743 2.469029 -0.026705
169.413055 316.590790 2.825734 -1.519913
181.961258 317.724762 2.569565 -1.568043
185.567551 81.544090 2.409219 -4.432248
185.254410 249.934509 2.376419 -1.657699
186.681839 384.705902 2.672721 0.448413
187.348160 435.647247 2.594217 -2.879637
188.366806 603.043823 2.329528 -0.187858
188.366806 603.043823 2.329528 -3.028149
191.508926 370.213562 2.844385 0.065253
193.957535 598.983887 2.324330 -0.164605
198.251480 36.147339 2.368431 0.740736
198.677643 249.169418 2.773572 -1.839669
203.830978 426.185577 2.648664 -0.011708
209.831650 337.936005 2.344739 -0.338030
211.447739 427.265259 2.586864 -0.016708
211.447739 427.265259 2.586864 -3.105146
210.694443 471.831238 2.625608 -0.441697
210.694443 471.831238 2.625608 -4.322159
212.159851 439.012665 2.487876 0.465090
212.159851 439.012665 2.487876 -3.679181
218.136673 424.964172 2.385114 -0.060533
218.136673 424.964172 2.385114 -3.178147
220.224777 15.546700 2.495228 0.270300
220.224777 15.546700 2.495228 -1.923146
220.736694 288.318176 2.351797 -2.987426
220.783585 593.119141 2.335639 -0.730014
220.783585 593.119141 2.335639 -1.928317
220.783585 593.119141 2.335639 -4.288030
223.698959 372.016479 2.329713 -0.247568
225.260300 512.557007 2.356678 -4.700592
225.545242 66.256271 2.912298 -4.684310
236.869522 513.450256 2.849854 1.554770
237.844864 6.915588 2.930290 -3.153117
239.121429 66.474220 2.828411 -3.377075
240.721893 281.932495 2.310951 -0.338293
240.665222 81.860001 2.629380 -3.232037
244.344467 220.531555 2.573126 -3.041067
245.009796 228.434677 2.376729 -3.012125
244.865524 248.878098 2.506513 -2.960191
246.236145 298.762848 2.601790 -3.338594
248.657257 445.960144 2.651035 -3.224483
256.242188 140.660522 2.769922 -0.252267
256.242188 140.660522 2.769922 -1.403623
258.809387 259.977081 2.177491 -0.149047
260.602997 622.878662 2.388067 -4.031189
261.579254 339.701294 2.450613 -0.128125
262.337006 354.459625 2.802837 0.017466
264.398254 470.281952 2.497029 -0.001435
265.298157 480.365448 2.971910 -0.126173
265.197571 489.884613 2.860505 -0.445473
265.661926 45.891495 2.347156 -1.598959
266.072571 345.832947 2.474054 -1.192187
269.079071 254.119659 2.529275 -1.598195
270.718414 285.039337 2.450875 -2.466231
274.801971 44.946636 2.713342 -1.669348
276.505890 628.590088 2.225640 1.462487
280.988098 369.134827 2.305450 -0.542946
283.583588 264.479675 2.676171 -1.113634
283.981598 362.387482 2.420055 -0.536851
283.981598 362.387482 2.420055 -4.400238
283.701080 419.135620 2.515374 1.173266
283.701080 419.135620 2.515374 -0.073416
286.634552 224.788925 2.215317 -1.895600
292.139740 168.209991 2.377641 -4.693670
296.266449 493.685913 2.614837 -1.598698
296.538605 601.327271 2.517232 -1.542475
297.151062 109.008102 2.330704 -4.644659
297.651520 463.493500 2.411090 -1.052366
299.054688 365.827240 2.795405 -1.008783
301.435272 23.734623 2.580192 0.801147
303.118195 102.606468 3.096175 -4.588347
301.595795 224.026459 2.897390 -1.943782
312.847656 601.467102 2.451147 -1.580494
314.047638 346.924194 2.323112 -0.031193
314.047638 346.924194 2.323112 -2.287299
313.451965 470.924652 2.356662 -0.673511
316.341614 451.246399 2.878124 -1.543175
316.891388 102.542412 2.844654 -4.600560
320.654785 486.886749 2.171668 -2.411967
320.321960 497.000641 2.304230 -1.905381
321.311523 158.346085 2.588909 -4.366615
320.957886 348.434296 2.410335 -0.253267
321.307770 461.083191 2.346662 -0.291337
321.307770 461.083191 2.346662 -2.052494
347.736237 510.760681 2.992108 -3.299081
347.736237 510.760681 2.992108 -4.513534
353.200928 339.356964 2.423585 1.199649
358.986450 102.792419 2.645575 1.548631
360.966095 284.706207 2.572763 -3.057780
364.482666 109.195320 2.811575 1.530713
369.798706 402.129120 2.338394 -3.610146
374.056152 190.932983 2.509295 1.266206
373.884155 164.527267 2.313229 -4.614630
374.984497 497.105927 2.299623 -1.436641
378.483185 412.972382 2.312888 -4.465279
380.116180 371.033569 2.501889 -0.118299
385.627411 475.536621 2.559750 -3.249707
387.527161 496.349823 2.251598 -1.572528
390.497620 194.179977 2.314495 -3.969097
396.065857 231.821121 2.556436 -2.235351
396.811035 385.368896 2.303878 1.015862
396.811035 385.368896 2.303878 -2.042744
398.939026 101.473534 3.203853 1.538725
402.755280 410.483582 2.671360 -0.583090
403.443787 497.146057 2.254390 -1.597732
405.726196 600.473389 2.624657 -1.621880
412.130524 443.007202 2.747302 -1.557842
414.455078 176.472137 2.279766 1.470240
414.455078 176.472137 2.279766 -3.121701
413.453674 417.420044 2.474330 1.498134
413.453674 417.420044 2.474330 -2.142762
414.350769 564.806458 2.432938 -1.654804
415.257629 26.396347 2.399811 -4.148833
422.338837 600.066711 2.554471 -1.484451
423.864960 237.335266 2.988856 -1.708837
424.291443 631.793030 2.331666 -2.189392
424.291443 631.793030 2.331666 -4.530962
4.550946 79.680428 3.037163 -1.797880
6.664810 489.791992 3.369370 -1.899004
6.664810 489.791992 3.369370 -3.194313
7.840982 144.725128 3.132426 -1.931800
7.840982 144.725128 3.132426 -2.681283
8.207624 446.921722 3.630155 0.001596
8.338196 528.015320 3.152269 -2.155936
9.633459 397.909760 3.301528 0.079334
11.174433 361.794250 3.159438 0.249218
11.174433 361.794250 3.159438 -3.847867
12.299500 69.789612 3.220060 -3.182832
13.808372 336.949646 3.397253 -0.963493
13.808372 336.949646 3.397253 -4.555726
15.026266 326.672485 3.073848 -1.687434
14.552724 483.678497 3.166975 -3.202364
16.101759 456.331299 3.496385 -2.844475
16.588709 439.886475 3.351232 0.315334
16.588709 439.886475 3.351232 -3.166335
17.743862 413.222748 3.491230 -3.118781
32.556137 434.607513 2.920136 -3.524734
32.647667 55.866314 3.097537 1.416553
32.647667 55.866314 3.097537 -1.272148
33.552902 348.142151 2.994576 -0.969073
38.342735 414.293488 2.744307 0.031761
39.313755 336.409363 3.399129 1.289135
37.959854 593.410339 2.893214 -0.168285
42.247345 513.227417 3.023583 -1.925455
42.247345 513.227417 3.023583 -4.695710
46.055321 399.225586 3.534519 0.170217
48.591030 335.865234 3.076971 1.406345
52.819489 538.606018 3.287679 -0.061010
55.499672 326.515198 3.663241 -1.557078
57.323261 404.499359 3.369087 0.087720
57.323261 404.499359 3.369087 -3.159645
59.765697 114.233337 2.879818 -4.685746
58.653847 257.313354 3.154903 -1.631581
59.842281 574.807800 3.239678 -0.105762
59.842281 574.807800 3.239678 -2.679694
65.288155 249.456497 3.447150 -1.720655
66.765785 516.337524 3.381593 1.307192
68.951492 445.882996 2.880382 -1.554483
68.951492 445.882996 2.880382 -3.822602
73.245667 287.586060 3.139347 -0.368669
74.425743 353.965363 3.195803 -2.313716
79.104279 529.354492 2.938257 -0.776656
79.104279 529.354492 2.938257 -2.059196
79.651482 497.249268 2.825344 -0.367225
79.938057 516.286377 3.356757 -4.564113
90.459366 106.157524 3.384165 -4.538180
90.811752 334.866547 3.419445 -4.603128
92.974510 314.015564 3.231720 -1.787755
92.974510 314.015564 3.231720 -2.988370
94.251144 280.844788 3.311185 -2.205758
104.542908 417.084839 2.963357 -4.136350
104.767433 552.268982 3.368339 -0.312537
104.767433 552.268982 3.368339 -2.785475
105.309799 454.111237 3.637141 -3.076105
105.453499 481.473785 3.464527 -3.161245
108.113365 81.792763 3.030293 0.013183
113.049767 5.088235 3.139630 -3.482869
118.149597 532.221008 2.928049 -4.634046
117.902596 552.207886 2.927175 -0.427116
117.902596 552.207886 2.927175 -2.902151
120.664917 74.484276 2.983756 1.532084
120.664917 74.484276 2.983756 -1.566052
126.522339 299.614594 3.048382 -2.607988
131.294327 74.807976 3.088404 1.013060
142.330048 308.937836 2.872275 0.161145
143.595596 528.136902 3.232457 0.588811
143.500534 574.444458 3.465291 -2.999446
145.567871 37.786858 3.792768 0.415988
147.089478 443.294983 3.515794 -4.187193
154.190689 22.735727 3.122693 0.511978
161.852142 374.489349 3.164110 -2.445841
169.673584 403.401794 3.437434 0.333821
169.673584 403.401794 3.437434 -1.659600
174.244339 451.058289 3.046240 -3.898669
177.075119 380.906006 3.349344 0.605712
179.776505 570.781433 3.613397 0.004822
179.776505 570.781433 3.613397 -3.140910
180.113632 356.029999 3.037529 1.519065
179.561859 528.011841 3.427404 0.013667
179.561859 528.011841 3.427404 -3.094609
180.485825 515.591064 3.547508 1.420386
182.111160 74.522079 3.052707 -4.558048
183.443665 334.368652 3.411443 1.558574
188.167404 411.080872 3.360375 -0.633340
188.479553 426.275635 3.149722 -0.058392
194.186432 74.469910 2.838346 -4.158773
195.077103 173.960846 3.203350 -1.825840
195.077103 173.960846 3.203350 -4.419005
195.783295 618.693298 3.127671 -0.013202
203.757187 514.737854 2.983160 1.476355
207.049896 209.260071 2.926718 -2.173179
213.351700 92.126556 3.229163 -4.416996
214.936127 514.223633 3.306542 1.548996
221.132919 102.971153 3.196437 -4.632835
223.733276 387.033661 3.037937 0.270414
234.016647 361.980377 3.291942 -2.494837
234.834732 446.654816 3.315364 -1.660932
235.536865 568.720520 2.976482 -1.589404
237.552216 455.234344 3.020035 -1.631834
238.620575 45.071983 3.175423 -1.903323
238.620575 45.071983 3.175423 -2.996933
239.167877 110.017120 3.216784 -3.371737
239.438965 140.462509 3.233069 -1.944674
239.438965 140.462509 3.233069 -2.817561
240.524170 160.186478 3.449526 -4.365003
242.139420 205.443619 3.769946 -3.057685
247.811539 420.031647 2.905892 -3.204492
248.906982 513.979675 3.282231 -3.432770
248.906982 513.979675 3.282231 -4.514937
249.041962 527.167908 3.387330 -3.167093
256.706665 441.141174 3.610685 0.084206
265.537384 419.906494 3.322376 0.142457
265.337341 445.124298 3.111089 -0.001806
270.682159 453.761841 3.351551 -1.480051
276.890778 355.717346 3.517828 0.854997
276.890778 355.717346 3.517828 -0.864488
278.137726 189.245499 2.887609 -4.434634
280.401855 181.214127 3.143247 -4.415352
281.479004 342.752960 2.918249 -0.179938
281.479004 342.752960 2.918249 -1.579334
288.321625 277.404724 3.549060 -0.954720
288.321625 277.404724 3.549060 -2.152637
290.625275 358.181213 2.976933 -0.422384
291.155212 440.785492 3.486957 0.440047
291.155212 440.785492 3.486957 -1.663553
294.959686 632.752563 3.158481 -0.963297
300.861145 223.082428 3.114951 -1.960816
305.551849 443.487854 3.194901 -1.664149
319.147400 399.177155 3.026781 0.645544
328.120941 132.413742 3.372740 -0.027995
327.596710 565.485535 3.520895 -1.343482
337.901672 307.699890 3.637395 -0.190160
337.901672 307.699890 3.637395 -3.326396
359.306366 554.733826 3.159962 -1.064675
363.247955 27.953360 3.314842 1.124977
363.247955 27.953360 3.314842 -3.618030
368.269318 342.512695 3.120428 1.424615
371.421692 365.270172 3.557326 -0.108435
372.667786 418.993317 3.287015 -4.508165
375.526093 598.394165 3.446040 -1.520663
381.668823 102.038231 2.840358 1.551128
386.161896 109.245605 3.080281 -4.704086
389.936371 345.175720 3.708487 1.035573
393.098358 478.776917 3.006509 -3.231576
393.309174 598.799561 3.266114 -1.516396
401.519226 166.727692 2.734926 -4.691116
406.035828 598.912354 3.099063 -1.621846
407.046265 332.254913 2.898688 -4.700332
412.302216 17.438248 3.245813 1.352179
412.481781 511.934418 3.181515 1.535901
424.110992 632.706299 2.749676 -4.619623
4.570967 165.455795 4.191914 -3.327422
4.570967 165.455795 4.191914 -4.231761
8.367102 446.911896 3.710694 0.002335
16.260105 456.632874 3.587658 -1.375535
16.260105 456.632874 3.587658 -2.697463
20.508835 387.441040 3.703887 -3.098832
25.787325 294.643433 4.455861 -3.410162
30.217796 614.798950 3.856434 0.213448
30.217796 614.798950 3.856434 -2.595709
33.433163 550.676086 3.629144 0.908930
40.967525 622.847107 3.876622 -1.507767
46.780128 181.189728 4.196661 -1.505785
54.133389 92.227516 3.800604 -4.657876
55.325665 326.531891 3.664073 -1.531536
60.361549 203.672729 4.113464 1.215763
68.971893 399.209778 4.069499 -3.412636
75.411224 89.220337 3.757854 -4.569786
80.010994 356.109833 4.282168 -0.748275
80.010994 356.109833 4.282168 -2.510271
81.368065 516.800598 4.443584 -3.601421
81.368065 516.800598 4.443584 -4.551467
87.985909 65.697411 4.461612 1.568364
91.564484 540.069336 3.791077 -0.126556
91.564484 540.069336 3.791077 -1.977166
96.602829 163.611511 4.253452 -4.495224
102.100975 586.125244 4.516531 -2.591402
102.089661 586.094299 4.497970 -2.592078
105.441750 454.134033 3.573903 -3.109637
104.538605 532.203918 3.877464 -4.441583
112.818207 522.734619 4.206047 -4.516377
116.232498 451.456390 4.336158 -3.214801
130.753998 585.382202 4.807152 -0.340290
143.033279 574.073364 3.624638 -0.401907
143.033279 574.073364 3.624638 -2.905535
145.507767 37.132275 3.742731 0.467573
148.896454 367.337372 3.649131 -0.024833
151.001999 335.160248 3.965591 0.267621
156.542084 76.827484 3.781612 0.762822
179.925461 356.590820 3.537333 1.493024
178.412903 432.878510 4.023821 -1.024743
179.417816 597.886780 3.811875 -0.283970
182.003769 345.703247 3.966920 -0.906686
180.047638 618.472046 4.172005 0.072117
184.022614 334.605499 3.553382 1.538538
187.356979 324.796967 3.955697 -1.578729
200.142242 86.460251 3.584985 -4.204206
202.357620 436.166901 3.918736 0.585258
207.272003 75.628555 4.046343 -4.343578
211.719391 7.604708 3.749352 0.435655
211.719391 7.604708 3.749352 -3.896975
215.179749 626.485657 4.210283 -4.671067
232.777039 216.595169 3.923368 -1.666432
239.509949 161.002197 4.004647 -4.296983
241.164246 377.944794 3.907789 -3.220223
241.324081 505.114624 3.845808 -4.681057
244.689774 340.949707 3.687662 -3.222071
249.091980 472.803772 3.551491 -3.122684
257.472321 87.864082 4.041855 0.083092
256.608337 439.415527 3.916446 0.123718
264.556519 335.115051 4.289962 1.192112
267.435089 76.705002 4.138861 -4.635265
267.596039 515.725586 4.060483 1.240437
267.596039 515.725586 4.060483 0.336295
279.985352 434.083496 4.531913 0.365841
288.653198 277.756592 3.583911 -1.282224
288.653198 277.756592 3.583911 -2.188760
293.981445 452.721008 3.889107 -1.596614
299.212952 335.733765 4.216113 -4.609075
304.605347 406.419922 3.809582 -3.443248
306.959442 432.355713 3.669971 -3.137079
320.759583 323.698334 3.658925 1.344205
320.759583 323.698334 3.658925 -1.468015
321.057434 27.533991 4.299378 -3.314920
328.276825 502.236359 4.124777 -0.074235
331.423615 385.223846 4.470845 -3.230379
337.567230 307.336334 3.703599 -0.169066
337.567230 307.336334 3.703599 -3.369789
339.839630 340.058136 4.198375 -3.266068
371.369934 88.453445 3.739921 1.459608
374.678802 351.787415 3.934085 0.900076
380.093506 20.422930 3.826182 1.105438
382.116211 101.328438 3.507809 1.543602
388.342560 87.016823 3.570669 1.418931
388.438110 386.210907 4.262533 -0.882860
388.822235 442.363678 3.702081 -1.604122
389.662598 345.599670 3.555621 1.002115
408.037842 351.387604 3.801312 1.401846
414.895599 233.526733 3.576518 -1.984735
11.212838 44.409824 4.699639 -2.780991
13.469337 313.994873 5.279865 -0.018807
20.147112 608.066162 4.475467 0.061398
20.147112 608.066162 4.475467 0.061398
23.626940 573.409607 5.611262 0.781083
23.626940 573.409607 5.611262 -2.015465
25.505667 517.653198 5.240825 -2.019736
34.599545 44.483433 5.060734 -0.269805
34.068119 165.540771 4.920742 1.293275
42.089981 435.647766 4.830137 -1.058342
42.361897 561.546631 5.366353 0.935999
42.361897 561.546631 5.366353 -2.357740
44.505661 80.955574 4.924827 -4.574826
56.178226 456.759827 4.775444 -1.470544
62.169918 549.539368 4.781803 -2.266062
71.768745 185.475998 5.009787 0.970210
84.686371 473.664673 5.683997 -3.074436
95.552231 78.199944 5.110573 -4.572715
104.197304 66.542015 4.608864 -4.676090
112.504684 88.435257 4.885287 0.074781
115.791557 372.666107 5.485137 1.559627
119.345734 633.363464 4.788386 0.263883
124.478699 384.224091 4.791857 1.444604
123.729294 434.277374 5.258461 -4.204881
140.470184 597.139893 4.579746 0.164997
141.662613 628.989319 5.155789 -2.922253
157.204254 163.873184 5.235220 1.124452
158.164444 65.720726 4.944762 1.383404
161.291214 438.495789 5.644979 -1.106334
161.291214 438.495789 5.644979 -4.020907
161.704147 517.323242 4.797364 -4.653230
168.789001 607.799194 4.838833 -0.283195
170.570969 87.299515 4.581282 1.022000
172.519699 257.425934 5.106994 -1.580755
183.964264 86.295532 5.232115 -4.504475
190.545425 312.207458 5.395679 -1.607569
196.590744 392.817108 4.551315 -2.361150
216.314148 376.818359 4.986364 -0.096080
216.314148 376.818359 4.986364 -2.579560
224.343048 42.160748 5.009572 -1.655877
230.016617 257.482361 5.497576 -1.685954
246.256790 54.001816 5.575771 0.509973
246.256790 54.001816 5.575771 -3.906579
247.886200 604.109741 5.201801 -2.818358
255.041473 382.264984 4.977066 -3.174473
265.036865 310.416382 5.044592 -1.245954
268.703247 479.393768 5.034982 -0.325121
271.947815 604.495605 5.403623 -1.158192
280.095581 10.848199 5.094328 1.039036
280.095581 10.848199 5.094328 -3.192463
284.227142 75.991447 4.364182 -1.714744
284.227142 75.991447 4.364182 -4.576563
283.966156 392.287628 5.534369 -0.282642
300.214386 75.136528 4.635470 -1.804411
300.214386 75.136528 4.635470 -4.538420
309.444031 39.740566 4.919649 -1.749127
318.467987 356.909607 4.834759 -0.073456
321.641693 75.434853 5.091972 0.180513
320.061768 432.068573 5.246716 -0.036945
320.061768 432.068573 5.246716 -3.235793
323.138855 310.504333 5.418015 -1.497867
326.570557 335.086365 5.043683 -3.477852
344.062256 395.467865 5.072855 -3.209479
350.885437 75.812447 4.603586 -2.747029
357.766510 371.055603 5.266744 -0.244272
362.915619 439.178223 5.439025 -1.483269
380.261658 178.404953 4.803541 -4.666172
392.956757 74.593513 4.799803 1.421302
392.956757 74.593513 4.799803 -1.476931
395.341858 184.063141 4.608417 -4.555459
395.178772 543.370422 5.040339 -1.581948
403.549713 485.918427 4.326296 -1.572259
404.683777 35.990482 5.561402 -1.584065
404.400024 86.694328 4.665219 1.517699
410.943817 190.633850 4.820783 1.314770
413.354218 74.032112 4.619379 -1.671388
413.354218 74.032112 4.619379 -4.696643
6.997211 597.740540 6.572706 -1.464853
21.575251 55.670792 6.431932 1.000774
25.968111 359.399719 6.617172 -1.102069
25.968111 359.399719 6.617172 -3.751580
38.689499 137.839615 7.030586 1.198732
38.689499 137.839615 7.030586 -1.358559
55.032707 191.220688 6.334999 1.278786
55.751102 503.580688 6.023211 1.267791
57.661457 312.946350 6.683966 1.435441
57.661457 312.946350 6.683966 -1.475659
74.956940 312.704773 5.859175 -1.698626
83.532417 294.512604 6.030383 -4.528707
93.958405 136.520935 7.259312 -1.853452
93.958405 136.520935 7.259312 -4.448887
115.014267 38.931427 7.164687 -1.710441
140.929703 429.214508 6.430987 -0.807406
161.193069 387.166321 6.338647 0.475726
183.168655 23.954065 5.893921 0.985954
191.984924 502.835663 7.160157 1.462140
199.633163 17.995789 5.628016 0.582416
199.633163 17.995789 5.628016 -4.089704
205.050247 325.702454 6.112270 -1.455355
211.779007 602.248840 6.748262 -1.528106
219.366074 242.332993 6.113198 -1.675192
222.444046 310.290009 6.548532 -1.531731
222.444046 310.290009 6.548532 -4.670469
224.200455 545.895386 6.135008 -1.468476
234.000748 134.123871 6.621825 -2.052001
234.000748 134.123871 6.621825 -4.111353
242.794357 29.739298 6.906254 0.000301
249.404465 149.674408 7.197912 1.437819
261.416962 617.867615 7.034150 -0.978834
261.416962 617.867615 7.034150 -4.383854
263.323669 133.886047 6.798406 1.305962
263.323669 133.886047 6.798406 -1.391848
288.870087 478.607239 6.530521 -1.354925
290.354126 310.700043 6.145766 -1.612143
290.354126 310.700043 6.145766 -4.700669
298.797852 456.676666 6.771252 -1.536570
309.153900 323.831970 5.763177 -1.576547
310.337708 163.168701 6.178705 -4.453490
314.893646 388.039520 6.141778 0.326408
318.466095 241.829086 6.261819 -1.669511
339.392029 66.725975 6.037386 1.454592
339.194061 323.467316 6.451712 -1.129384
339.194061 323.467316 6.451712 -3.726523
342.860565 133.064682 6.887209 1.371764
342.860565 133.064682 6.887209 -1.382770
346.667480 428.728027 5.910721 0.135813
346.667480 428.728027 5.910721 -3.247917
349.975342 242.086731 6.966822 -1.364206
354.263885 543.040405 6.562045 -1.477721
357.756226 349.710602 6.688158 0.941417
357.756226 349.710602 6.688158 -0.590353
362.808624 419.048889 5.702292 0.201722
365.541718 310.346619 6.309404 1.472432
365.541718 310.346619 6.309404 -1.378510
384.356720 483.860443 5.620554 -1.409193
406.766937 395.954498 6.503414 -0.860298
413.508453 455.947845 6.230281 -1.579129
1.688940 509.826385 8.393690 0.889037
17.706253 154.194412 8.084759 0.884199
39.341297 137.267715 7.284988 1.108173
39.341297 137.267715 7.284988 -1.198819
43.088173 533.553101 9.046166 -0.097526
93.028114 136.016281 7.503722 -2.112709
93.028114 136.016281 7.503722 -4.372238
112.844582 35.838394 8.516291 -1.775724
113.208565 392.467773 7.481498 -0.900566
160.352005 134.426239 7.937539 1.078963
160.352005 134.426239 7.937539 -0.786904
166.165070 379.888580 7.815615 0.411739
165.701996 502.139679 8.015282 -4.687519
193.136673 502.003235 7.877804 1.443202
201.641449 462.746735 7.589591 -1.099934
211.354523 221.161255 7.618890 -2.172644
237.851105 385.118347 7.781099 -3.080807
251.098679 324.584442 7.981443 -0.873233
251.098679 324.584442 7.981443 -2.578060
251.098679 324.584442 7.981443 -3.670391
277.477448 522.529541 9.235575 1.412380
305.165802 132.731598 7.399060 -4.482233
309.550232 545.724304 7.837157 -1.623333
327.687256 149.152451 7.624269 -4.376960
339.238342 323.433990 6.600218 -1.064137
339.238342 323.433990 6.600218 -3.738988
348.383362 371.271088 8.430870 -0.152134
348.383362 371.271088 8.430870 -3.229002
353.291382 240.085251 8.805367 -1.407418
358.087646 501.194489 8.782166 -4.622755
383.293854 403.992401 8.786315 -0.804314
47.822193 376.570007 11.246777 1.446240
47.822193 376.570007 11.246777 -0.971890
59.475777 347.979980 9.960865 -0.967334
72.610649 523.852478 10.797969 -4.040688
80.831406 559.076721 10.669952 -1.813345
108.693855 542.138916 9.740406 -4.392291
121.732773 590.783325 10.685866 0.024325
121.732773 590.783325 10.685866 -2.308079
235.931488 523.887390 10.209552 -4.642223
258.850372 501.134766 10.744283 1.500777
296.779419 436.740204 9.685713 -1.405349
374.352112 524.118042 10.415029 -4.692176
59.281540 409.031494 12.549262 1.423064
59.281540 409.031494 12.549262 -3.589948
69.722137 103.541328 12.441794 -4.648576
77.332901 604.376587 11.683794 0.474923
77.332901 604.376587 11.683794 -2.034635
202.693130 101.073730 12.351255 -4.592477
260.578918 406.792877 12.338832 0.162369
313.461670 553.347168 11.314075 -1.557629
324.411804 105.636818 12.673085 -4.698785
334.330994 522.611328 11.930288 -4.678938
360.521942 235.742722 13.006533 -1.458536
116.232330 507.416840 15.660290 -4.109391
122.140900 337.821442 16.808016 -0.054539
122.140900 337.821442 16.808016 -2.695614
124.587730 165.037292 18.607670 0.189582
124.587730 165.037292 18.607670 -3.342958
170.578247 229.539429 17.819933 -0.273076
170.578247 229.539429 17.819933 -1.665119
223.776413 586.174377 16.485891 -0.608691
67.076202 328.068024 20.080101 -1.133549
67.076202 328.068024 20.080101 -2.414584
201.291809 482.894470 21.419645 1.414720
61.910934 213.423355 28.229877 -1.666428
180.405304 211.067749 26.195942 -1.562292
246.889191 269.442596 22.907604 -1.566755
269.121887 484.686066 23.183645 1.326565
287.229523 205.195923 26.572433 -1.498813
391.769928 481.089996 24.971470 -1.593133
391.769928 481.089996 24.971470 -4.599994
196.849152 383.839264 31.802017 -0.539130
322.774963 542.507874 29.833439 1.411736
145.453293 465.179382 41.771870 1.065884
145.453293 465.179382 41.771870 -0.561772
