50 572
82 119
85 679
87 5
88 332
89 7
92 11
93 3
94 4
95 9
105 291
107 22
108 18
109 15
110 19
111 302
113 370
115 287
119 28
120 35
122 25
124 30
126 32
127 292
130 45
132 38
133 82
138 39
141 306
142 41
143 42
144 49
146 54
147 51
149 12
151 54
153 44
154 14
155 64
159 67
160 62
168 321
169 93
174 77
175 79
179 325
184 89
185 95
188 352
190 92
193 337
198 101
199 97
201 96
203 102
204 99
205 100
206 110
207 106
208 105
209 111
211 125
216 123
217 355
218 131
219 132
222 128
223 895
225 134
229 135
230 398
231 127
233 374
235 328
237 141
247 140
252 147
253 148
254 154
255 156
261 152
262 158
265 164
266 399
268 169
269 893
270 152
273 170
275 166
277 174
278 175
281 401
282 177
283 184
284 185
285 180
286 181
287 186
288 183
293 187
294 188
300 202
330 429
336 385
340 573
341 574
344 285
346 715
347 716
348 162
349 398
354 678
356 202
357 641
360 270
361 470
365 472
366 273
367 483
368 484
370 271
371 485
372 276
373 278
374 23
375 491
377 286
378 282
379 283
380 489
381 490
382 289
384 632
386 295
388 277
390 294
392 300
393 301
394 509
395 36
397 298
398 302
399 307
402 304
405 317
411 323
414 323
416 337
417 316
424 87
426 331
427 330
428 329
429 332
430 340
432 336
433 341
434 339
435 346
436 342
437 343
438 98
440 349
441 119
442 351
443 357
444 556
446 358
447 555
450 360
451 361
452 364
453 365
454 362
455 363
457 370
458 366
459 367
460 136
462 142
463 373
464 375
465 381
466 81
467 385
468 397
472 397
473 578
474 394
475 395
476 390
477 171
478 172
480 402
481 403
483 178
484 179
485 404
486 405
487 406
488 407
489 412
490 415
493 192
496 194
497 195
502 522
539 463
540 627
543 902
547 500
549 474
550 476
551 481
552 477
554 480
556 492
557 627
558 494
559 493
560 501
564 499
565 500
567 505
570 503
571 504
573 506
575 299
576 511
577 636
578 510
580 512
582 515
583 513
584 310
589 520
592 517
597 528
600 652
601 531
604 333
605 334
607 335
609 536
610 537
611 538
612 540
613 539
614 543
617 544
618 545
619 350
620 552
621 553
622 549
623 550
624 354
629 558
630 667
631 565
632 379
633 561
634 382
635 564
636 384
637 377
640 572
641 386
642 575
643 577
644 580
645 581
646 584
647 585
648 588
650 414
653 593
655 522
669 574
672 709
673 710
677 716
683 623
684 713
688 714
689 495
690 496
691 718
692 719
693 634
694 635
697 678
698 641
699 522
700 645
701 517
705 653
706 534
707 649
709 335
711 772
712 773
713 658
714 656
715 660
716 659
719 663
720 402
721 667
722 668
723 567
724 570
725 160
726 571
727 562
728 670
729 674
730 671
731 673
732 574
733 575
734 677
736 675
737 676
739 580
740 581
741 586
743 590
744 683
745 684
760 615
774 711
775 709
776 710
778 716
779 789
780 792
781 721
786 725
787 726
790 730
792 733
793 734
794 738
798 741
799 744
800 742
801 743
802 745
803 746
804 747
805 672
807 748
808 750
809 678
810 756
811 755
812 680
817 781
828 784
829 785
830 844
832 790
833 791
835 850
836 797
837 799
838 801
839 802
840 740
841 800
842 803
843 805
846 807
847 806
848 809
849 808
850 815
851 816
852 813
853 752
854 757
855 819
856 818
867 843
869 846
871 850
873 853
874 857
875 856
877 804
878 811
880 858
882 865
883 859
884 860
885 861
886 862
887 794
894 874
895 887
896 875
898 876
899 877
900 879
901 880
903 881
904 882
908 887
910 896
911 890
912 891
920 899
921 900
922 897
923 898
924 902
925 903
926 904
927 905
928 906
930 909
931 908
932 909
936 916
937 917
