2.496907 344.624420 1.937687 -0.732851
5.027548 271.642303 1.881269 -0.489279
5.657518 335.421997 1.993133 -0.439169
9.365073 278.242035 1.869044 -1.095911
10.138058 300.513641 1.807164 0.552231
12.774488 109.160179 2.006403 -4.298951
14.120052 29.202253 1.987773 -1.444804
19.873728 154.769623 1.764067 -0.304438
21.808477 524.245972 2.121370 -0.014764
22.986824 21.347233 1.946233 -3.737722
23.924068 279.044800 2.028402 -0.127138
28.172989 313.559174 2.108733 -1.320759
28.873638 501.127625 2.001626 -2.786396
30.207180 462.200775 1.843828 -0.116792
30.207180 462.200775 1.843828 -2.905316
30.115150 471.427582 1.962937 0.027021
30.115150 471.427582 1.962937 -3.135001
30.978788 446.348755 2.093687 -4.115721
32.379677 262.481873 2.160003 -1.018584
34.395069 70.374634 2.161033 -3.798065
34.278831 82.087051 1.983275 0.505095
36.229267 267.706024 1.998744 -0.405423
35.795525 580.581970 1.863385 -2.861502
37.825539 402.845917 2.248881 0.362300
38.258072 519.937744 2.116382 -2.909553
38.258072 519.937744 2.116382 -3.778162
37.873394 528.960449 2.185822 -3.125460
42.087914 27.586733 1.929813 0.075546
42.115906 248.103149 2.223129 -1.327288
42.206882 308.302521 2.118433 -0.247721
47.631535 243.829865 2.390314 -1.547940
53.500275 440.957916 1.768416 -0.843426
52.372547 458.501465 2.104703 -4.275570
54.622913 99.388283 1.982629 1.442261
55.400276 392.743927 1.986673 -0.501781
56.280361 514.077148 1.986179 -3.632109
56.280361 514.077148 1.986179 -4.712254
58.149624 307.815155 2.203299 -0.777425
61.290066 523.994019 2.199149 0.068953
61.290066 523.994019 2.199149 -3.119544
61.798740 516.940979 1.901141 0.297485
65.117043 114.302223 1.739113 -4.655946
63.766602 303.373840 2.338520 -4.680341
66.910629 528.394531 2.442881 0.050661
70.702972 244.637100 2.432541 -1.615381
73.345062 25.264427 1.927872 -4.536447
74.466942 310.063904 2.151335 -0.340455
74.466942 310.063904 2.151335 -3.224156
76.410362 77.269066 1.820740 -4.701309
75.837212 273.508789 2.037286 -0.708944
76.154182 636.758118 2.063717 -0.865205
76.154182 636.758118 2.063717 -2.813539
78.195374 490.654327 2.285548 -0.299906
78.533348 259.614471 2.031388 -1.121780
78.533348 259.614471 2.031388 -2.282902
79.204605 266.577057 1.872949 -0.954828
79.456192 620.038513 2.207173 -1.707848
80.229462 16.355381 1.954537 1.165985
80.229462 16.355381 1.954537 -3.447096
81.532982 233.149796 2.315430 -3.125033
84.166603 497.530396 2.089253 -1.706473
84.746498 333.294952 2.033396 -3.977864
88.590675 234.904816 2.365630 -3.217864
87.794800 277.637878 1.883379 -1.952046
90.286034 585.551270 1.884193 -2.191437
90.286034 585.551270 1.884193 -4.259755
92.500626 283.211273 2.011955 -1.970250
92.500626 283.211273 2.011955 -4.074283
94.621468 216.098938 2.268468 -1.961674
95.826530 26.925196 1.980099 1.274351
96.147667 278.647522 2.120631 -1.065039
97.413338 99.048981 1.871921 1.543426
100.515938 31.761238 2.012931 -4.579228
99.990631 312.302795 1.913661 -1.429639
100.231049 406.494385 1.953528 -2.735096
102.585373 16.473869 2.195470 -3.552137
101.689735 224.825775 1.943673 0.968277
103.414093 477.640503 1.701853 -1.661703
104.094513 93.306961 1.905053 1.468835
109.728622 79.040070 1.929610 1.350102
109.791672 232.237274 2.110413 1.488254
109.791672 232.237274 2.110413 -2.268072
110.413948 360.737671 1.878184 1.395153
110.413948 360.737671 1.878184 -1.303308
109.415558 394.162659 1.899339 -1.253121
109.415558 394.162659 1.899339 -3.702588
111.297997 99.812782 1.979611 -4.658018
110.722557 632.824463 2.114898 -4.309266
111.951599 381.716003 1.869105 -0.728261
112.681442 491.245911 1.772253 -1.206626
114.518105 30.214222 1.966064 0.415184
114.518105 30.214222 1.966064 -4.420946
117.794601 104.913345 1.759102 1.512450
121.491730 366.587769 2.116652 -2.498849
121.729797 191.692154 2.005173 -1.389918
125.139008 377.015564 2.139712 -3.043375
124.852058 621.832642 1.805556 -4.532791
129.383286 33.438782 2.043072 1.541288
129.383286 33.438782 2.043072 -3.455782
128.676804 76.066467 1.942353 0.752425
129.031296 409.555664 2.180332 -3.044389
129.724426 360.742615 2.038419 -3.200440
130.718292 49.071548 2.134816 -1.444448
132.304504 219.123154 1.976441 -3.100763
132.128006 227.076736 2.047768 -3.075385
134.936539 44.104694 2.231055 -1.568484
134.936539 44.104694 2.231055 -3.051620
140.202957 620.974609 1.861608 1.163257
140.946747 630.885315 1.829946 1.338407
141.859253 445.866821 2.004852 0.013386
144.783661 248.904510 1.901248 -0.285607
146.288635 140.884293 2.166576 -0.220208
146.288635 140.884293 2.166576 -1.257066
147.699600 12.253893 1.602646 0.037105
148.110764 45.721390 2.053236 -0.117166
153.150482 103.297340 2.124647 -4.634600
154.288666 236.212997 1.970313 -1.238152
156.144913 345.804779 2.004172 -0.789836
159.532104 306.931091 2.190382 0.169648
159.532104 306.931091 2.190382 -3.377856
160.953110 104.233543 2.001210 -4.625088
160.894302 248.749924 2.172121 -1.521883
163.932205 13.999386 2.298185 1.189622
163.005554 406.155762 1.880853 -0.879885
162.679520 496.887360 1.906282 -1.330356
163.757111 369.494110 2.100554 -0.500398
163.967972 412.295990 2.207597 1.227640
166.073349 571.074890 2.086337 -4.710006
166.223816 356.514557 2.224864 1.522647
168.251038 407.465332 1.913343 -1.031954
169.092010 238.153656 1.917545 -1.043491
169.092010 238.153656 1.917545 -1.766662
171.565323 515.836609 2.167018 1.504820
173.483780 37.622925 1.766949 -4.238930
173.020355 48.791656 1.879393 -1.541726
173.023499 382.997437 1.942294 -4.699423
172.943451 469.066193 1.900060 1.347643
172.904312 592.270325 2.205940 -1.863323
173.422668 214.064072 2.098341 -1.906435
174.614090 100.775505 1.836608 1.568233
177.451645 244.353134 2.047635 -1.325854
184.279190 396.486633 1.957740 -3.571037
186.071075 33.910858 2.204456 1.281582
185.896149 382.953278 2.100521 0.585845
185.896149 382.953278 2.100521 -2.758881
188.065994 403.414703 2.014557 -3.406087
189.150436 111.913101 2.031603 -4.602143
193.804581 515.377075 2.075139 -4.685859
196.768631 348.018555 2.248821 0.073496
196.768631 348.018555 2.248821 -2.384324
197.029587 421.261414 1.819071 -3.134196
197.691116 274.277069 2.088750 -0.725825
198.298309 486.149475 1.960468 -2.564469
201.284164 444.848663 1.883751 -1.450275
202.730667 145.958725 1.950159 -1.661208
202.876404 161.994995 1.971587 -4.474524
203.170746 556.278992 2.134679 -1.256765
203.667084 569.854431 1.837888 1.566925
204.679306 6.946268 2.094502 -4.265455
207.563660 632.481628 1.814547 -1.369338
211.592133 102.800079 1.889542 -3.414810
211.746414 163.213654 2.191430 -4.243745
212.804840 223.162079 2.024048 -3.102646
212.945908 251.710526 2.130205 -1.757824
214.719376 45.229218 1.926981 -2.893905
219.005737 115.402626 2.035599 -4.459662
219.138321 300.892303 1.926513 -4.524465
222.521622 509.785095 2.314736 -3.265988
222.521622 509.785095 2.314736 -4.439461
225.638687 23.238617 1.970143 -3.198677
226.190781 133.223190 2.128493 1.445689
226.190781 133.223190 2.128493 0.175812
226.163422 340.054749 2.046774 0.190399
226.490601 562.058044 2.207539 1.100771
230.156494 357.583069 1.825340 -0.195682
231.427399 444.107849 2.092753 -0.203423
234.856384 431.268707 1.847014 0.202153
236.559784 55.524391 2.294162 -1.335973
236.158783 171.148926 1.968512 -4.481045
237.007156 202.032776 2.228853 -1.060265
236.532684 365.471039 1.973054 -1.115526
241.174683 315.995667 2.009411 -0.757255
242.764145 309.281067 2.195808 -4.613079
243.471497 487.286865 2.199300 -2.366093
246.375809 513.680176 2.341518 -4.705717
247.057724 274.544342 1.755536 -1.703567
248.468246 320.209656 1.985047 -1.552753
249.097092 403.438141 2.244063 -3.517475
249.204483 433.807159 1.789136 -3.836506
251.056015 613.862305 1.847583 1.518782
253.599792 99.144440 2.002771 -4.659610
253.953674 338.727417 2.013861 -4.707084
253.971283 387.711426 2.028172 -0.267524
253.971283 387.711426 2.028172 -1.700406
256.159180 306.214966 1.721818 1.524821
256.999451 414.460114 2.082273 -4.465043
257.005646 584.629578 1.970265 0.941387
258.110168 392.773315 2.190871 -1.059818
259.208099 377.754730 1.960313 -0.143810
259.884338 339.811279 1.942433 0.189886
260.970093 474.843292 2.249381 -3.191004
266.057068 340.337616 2.033096 -1.891089
266.842712 206.315536 2.051656 1.370279
267.708527 310.179535 2.280237 1.446451
270.364838 393.240417 1.866799 -0.998387
269.992340 399.776154 2.072326 -0.824994
269.813019 435.126434 1.986643 1.481024
271.735138 106.148880 2.064638 0.139845
271.735138 106.148880 2.064638 -0.781975
273.788910 125.336479 1.888971 -4.563122
276.995300 110.569328 1.746833 1.522360
276.995300 110.569328 1.746833 0.230553
279.190857 143.036438 1.785598 -4.606967
278.944672 406.933960 2.019514 -0.737409
282.796783 478.113617 2.069405 -3.198893
282.695251 559.016235 1.796170 -1.708000
284.171722 345.215027 2.130216 -1.821876
284.999542 576.108826 2.117616 -1.486386
286.319519 436.216583 1.914189 1.380430
286.530243 193.121582 2.132968 -3.819141
287.159424 217.900085 2.058336 1.078662
287.159424 217.900085 2.058336 -3.014527
287.505310 464.691376 1.711185 -4.481089
287.621765 472.617218 1.987208 -0.724752
287.621765 472.617218 1.987208 -3.019751
289.326599 377.605713 1.949413 -2.401655
291.543671 412.748138 2.100481 1.561479
291.543671 412.748138 2.100481 -1.307531
293.006989 243.223083 1.837266 -2.691572
292.544708 539.038025 1.987233 -1.716117
293.871613 144.973938 1.814522 -4.624912
294.997040 21.935337 1.857162 -4.231948
294.956055 178.040726 1.856638 1.280799
295.717682 307.238800 1.874374 -4.641825
295.902283 381.385345 2.162823 0.108748
296.313751 402.963654 2.083961 -3.002651
296.966125 417.811890 1.922581 -1.630242
296.966125 417.811890 1.922581 -4.677760
302.885132 47.729435 2.078696 -4.162684
302.541870 108.204391 2.036740 0.420279
303.506134 42.602673 2.000527 -4.329413
304.020935 464.833557 1.819264 -4.522011
306.086121 359.315033 2.075527 -2.071119
307.468750 53.491558 2.083366 -4.136064
306.887573 370.151581 2.190578 1.490667
306.887573 370.151581 2.190578 -2.036813
307.238892 381.275848 2.191990 1.404207
308.501587 392.454834 2.137450 0.121808
308.501587 392.454834 2.137450 -2.191476
309.228302 550.820923 2.191085 -1.600098
314.109436 357.080811 2.183692 -2.128157
316.289276 321.838989 2.221714 -1.550199
319.867554 217.760101 2.045586 -1.436935
321.105713 30.081123 1.940509 -4.661025
321.858948 383.576050 2.420541 -1.729231
323.699341 120.097923 2.092976 -4.582649
324.368622 288.977570 2.001059 -0.557482
324.368622 288.977570 2.001059 -4.387931
323.684479 391.075867 2.031955 -3.087893
323.684479 391.075867 2.031955 -4.524233
326.847961 341.024170 1.968514 1.509148
327.839996 319.221893 1.841903 -1.058091
327.460846 387.341736 1.794844 0.210230
327.460846 387.341736 1.794844 -0.571629
327.460846 387.341736 1.794844 -2.016724
328.368652 432.129150 1.950826 0.244157
328.368652 432.129150 1.950826 -3.104580
328.415894 513.030273 1.871201 1.516454
330.524902 400.473602 2.059793 -2.921850
331.774506 195.230011 1.965173 1.473773
334.907349 346.403290 1.967421 -3.371483
336.398193 257.012878 1.929332 -1.600010
337.087341 465.188080 1.824837 0.950108
338.290039 261.951691 1.829816 -1.603562
338.196503 322.140198 1.866463 -1.635355
338.015045 483.771667 2.100114 -0.851562
338.015045 483.771667 2.100114 -2.267725
338.098358 491.628967 2.029879 -1.630789
339.073730 359.100372 1.799506 -0.009613
339.073730 359.100372 1.799506 -3.389630
343.535492 455.520996 2.020447 -1.376168
343.535492 455.520996 2.020447 -4.251203
343.952209 359.167938 2.011106 0.017873
344.934662 284.449677 2.092695 0.465020
345.298737 383.533813 2.117258 -0.039695
347.566223 467.841370 1.779613 -0.737868
352.625732 424.944489 1.935234 -2.200502
353.902588 158.687332 1.979414 -1.704148
353.902588 158.687332 1.979414 -2.935707
354.683685 175.274490 2.380787 -3.427849
354.683685 175.274490 2.380787 -4.378308
354.703613 473.970062 1.979554 -0.824543
356.643494 525.526001 2.214125 -1.650567
363.593719 508.608673 2.169758 -3.279689
364.620667 146.383911 2.030153 0.101026
365.873047 159.804733 2.126631 -0.309218
367.042358 176.288010 2.099082 0.109355
371.781372 623.450989 1.890451 -2.336694
373.149323 259.711334 1.989234 -0.381334
373.863953 61.869484 1.920625 -2.957474
373.997803 148.524963 2.083996 -4.041382
377.484436 176.912689 1.882009 -4.460209
376.951904 508.575836 1.845912 -3.252340
376.878632 517.208069 2.247544 -3.210106
385.977722 219.691086 2.003527 -3.234987
387.070190 232.269638 2.027380 -3.210282
388.211639 118.821175 1.997918 0.599285
387.575867 301.923767 1.975240 -4.497441
389.620819 605.476929 1.951447 -4.322750
390.848450 496.672821 2.140726 1.031131
392.380737 209.989334 2.031015 -3.371354
392.427399 218.118958 2.296177 -3.037730
392.128998 369.389740 1.931583 -3.227716
393.280884 121.370361 1.838375 -3.543940
393.526764 245.817886 1.941465 -3.528561
394.367401 288.814056 1.882050 -3.133536
394.418274 585.074341 2.575094 -0.124125
394.757568 260.821503 1.975655 -1.637974
396.854492 163.184692 1.840165 -1.617408
400.280670 419.475037 2.020174 -3.227883
402.813934 302.641541 2.156104 -4.369818
405.176605 264.211517 1.998596 -0.933117
405.176605 264.211517 1.998596 -3.097636
404.737152 615.917114 1.885750 -4.626658
407.343903 439.713806 1.920918 -3.182607
408.939972 123.304268 1.975603 -1.518234
409.985687 141.136703 1.888374 -4.313005
409.485229 403.413055 2.010942 -3.324749
410.977844 35.460640 1.942442 -2.342470
410.798431 538.323120 2.146804 -4.194842
412.342163 14.035810 2.285217 1.501475
412.872070 358.159058 2.160970 -3.323422
415.094574 555.747620 2.148606 -2.565600
418.029846 152.356186 2.390086 1.362218
419.375580 12.062921 2.182869 -0.323958
418.796143 141.823334 1.864487 -4.671407
418.710419 537.330872 2.068505 -4.143101
419.926025 452.285828 2.058156 -3.260953
2.013648 6.185377 2.896447 -3.689289
6.425673 264.817780 2.785273 -0.534360
6.895702 425.032013 2.660348 -1.065541
13.533193 251.052750 2.605549 -4.481844
15.751717 310.929871 2.522396 -1.297130
17.300922 409.243134 2.332334 0.059666
19.467896 95.969582 2.535283 1.384362
23.132418 416.018524 2.670710 -0.646085
23.300661 509.230225 2.442251 -3.160297
25.704691 578.988831 2.980075 -0.092797
25.894947 564.432983 2.759813 0.102981
27.457199 529.898621 2.553884 0.032619
27.329891 341.934235 2.897525 0.098303
27.853470 519.878601 2.356693 0.145482
28.978054 438.037262 2.765899 -4.217195
31.337576 10.463068 2.499822 -4.051197
35.372791 56.097710 2.727167 -0.963109
35.372791 56.097710 2.727167 -2.362015
38.751698 346.850006 2.743966 -1.979279
38.751698 346.850006 2.743966 -4.364283
39.459454 491.584015 2.480357 -2.792490
40.398224 473.312103 2.531588 -3.144061
43.730618 384.534515 2.848182 0.489491
43.786171 523.808899 2.554625 0.220134
43.786171 523.808899 2.554625 -3.108837
46.444134 77.304848 2.345319 1.336355
46.504345 464.659851 2.598404 -2.965747
51.438396 633.606445 2.632652 -3.067191
63.239128 636.068420 2.764763 -0.021920
63.966129 602.507324 2.629755 -0.103504
66.763481 382.196777 2.682854 0.408255
67.256256 518.722351 2.361299 0.246515
72.533485 446.145905 2.393324 -1.105492
76.171494 239.230789 2.429696 -1.766803
83.382393 425.128235 2.728063 0.030859
85.325233 244.494446 2.836656 -1.787309
86.129631 471.566132 2.664286 -4.321334
87.502579 604.443665 2.830126 -1.689518
91.118996 426.291260 2.639505 0.037691
91.118996 426.291260 2.639505 -3.080020
91.363449 438.196472 2.505859 0.439342
91.363449 438.196472 2.505859 -3.577148
92.566498 335.799652 2.392241 -0.342166
96.749352 434.703705 2.351283 -3.645632
97.883438 423.293945 2.401841 0.038213
97.883438 423.293945 2.401841 -3.221571
98.980034 603.887085 2.529978 -1.566287
101.842209 513.114502 2.388426 1.569205
104.179512 286.062225 2.365268 -3.132864
105.617973 86.950546 2.709819 1.503616
105.164268 215.882812 2.682290 -1.493974
105.625717 370.390381 2.358344 -0.225977
108.149315 470.667847 2.619127 -4.287551
112.321945 282.453308 2.364314 -2.928579
112.923615 353.921051 2.312951 1.564805
118.252060 41.659729 2.572474 -1.430128
119.842941 339.411591 2.604355 -2.558394
120.604866 226.696136 2.314338 0.974439
120.604866 226.696136 2.314338 -0.940725
126.865761 339.807098 2.463580 -3.243869
127.448402 419.102234 2.622932 -3.170066
126.835495 445.545502 2.527241 -3.179337
131.106583 236.333084 2.665442 -3.015118
130.819778 247.584564 2.344594 -2.913765
132.547211 622.902161 2.528028 -3.980357
134.179977 79.725578 2.618416 -3.249161
135.668182 18.075434 2.516686 -3.027576
140.207184 602.184021 2.548529 -0.094167
141.069138 526.149902 2.492426 0.004624
142.092239 470.117096 2.637707 0.038137
144.263794 364.314789 2.807986 0.002864
147.288986 627.404053 2.257069 1.320239
148.831024 345.413818 2.602061 -1.250354
155.377213 254.096588 2.718273 -1.539107
154.741470 285.411926 2.270306 -2.540129
155.569687 384.845215 2.294215 0.363277
158.576035 8.746363 2.471083 1.366457
164.696152 418.927765 2.437415 1.137316
164.696152 418.927765 2.437415 -0.004555
166.915985 362.421631 2.346393 -0.466025
166.915985 362.421631 2.346393 -4.344015
169.029877 598.816650 2.491379 -1.557996
169.869171 104.925995 2.623127 -4.694168
170.949799 277.204010 2.443536 -0.465753
173.841995 226.050751 2.175084 -1.831504
176.649063 463.187469 2.589876 -1.070750
179.202011 401.716583 2.497235 0.666011
179.135406 439.496307 2.280954 -0.450382
179.135406 439.496307 2.280954 -3.084222
181.367981 366.144135 2.774312 -0.969876
184.094131 358.543335 2.721805 -1.020990
193.801483 406.118439 2.392962 -3.315470
197.211151 29.796656 2.464396 0.871338
196.810028 495.521240 2.380713 -1.883048
199.269974 460.772797 2.317297 -0.269661
199.269974 460.772797 2.317297 -1.965700
203.417557 349.631073 2.329684 -0.202685
208.574554 286.898743 2.695437 1.267243
208.574554 286.898743 2.695437 -0.880965
215.549683 562.532776 2.397261 0.786074
215.549683 562.532776 2.397261 -1.515401
227.436417 146.516785 2.997258 -1.250402
230.800629 333.965576 2.270136 -4.692961
232.413116 551.492859 2.288681 -1.073451
235.107056 342.030090 2.382483 1.322059
238.126083 593.741882 2.614126 -1.495420
241.121567 287.408417 2.705731 -3.160524
246.217407 209.620438 2.540413 0.092007
246.217407 209.620438 2.540413 -0.915866
249.205414 495.539368 2.265021 -1.392871
249.925888 112.863007 2.578193 -4.621893
251.048691 184.885986 2.553622 -4.642959
251.473160 443.259247 2.645425 -1.571768
252.224884 11.007125 2.487863 0.501669
259.981903 373.413208 2.383697 -0.085511
261.177521 484.399017 2.660703 -0.911966
261.766327 494.520538 2.221307 -1.521348
265.319550 442.873993 2.533264 -1.628459
267.553406 478.037811 2.698879 -3.202531
269.010101 319.749908 2.882122 -1.513634
270.695923 114.880074 2.332491 -4.618267
274.269470 221.757919 2.234906 -1.537464
273.502136 592.010864 2.389923 -1.646629
276.530121 101.283257 2.409773 -4.702284
276.801178 494.412476 2.265831 -1.620036
277.893005 564.404663 2.527735 -1.572734
279.856995 15.815784 2.643848 1.181749
279.631256 411.459320 2.480172 -0.570934
283.928558 612.772522 2.437921 1.508101
286.527283 337.014954 2.429999 -4.701474
289.358490 418.749756 2.336270 -2.106493
288.668213 590.639282 2.498959 -1.641415
290.823547 442.765045 2.653775 -1.554872
296.739990 232.758286 2.613345 -1.915558
302.193359 7.065970 2.472416 -2.573665
302.918091 589.475952 2.497158 -1.655084
304.946777 101.616379 2.467086 -4.660278
305.333221 622.739319 2.419871 -4.282193
307.278259 11.803717 2.729530 1.178588
310.079712 63.273449 2.617753 -1.438476
316.418671 427.071808 2.796969 -3.416717
318.285736 625.408997 2.645057 1.342486
318.285736 625.408997 2.645057 -2.536674
318.903503 441.622345 2.739404 -1.685785
324.734406 182.514465 2.557227 -4.666369
326.403900 363.008026 2.406276 0.853643
326.403900 363.008026 2.406276 -2.285311
326.808044 374.973328 2.465406 -1.832924
329.978760 423.542023 2.448426 -3.017969
333.185730 11.005913 2.308380 -3.246851
334.717926 290.920593 2.553225 -4.690462
336.958862 203.737000 2.481787 -4.252067
340.576721 244.567612 2.447770 -1.674149
346.247528 508.697266 2.967669 1.503961
348.115753 245.417770 2.278234 -3.078033
352.143646 145.290741 2.489929 -3.440883
356.737946 394.368530 2.683371 -3.134205
356.726654 433.325623 2.263939 -4.088983
361.555023 373.144348 3.123399 -3.187570
364.288086 129.838593 2.589869 0.136470
365.132660 323.848602 2.326219 -1.685306
365.132660 323.848602 2.326219 -2.792177
377.059570 314.062622 2.380399 0.128626
377.725128 323.112640 2.339278 -0.338925
380.506683 593.694824 2.640167 -2.106964
380.506683 593.694824 2.640167 -2.657858
384.931366 201.964493 2.483408 -3.211747
385.657349 52.454144 2.343900 -2.791412
388.032288 240.748795 2.392977 -3.459927
392.591125 311.407166 2.168840 -3.784025
398.419098 97.489563 2.588550 -0.160051
398.961609 265.984467 2.409486 -1.498397
399.665924 122.249146 2.488091 -3.668804
403.291809 58.522560 2.517764 -2.755890
402.991272 451.468018 2.411480 -3.206874
408.114105 323.983795 2.522723 -1.651970
409.672516 610.809814 2.334160 -1.049231
410.987305 562.288452 2.401740 -2.938947
412.527252 5.610664 2.531202 0.028781
411.789795 462.785034 2.329662 -3.403292
415.770691 65.707733 2.330278 -2.848950
416.886688 421.960754 2.770566 -3.237691
418.016052 432.007202 2.399913 -3.201564
420.268982 561.218750 2.419515 -2.828486
8.676607 55.294453 3.121888 -1.489417
8.676607 55.294453 3.121888 -4.424051
11.546564 579.751343 3.516653 -2.813698
14.216851 531.394043 3.242752 0.725779
20.258181 57.497990 3.308249 1.399114
20.258181 57.497990 3.308249 -1.272968
22.422136 303.042511 3.170811 0.197679
40.680935 371.160126 3.524339 -2.002186
49.141232 450.321136 3.214167 -3.907059
50.586376 179.242462 2.965017 -4.600813
51.504513 311.985168 3.074645 -1.453659
52.511288 529.942139 3.614822 0.060139
52.511288 529.942139 3.614822 -3.052699
53.723045 419.491699 3.245653 1.422490
57.086479 378.542511 3.433507 0.589552
60.098602 353.698761 4.136549 1.533455
60.098602 353.698761 4.136549 -1.673960
64.731659 622.145691 3.423646 0.018105
65.218788 331.010590 3.375712 -4.682441
65.579727 460.224365 3.441581 -1.129023
65.579727 460.224365 3.441581 -3.937623
67.123550 434.864563 3.586139 1.365907
67.123550 434.864563 3.586139 -0.762868
67.123550 434.864563 3.586139 -2.963336
67.488144 425.240509 3.290552 -0.042740
71.964523 367.414062 3.158061 0.170684
79.177208 515.843811 3.098081 1.458945
91.197807 515.162903 3.381971 1.527681
95.375847 204.180450 3.060074 -2.069411
97.919876 454.319580 3.032661 -1.607256
99.817993 410.756439 2.889814 0.721858
99.817993 410.756439 2.889814 -2.638557
101.720772 271.875153 3.277008 -2.719869
105.056030 385.622528 3.044070 0.294635
113.789459 514.142761 3.039127 1.536479
114.666672 445.938873 3.104504 -1.651583
116.567711 360.623016 3.179852 -2.509096
119.030785 61.953613 3.013465 -4.619381
121.583176 436.254730 2.933900 -4.236100
125.133720 514.180359 3.166866 -3.383730
125.133720 514.180359 3.166866 -4.512815
124.753723 527.077393 3.201076 -3.138985
129.565277 137.824142 3.679968 -1.667346
131.577194 107.027718 2.983529 -3.361389
130.047668 158.560654 3.592701 -4.420532
129.967255 202.239578 3.634362 -3.050058
133.445770 63.911812 2.781194 -3.568983
133.913940 42.403957 3.203584 -1.621224
133.913940 42.403957 3.203584 -3.282648
144.516495 353.676758 3.019462 0.073403
159.810471 185.570084 3.361454 -4.490563
159.916641 355.768768 3.475658 0.815077
159.916641 355.768768 3.475658 -0.737753
165.045486 342.925873 2.897063 -0.117365
165.045486 342.925873 2.897063 -1.517344
171.310715 439.989197 3.049011 0.462791
173.544571 358.498749 3.031734 -0.336074
184.153046 225.717819 2.872003 -1.979073
185.377472 443.607880 3.079458 -1.680975
185.692505 87.064095 2.978615 -4.323302
186.267181 433.175018 3.032806 -2.878877
199.963135 399.725189 2.945745 0.634379
201.257736 163.325974 3.365380 -4.461935
203.981628 325.782227 3.579845 1.403495
203.981628 325.782227 3.579845 -1.428226
219.366867 139.059738 3.316738 0.003058
221.166077 310.643494 3.509744 -0.166905
221.166077 310.643494 3.509744 -3.280642
228.313019 165.414566 3.135731 1.475942
240.695328 420.409119 3.713662 0.084471
246.699051 429.080658 3.202933 -3.958266
247.179672 591.938049 3.113148 -1.530686
249.490326 345.445465 2.931222 1.460768
251.212204 419.861420 3.171037 -4.496493
251.885712 367.543427 3.332173 1.097055
251.885712 367.543427 3.332173 -0.047019
256.100830 41.065620 3.011530 1.280028
256.100830 41.065620 3.011530 -3.627292
260.542175 590.943604 3.267491 -1.529101
269.919220 348.831970 3.518104 1.072945
272.671997 37.923721 3.210545 1.138187
274.742676 121.976051 2.954132 -4.596215
278.240173 196.339142 3.008559 1.307853
278.003998 551.576965 3.024395 -1.502109
283.951263 509.101196 2.985009 1.502382
296.331909 424.608612 3.116111 -2.030615
297.387238 191.893433 3.394282 -3.368934
297.387238 191.893433 3.394282 -4.655832
307.473633 22.076279 2.904646 1.338184
311.114838 442.503723 2.539331 -1.616700
310.676636 404.858002 3.156733 -1.560949
315.483185 43.049866 2.945074 -2.341332
318.912994 52.245049 3.137257 1.472167
319.218048 574.256470 3.288515 -1.537225
322.847076 450.124969 3.092060 -1.598944
330.509735 507.246765 3.007438 1.522834
335.596680 55.151520 3.252089 -3.500494
338.923340 527.804077 3.605081 -1.625845
340.018921 120.122368 3.121422 -4.662486
341.920380 73.851990 3.104279 -1.834342
341.920380 73.851990 3.104279 -4.427940
342.988312 585.283936 3.365425 -1.577554
346.078186 65.758369 2.887253 -2.140091
347.250977 85.193153 3.375165 -3.467424
350.659943 329.797394 3.074205 -1.641478
350.659943 329.797394 3.074205 -4.678802
352.793304 354.035187 3.435185 -3.175694
354.047028 367.361511 3.070336 -3.144413
362.981842 89.671944 3.176019 -0.084517
373.958221 632.644226 2.783045 -2.995622
382.406372 330.382202 3.061391 -1.678719
382.406372 330.382202 3.061391 -4.655234
386.917023 291.537537 3.475311 -3.044851
391.652191 622.574829 2.862806 -3.485020
395.137817 583.413269 3.232936 -0.127558
411.142487 296.058197 2.897570 0.067971
416.305786 102.714355 3.107844 0.711862
417.373352 124.530067 3.158478 -1.403154
24.248198 68.695679 3.992157 1.383047
24.248198 68.695679 3.992157 -4.261306
27.444891 362.967896 4.210677 0.019447
30.913809 330.590881 4.080917 0.324223
30.913809 330.590881 4.080917 -4.689314
36.573967 20.103947 3.775797 0.261825
48.225849 400.997101 3.635853 0.340302
49.046104 601.989624 4.062821 -0.225386
48.551262 623.508911 4.165160 0.099856
55.426098 470.411621 4.152303 -3.524400
56.297771 432.191528 4.433493 -0.978919
61.933098 78.582619 3.868759 1.386232
63.737766 342.508179 4.115443 -0.889055
70.046234 321.368591 4.103856 -1.536442
68.003113 434.165924 3.861218 -0.642190
81.553841 435.312927 3.982835 0.522173
85.002304 167.720505 3.718168 -4.460238
84.641899 629.439209 4.054063 1.516889
98.836479 69.362411 4.328251 -4.601109
116.228622 455.341675 3.738256 -1.640571
121.184669 213.077576 3.944768 -1.533863
123.597717 376.822174 3.878880 -3.163994
129.029617 159.289566 4.091054 -4.381663
134.978439 437.850555 4.284183 0.189501
143.568710 515.860474 4.053718 1.176394
143.568710 515.860474 4.053718 0.427078
142.663483 527.520386 3.592203 -0.031652
145.790527 419.902069 3.937611 0.254733
145.429031 444.415436 3.972892 0.108728
145.429031 444.415436 3.972892 -1.293998
147.172256 270.414703 4.156460 -0.066950
147.285675 334.899231 4.391806 1.237893
151.036652 87.894241 4.182098 0.195063
157.495880 513.850342 3.609118 1.523145
159.911743 77.157341 3.916185 1.356136
158.769104 185.513702 3.474236 0.152183
158.769104 185.513702 3.474236 -4.486500
160.233414 433.698883 4.437621 0.382773
163.004059 29.279102 4.061263 1.497837
166.002609 582.754944 3.990730 -1.094373
173.487656 452.851562 4.006273 -1.573917
178.301270 78.368324 3.767914 -4.319139
183.001938 337.159943 4.007886 -4.571205
185.271027 407.112610 3.804280 -3.346115
191.857681 78.421211 3.759449 -4.135757
203.963242 325.834656 3.558329 1.346960
203.963242 325.834656 3.558329 -1.388049
204.466843 500.776093 4.519814 1.377423
204.466843 500.776093 4.519814 -0.053111
210.664215 67.860703 4.277952 -4.509207
211.908829 386.489563 4.185844 -3.206703
221.595596 570.642273 3.891230 0.421918
221.595596 570.642273 3.891230 -0.723752
242.356400 52.220509 4.692980 -1.409716
241.073242 420.523010 4.063049 0.137511
241.551697 232.164688 3.601778 0.093686
255.157852 354.890656 3.925212 0.903609
256.319305 191.899628 3.776822 -3.307457
263.678680 100.526573 3.546968 -4.712252
267.255737 388.521698 4.054652 -0.837363
267.030090 452.958435 4.327625 -1.617653
276.531342 184.858658 3.928838 1.541981
276.717041 484.048553 3.749815 -1.601861
286.649384 355.349854 3.732168 1.395347
292.098267 102.906326 4.071974 -4.650747
315.784119 106.053650 4.114193 -4.451822
317.802124 425.381134 4.204076 -3.319010
319.664642 227.493469 3.842398 -1.701168
320.165405 509.172699 4.150092 1.508252
322.987091 253.961060 4.958075 -1.702468
325.221466 94.451111 4.189154 -1.673119
325.221466 94.451111 4.189154 -4.384733
325.539886 61.854053 4.546852 -1.489241
337.630920 246.894547 3.779289 -1.624984
336.571838 484.094940 4.120556 -1.417407
339.342316 393.070282 3.932467 -0.417180
339.368805 427.494049 3.898422 -3.211794
341.927185 329.567200 4.307297 -1.537233
351.829865 339.803497 3.910125 1.552473
351.829865 339.803497 3.910125 -3.426194
351.650879 441.811005 4.015226 -1.640274
360.932892 508.521851 4.112648 -4.631875
374.921448 9.577391 3.801514 -3.714180
373.622589 168.139435 4.039909 -1.595755
373.622589 168.139435 4.039909 -4.596158
376.577576 141.680603 3.891526 -4.237378
379.550690 318.281860 4.693120 -0.148076
395.167053 180.931427 4.119174 -4.260929
399.421600 374.762604 3.880442 -3.317688
400.784821 391.911865 4.126279 -3.368447
407.429047 94.161621 3.727540 1.495484
411.451904 364.770233 3.518975 -3.294549
32.535858 519.716553 5.120639 -4.709607
36.637779 613.151489 5.314529 -0.238846
36.637779 613.151489 5.314529 -2.466727
45.244801 153.958084 5.107982 1.397457
48.277245 51.918907 4.622648 1.545536
57.365269 251.098465 5.341691 -1.555642
59.352531 174.196609 4.978336 1.480949
69.693855 292.186340 5.426302 -4.708802
74.250969 308.921875 4.789006 -1.588427
76.618599 390.987793 4.636104 -2.295167
95.452408 11.246793 4.899168 0.402531
95.452408 11.246793 4.899168 -3.881290
97.641647 375.287537 5.290933 -0.061756
97.641647 375.287537 5.290933 -2.519649
114.838402 253.935837 5.155301 -1.569649
119.971962 37.260963 5.144032 -1.447084
120.242661 604.345581 5.436502 -2.729450
135.089905 383.048096 5.102991 -3.119603
140.981522 52.061783 5.684732 0.714803
140.981522 52.061783 5.684732 -4.139820
145.246262 479.799408 4.727248 -0.265055
145.053635 603.446106 5.602033 -0.333194
145.053635 603.446106 5.602033 -1.255813
149.400085 309.903198 5.287568 -1.262781
157.064880 410.302185 5.426409 0.199194
165.950699 392.372711 5.229156 -0.320737
174.427933 295.983765 5.441721 -4.675772
176.380112 12.959327 5.285362 1.070619
190.885757 18.763723 5.050251 1.133637
197.991043 95.512558 4.896138 -4.145237
200.057266 358.713043 4.938158 -0.028175
199.577698 432.774750 4.997628 0.014951
206.863525 312.854126 5.291280 -1.410735
208.940201 337.019775 4.842833 -3.465165
214.920242 82.955711 5.356483 0.377174
214.920242 82.955711 5.356483 -4.278323
238.520782 373.301605 5.267779 -0.174233
241.261414 439.494720 5.293756 -1.459565
243.304062 86.550888 4.608206 -2.759204
253.965485 16.988060 5.253369 0.583511
260.236267 431.056824 4.622335 -4.457740
259.980743 484.114380 4.831626 -1.368893
265.429077 539.392273 5.414065 -1.570363
267.721558 194.045456 4.842370 1.565850
267.721558 194.045456 4.842370 -3.550077
267.011688 362.824860 5.074868 0.888047
267.972382 193.546875 4.913164 -3.558165
267.972382 193.546875 4.913164 -4.696342
278.518311 90.230316 4.701027 1.526461
286.843689 454.991669 5.562966 -1.579242
288.806335 21.192614 5.246099 1.394383
292.729218 55.519344 5.213983 -1.408049
301.363983 92.311340 4.414729 -4.619302
301.913788 484.275757 4.707815 -1.613952
340.729980 176.933090 4.625874 -4.387402
351.881012 382.785004 4.985135 -3.190255
379.826782 434.686188 4.145607 -0.066569
386.960632 302.969055 4.792072 -4.285487
15.562012 428.252655 7.139296 -0.777113
45.812073 155.620087 5.990831 1.283949
83.729012 605.501770 6.917504 -1.524678
88.151443 323.021118 6.432371 -1.399683
99.208000 546.739929 6.196632 -1.495037
106.140564 238.151901 6.115386 -1.557883
106.567474 307.963318 6.586550 -4.628315
123.881897 131.485031 7.058639 -1.680603
123.881897 131.485031 7.058639 -4.336431
139.078598 27.040031 6.833027 0.128428
145.957062 602.427185 6.050960 -1.085895
154.415543 133.821579 6.955602 1.415988
154.415543 133.821579 6.955602 -1.212075
167.525085 478.392914 6.014293 -1.223069
175.067337 311.546997 6.106206 -1.544390
175.067337 311.546997 6.106206 -4.668276
177.318375 456.873932 6.762792 -1.506221
191.744568 325.617126 5.934117 -1.583901
196.037476 389.095367 5.833273 0.396312
199.502930 167.397446 6.044468 -4.281934
204.479248 244.805191 6.014181 -1.603600
209.675034 402.282257 6.551431 -3.186140
221.886856 326.351654 6.510623 -1.052536
221.886856 326.351654 6.510623 -3.676643
225.397003 428.464478 5.801436 0.222647
225.397003 428.464478 5.801436 -3.220985
230.036377 502.274902 6.990683 -4.651607
229.147644 540.227539 6.508477 -1.482866
233.001160 32.839516 6.288668 0.696229
232.692200 76.271873 5.647536 1.564978
234.428619 140.054062 7.115086 1.532834
239.382935 351.630768 6.504004 1.045162
239.382935 351.630768 6.504004 -0.598062
248.220596 314.561218 6.081895 1.498901
248.220596 314.561218 6.081895 -1.311956
249.668045 456.129364 6.337032 -1.567526
283.878723 398.354340 5.969493 -0.823370
306.324707 441.031067 5.774300 -1.596101
312.039368 197.176758 5.753629 1.329825
326.094971 537.368042 6.711063 -1.725111
336.559692 149.658310 7.106279 -1.655808
336.559692 149.658310 7.106279 -4.436202
341.069183 535.251404 6.369146 -1.674421
341.390442 299.484711 6.881828 -4.663850
351.663361 251.783600 6.008712 -1.693129
352.080658 73.986099 6.121595 -0.564462
352.080658 73.986099 6.121595 -4.129987
356.945618 166.966080 6.998597 -4.131642
376.837555 413.117401 5.947200 -0.203692
400.771637 615.964050 5.887329 1.162765
44.703571 377.377258 8.213520 0.404977
50.557594 124.253250 8.178965 1.383574
50.557594 124.253250 8.178965 -1.063176
77.984291 462.465607 8.046064 -1.117107
99.257149 216.277298 8.374974 -2.350977
132.659744 323.428650 8.309813 -2.567197
132.659744 323.428650 8.309813 -3.527358
133.605560 617.330933 7.414881 -0.935738
133.605560 617.330933 7.414881 -2.448026
138.799759 148.900284 7.301202 1.120316
138.799759 148.900284 7.301202 -4.142797
185.362961 544.629211 7.973705 -1.631670
195.362595 136.365280 7.614062 -4.377765
217.233475 154.901398 7.901393 -4.129047
229.337448 372.506653 8.340494 -0.122987
229.337448 372.506653 8.340494 -3.197385
233.750687 499.725525 8.488339 -4.637317
239.076355 245.332993 8.489773 -1.348953
261.954803 405.357086 8.431821 -0.761711
328.118042 32.166473 7.756827 -3.321281
356.626709 166.663864 6.994656 -4.029932
355.509705 513.904541 8.472155 -4.665986
360.283997 584.146301 8.420547 -2.928049
366.977478 333.772339 7.458221 -3.647489
386.240631 491.336700 7.085630 0.020375
384.363220 597.754700 8.881279 -0.594587
384.363220 597.754700 8.881279 -2.803101
28.656521 97.919762 11.361071 1.068889
32.447052 353.027649 9.627598 0.091522
88.436165 101.327515 10.461522 -4.652362
113.204865 344.799561 10.088573 -3.214237
111.824585 524.104858 10.106239 -4.664652
135.044464 500.721527 10.957471 1.473994
154.715775 522.793640 10.041905 1.368235
176.485703 437.111298 9.250884 -1.383516
248.795242 521.641174 9.972019 -4.711861
407.784119 135.595963 9.369056 -3.875334
29.076487 95.049950 12.321407 1.104845
140.935837 405.444855 12.952477 0.171742
222.055618 112.472435 12.907054 -4.520413
399.180389 8.309019 11.452559 -3.439939
96.000092 589.122864 16.601603 -0.672430
96.000092 589.122864 16.601603 -2.310364
305.670502 44.275860 15.438502 -3.426214
76.445381 482.874268 21.873074 1.386161
183.990463 425.095062 20.347775 -0.982248
261.832764 480.395477 22.310923 -1.631843
261.832764 480.395477 22.310923 -4.679853
63.079605 204.524567 26.626810 0.038086
63.079605 204.524567 26.626810 -1.569381
129.201141 267.433228 25.021690 -1.478596
146.570877 482.435913 23.653790 1.304976
175.413422 207.788406 24.756519 -1.379813
299.993713 378.855682 30.845240 -1.639216
291.117584 204.889389 42.733425 -4.421330
