6 23
7 23
12 155
26 346
38 314
49 833
59 762
89 12
91 13
92 352
93 350
94 24
95 30
97 25
98 27
100 363
101 38
102 35
103 33
111 372
115 44
117 370
119 60
120 371
123 62
124 53
125 73
126 72
127 57
128 77
131 92
132 91
134 394
135 82
141 95
142 397
146 739
148 94
149 106
150 107
156 96
162 116
163 123
164 117
165 109
167 420
168 118
169 122
170 414
171 119
172 120
174 131
175 132
177 124
178 129
179 127
180 234
181 136
183 137
187 426
188 427
189 142
192 145
195 146
196 430
197 125
200 151
202 165
205 154
210 157
212 738
214 178
216 173
217 441
219 483
221 182
222 183
225 476
226 189
227 192
229 193
230 194
231 342
232 200
233 198
234 199
235 605
237 202
241 205
242 206
247 214
251 217
254 215
255 219
257 226
259 223
260 234
261 227
262 228
263 235
265 236
272 722
278 348
294 349
310 33
325 343
326 11
329 346
330 351
331 19
332 353
335 347
336 353
337 348
340 31
341 361
342 360
343 359
345 483
346 533
348 582
349 45
350 369
351 546
352 216
354 548
355 368
356 481
357 374
358 373
359 381
360 377
361 378
363 375
364 379
365 380
366 383
367 384
370 387
374 390
375 386
376 560
377 557
383 105
384 402
386 400
390 403
391 667
392 572
393 408
397 411
398 412
399 413
401 410
402 126
404 418
405 419
406 416
407 417
408 423
409 483
411 420
412 147
413 424
414 428
415 431
418 420
419 149
420 150
425 432
426 162
427 435
428 433
429 434
430 168
431 169
432 443
433 449
436 188
439 448
440 196
441 453
442 201
449 466
450 463
451 461
452 471
456 469
457 216
458 239
463 679
468 643
486 344
501 710
529 527
530 529
531 526
537 647
539 531
540 537
543 538
544 534
545 535
548 541
550 547
551 685
553 657
554 540
555 549
556 551
558 550
560 556
561 559
562 558
563 532
567 566
571 568
572 399
573 562
574 563
575 564
576 664
577 668
578 669
580 574
581 575
584 576
585 577
588 579
589 578
591 515
593 581
594 584
595 588
597 589
598 590
600 599
601 600
602 595
603 598
604 596
607 604
608 602
609 457
611 420
613 468
619 643
628 852
632 842
651 819
652 643
653 644
655 538
656 651
657 648
658 653
659 649
660 541
661 654
663 656
667 658
668 661
670 662
675 664
676 672
678 665
679 666
680 678
683 681
684 683
685 684
687 686
690 689
691 691
692 589
693 590
695 699
696 697
697 603
700 700
701 456
702 602
703 704
704 423
716 741
731 792
735 733
736 734
738 738
740 741
741 742
742 745
743 746
744 748
745 747
746 751
748 749
749 750
750 756
751 753
753 760
757 758
758 711
761 763
762 767
763 764
765 765
766 766
768 771
769 769
770 770
771 420
772 781
775 775
776 703
777 784
778 705
788 739
795 832
797 791
798 841
802 744
803 794
804 793
805 796
807 797
808 795
811 800
813 848
815 802
816 803
817 804
818 805
819 806
820 807
821 808
822 810
823 809
824 811
825 820
826 813
827 814
829 803
830 815
831 816
832 858
833 818
834 822
835 823
837 824
838 825
839 774
840 827
842 881
845 843
853 841
856 844
857 845
860 846
861 847
862 874
863 853
864 852
866 813
867 814
868 855
869 856
870 858
871 857
872 859
881 872
882 873
883 875
884 876
891 879
893 880
900 120
903 882
906 885
909 891
910 892
911 893
