3.959166 179.922577 1.980240 -1.326648
5.464617 190.186005 1.814591 -1.181794
11.357828 635.802490 1.990291 0.594976
12.874052 216.896042 1.876293 -3.042566
14.190600 444.570068 2.713088 0.072605
13.749364 71.116844 2.161871 1.570129
14.615701 58.226864 2.065221 0.949620
20.145208 325.563599 1.783005 1.479781
20.691067 35.940094 1.851089 -4.089240
24.631666 227.983597 1.791004 0.025703
25.066406 555.760071 2.011596 -1.263947
27.446373 444.532928 2.000668 -1.639694
30.119324 146.502045 2.059542 1.503014
30.119324 146.502045 2.059542 0.278341
31.460817 128.862122 2.342340 -0.123411
31.460817 128.862122 2.342340 -1.174735
30.908613 464.636597 1.839481 0.637536
32.160381 112.463737 2.099654 0.259659
32.684895 273.030823 1.919299 -2.218888
33.919968 232.048004 1.929750 -1.314273
34.623196 278.811035 2.247740 -2.248201
36.059959 356.664886 1.976806 0.225736
37.106712 227.892731 2.111408 -1.216557
38.522865 89.796539 1.850041 -4.475003
40.002003 410.394409 2.239679 1.269876
44.429703 241.468918 2.327881 -1.465193
44.155003 488.268372 2.073871 -1.728065
43.665169 517.379089 2.253268 1.500529
44.477409 352.623322 2.234871 1.546659
46.587940 469.236389 1.997756 1.269936
49.850140 32.742783 1.889019 -1.281290
50.402351 380.216705 1.976788 -4.672521
50.996567 340.722565 1.794665 0.245819
52.600719 364.349701 1.770610 -3.783520
52.742306 231.171738 2.018038 -0.994639
52.742306 231.171738 2.018038 -1.767772
53.325958 313.059052 1.840595 -1.383591
54.185181 194.147705 1.810081 -1.977691
55.943779 79.757362 2.154390 -4.396777
55.162010 516.756836 2.280891 -4.668748
58.496181 93.793373 2.030677 -4.469535
59.142548 377.413818 1.821361 0.591273
61.055656 237.904358 2.106160 -1.307829
61.833519 298.918274 1.906020 -4.645899
61.927258 394.401733 1.948576 -3.565211
62.028580 432.249542 2.269020 -2.733110
61.684315 556.710632 1.824861 -2.914940
64.064056 380.331360 2.154009 0.545619
64.064056 380.331360 2.154009 -2.685744
68.407516 282.672516 2.008882 -3.017539
68.983299 572.603943 1.959368 -1.046593
70.719391 196.471603 1.912175 -1.749663
70.865227 341.244904 2.119976 0.132885
71.938004 84.220665 2.128620 -4.142398
73.282890 269.932495 1.900395 -1.853458
74.241058 572.033386 2.168391 -4.581880
74.701080 79.424316 1.765516 -4.667530
76.191322 220.955566 1.998301 -1.607158
75.666809 391.887390 1.976522 0.919952
77.806282 444.061646 1.919338 -1.442913
82.132431 435.100708 1.951950 0.052956
83.358246 129.776855 1.787528 -2.695819
83.358246 129.776855 1.787528 -4.348885
87.214890 29.817093 2.186128 1.549793
90.295509 280.323181 1.820457 -0.407545
92.445747 124.402214 2.423716 -4.317276
97.538536 247.901688 2.160731 -1.706471
101.058388 169.605392 1.900514 -3.144889
101.805107 125.762207 1.810289 -3.577075
105.546211 548.697998 1.864028 -4.464792
106.053200 561.962708 2.118586 1.107654
107.809990 281.009796 2.263619 -2.832510
107.408432 337.981628 2.103156 0.235052
108.438507 443.371490 2.102582 0.003851
108.740509 37.273689 1.898762 -2.884242
110.538765 355.905396 2.065806 -0.157356
112.168694 332.396484 2.367351 -4.617976
113.156181 430.658478 1.898415 0.232888
114.273071 615.241699 1.949157 1.452230
117.148010 364.179565 2.032524 -1.072285
117.845520 22.567457 1.967033 -3.038791
117.718880 31.944187 1.959866 -4.123507
118.948059 541.093994 2.147928 -1.407035
120.309029 177.057358 1.830935 0.353663
122.032524 215.792297 1.983179 -1.085752
124.606178 314.891815 1.896914 -0.666951
125.808434 307.833466 2.225502 -4.568919
128.366699 402.528381 2.255656 -3.481387
128.043732 443.879395 1.977551 -1.579474
128.679031 584.626465 2.081281 1.103105
128.679031 584.626465 2.081281 -0.210020
129.797974 52.751610 2.007787 -1.158404
130.398270 282.765717 2.108493 -1.930859
130.398270 282.765717 2.108493 -3.375074
130.855469 274.164642 1.897675 -1.587524
130.977097 319.001373 2.055772 -1.497278
132.524521 304.088776 2.157233 -4.485134
133.952042 386.997070 2.095228 -0.181790
133.952042 386.997070 2.095228 -1.739106
135.137314 223.155334 1.942942 -0.266910
135.758286 337.797791 1.945822 -4.669176
136.095032 413.867462 2.023454 -4.442974
138.308701 391.847046 2.129601 -0.965804
137.584854 494.927063 2.076655 -1.608507
140.104568 368.069641 1.849510 0.043232
139.826141 377.055145 2.053356 -0.108144
141.805603 338.931610 1.901765 0.223172
142.595444 471.309021 1.776343 -3.141722
142.872482 478.694763 2.073722 -3.166514
147.450439 339.656219 1.848905 1.563519
147.450439 339.656219 1.848905 0.238803
147.450439 339.656219 1.848905 -1.836950
149.891190 399.310059 2.076245 -0.801670
150.510300 392.794342 1.992214 -0.965715
150.577438 532.501953 1.748683 -1.634148
151.810089 99.736519 2.022815 -4.694615
155.799088 286.410034 1.801463 -0.521405
155.799088 286.410034 1.801463 -2.644122
154.942230 387.259460 2.092468 -1.972195
158.068222 400.210052 2.063760 -0.964695
158.520264 406.502869 2.000834 -0.730987
163.506638 472.836639 2.045863 -2.051778
163.914780 464.223541 1.867419 -4.654740
165.798492 345.339935 2.105986 1.391519
165.798492 345.339935 2.105986 -1.779629
168.878845 443.210144 2.022496 -1.590909
169.908447 377.670349 1.912523 -2.355645
171.260788 398.453033 2.130702 -2.619049
170.954422 412.705505 2.074638 -1.302837
170.954422 412.705505 2.074638 -4.706363
171.655502 238.138458 1.820507 -1.422615
172.452866 491.898743 1.826256 -1.663427
176.272049 381.484161 2.165427 0.135729
175.924500 402.943207 2.049487 -2.970582
176.043671 417.708282 1.886687 -1.606669
176.043671 417.708282 1.886687 -4.669099
176.764542 633.522644 2.254679 -1.418770
179.133057 308.311707 1.746498 -4.599582
179.689713 222.974030 1.904792 -2.358221
179.758606 510.137238 2.187209 1.569564
180.763931 194.445114 2.115496 -4.316982
181.346848 484.857758 1.714121 -1.677711
183.350800 228.296494 2.419246 -1.730443
184.890732 242.938156 2.183777 -2.400815
187.203354 359.890594 2.012458 -2.043449
187.547943 370.639099 2.194911 1.481871
187.547943 370.639099 2.194911 -2.009757
187.052963 565.899353 2.017008 -4.036331
188.300217 392.716125 2.080946 0.203394
188.300217 392.716125 2.080946 -2.167406
194.144241 427.784882 2.225571 -3.328764
201.587616 384.316925 2.374588 -1.693045
202.469223 18.043358 1.782587 1.156236
202.168091 37.207474 1.880499 -4.451574
201.351059 216.415421 2.133096 1.556899
202.588425 44.960178 1.807825 -4.342315
202.885880 391.685730 2.005284 -3.051080
202.885880 391.685730 2.005284 -4.489974
207.893143 423.768829 2.248696 -2.943092
209.229828 51.936310 1.877975 -2.130520
209.411789 321.308899 1.828578 -1.057118
211.388550 442.475983 2.100787 -1.665151
212.147141 185.265869 1.745076 -2.583238
213.122879 252.870193 1.914848 -3.026168
213.381378 489.562347 2.055445 -1.617526
216.465485 39.274460 2.070038 -4.447350
216.290451 617.270325 1.837449 -1.624233
220.491211 260.658020 1.948884 -1.560920
219.854477 455.325409 1.935902 -1.328337
219.854477 455.325409 1.935902 -4.280344
220.152023 507.627472 2.218214 1.500788
224.345795 346.211700 2.064516 0.294659
223.538193 361.205353 2.012038 0.046645
224.126877 384.615021 2.146657 0.062262
225.076736 248.627838 2.296284 -1.737989
224.913803 564.325928 2.034369 -2.145416
224.913803 564.325928 2.034369 -4.662740
227.000992 21.445244 1.804951 -3.204475
228.933609 472.811523 2.013036 -0.607874
229.645493 425.283752 1.840438 -2.209703
235.725494 506.917938 1.957496 -3.197222
237.048340 14.367393 1.843663 -3.201971
237.912811 389.843719 1.824141 -3.233144
243.815384 327.767731 2.150269 -2.894217
246.083755 427.923706 2.125493 -3.151560
249.060944 81.797615 1.879722 -0.389130
248.968903 582.131592 2.087585 -3.078589
251.303391 155.333206 2.269856 0.138856
252.398315 185.227280 2.386257 0.151068
252.398315 185.227280 2.386257 -4.485236
253.802856 275.253326 1.736069 -0.151123
257.895874 5.587643 2.347580 -3.046004
256.373840 327.464081 2.350324 -0.292594
256.373840 327.464081 2.350324 -1.447623
255.794754 597.948059 2.040362 -4.366266
260.854889 158.348358 1.989179 -3.918073
262.806274 494.605286 2.425237 1.051161
262.806274 494.605286 2.425237 0.023216
267.834808 192.993332 1.947929 -3.317696
268.922058 227.942581 1.889747 -3.210904
268.870239 386.786194 2.009888 -3.364343
269.773438 299.672821 2.239094 -3.430839
271.182190 316.691772 2.128473 -3.681256
271.033722 323.014801 1.942040 -3.368572
271.079865 601.295044 2.050556 1.408894
271.079865 601.295044 2.050556 -0.988763
273.789185 34.480656 1.864985 -3.791687
274.701599 226.574890 2.183958 -3.142235
275.021576 428.279938 1.993129 -3.257746
275.435303 67.830711 2.350457 -2.765721
276.657196 285.039734 1.877319 -2.559811
278.849701 272.492767 2.073097 -1.495752
279.782684 115.085373 1.866769 0.293109
279.610718 132.512390 1.880180 -3.527506
280.071411 440.085358 1.855658 -3.189932
282.066010 196.207520 1.825826 -3.292859
282.608185 549.502136 1.993830 -2.608077
283.580750 145.093658 1.700237 -3.450143
284.837372 271.505615 1.834034 -3.030411
290.137634 408.883484 1.859321 -3.193539
293.142151 537.936096 2.164707 -3.667088
299.209869 27.486923 2.186009 -4.066831
300.240845 83.119881 1.927738 -2.739927
301.355316 156.402832 1.996354 -1.320234
302.736847 235.225845 1.889047 -3.239581
302.876648 242.173111 1.915717 -3.176195
304.379761 205.801636 2.087487 -3.680878
304.210358 381.577759 1.871184 -2.496241
304.061523 423.991150 2.045616 -3.014978
306.386414 342.161591 1.851533 -4.579970
306.424103 303.905243 1.785786 -2.024670
309.840881 83.865791 2.130089 -2.351629
313.165009 359.085938 1.989002 -4.089615
314.339691 500.456543 1.744711 -1.658829
314.951599 71.660843 2.152199 -2.860664
317.385193 63.850765 1.862952 -3.342996
319.280853 131.650238 1.900094 -2.181136
321.354004 79.996780 2.055028 0.965537
321.288574 197.097839 2.020640 1.557130
321.288574 197.097839 2.020640 0.185646
327.138550 392.689178 1.801384 -0.079163
327.994141 323.075775 2.116422 0.139178
329.929535 282.836151 1.664407 -1.410764
329.925598 360.513397 2.092155 0.010982
333.067566 119.878235 1.918864 -2.330582
332.668365 327.307526 1.909178 1.503047
334.185303 58.438248 1.795810 0.547970
334.694885 526.010254 2.005050 -0.892595
336.696899 214.062012 2.139185 -1.898068
339.006927 400.574646 1.898872 -0.249908
338.710815 412.808594 2.133250 -0.783656
338.710815 412.808594 2.133250 -1.999915
338.834320 455.442322 2.117218 -2.258614
344.137543 217.571594 1.961094 -1.750423
343.600403 474.731903 2.126529 -0.400177
343.600403 474.731903 2.126529 -2.177302
344.191559 540.171143 2.128901 -0.850731
343.609528 617.492371 2.101021 -1.167881
347.601440 231.415833 1.879585 -1.948237
348.793304 478.510437 1.846034 -0.912235
348.793304 478.510437 1.846034 -2.216732
351.846069 370.764679 1.922519 -3.722968
354.453003 350.307983 1.890711 -4.507492
359.598358 127.449890 1.879039 -1.134570
360.149841 280.942413 1.978933 -1.461075
360.015808 527.072937 2.092204 -1.358094
363.520081 348.371826 2.205622 1.468647
364.708160 354.399872 2.006527 1.177965
364.858246 510.200500 1.841978 -1.294297
365.868439 50.882225 1.907428 -2.815236
365.754639 368.637817 2.095189 0.828838
365.754639 368.637817 2.095189 -1.317530
368.432678 149.638092 2.296555 -4.591360
367.788452 74.038048 2.109991 -4.613285
368.882263 281.804321 2.037500 -1.407036
370.087463 460.137207 2.071827 1.482386
372.688110 249.837372 2.128662 -0.664386
374.019379 297.848633 2.233047 -0.987269
376.903900 400.824768 1.836298 1.279488
376.903900 400.824768 1.836298 -1.076011
378.025330 146.990219 1.819017 -4.330549
380.802124 181.184280 2.083881 -4.184484
381.842529 193.797043 1.938173 -1.504014
381.880981 350.845673 2.113452 -4.595358
382.638397 208.328873 2.296659 -4.417766
383.077911 459.444550 2.300362 -3.111302
383.572083 120.570732 2.227369 -3.353406
386.421906 280.297974 1.927519 -1.525179
389.824036 42.442112 2.079043 -3.407397
391.486511 349.761566 2.114154 1.569069
393.069305 434.155518 2.125571 0.791801
393.672943 106.206589 2.175893 -1.978597
393.672943 106.206589 2.175893 -2.956508
393.913086 187.291702 1.665437 -3.654337
394.765717 406.826721 2.193864 -1.534916
398.178223 614.911377 1.832475 -1.780703
407.176971 70.252304 2.214621 -0.075955
408.892456 191.005951 1.921611 -4.648011
409.890381 597.814575 1.817798 -2.711043
419.947906 134.549118 1.912681 -4.197889
421.136169 361.060120 2.107486 -3.850427
5.466628 609.750366 2.595073 -1.501312
6.546790 441.924774 2.889759 0.083274
10.289179 238.429611 2.422822 -2.862291
10.995160 226.159393 2.637393 -2.952768
17.493599 10.884069 2.754918 -3.506074
17.571985 607.632996 2.685701 -1.690338
22.671156 24.885004 2.453066 -1.502547
22.671156 24.885004 2.453066 -2.976549
23.833315 251.253555 2.235718 -0.061798
23.621466 528.397766 2.478914 1.455897
23.621466 528.397766 2.478914 -1.592580
25.915951 213.783249 2.305386 -0.110305
25.888769 240.038010 2.616326 -0.315810
32.076794 381.667450 2.471683 0.410592
35.834179 604.318542 2.495894 -1.579252
39.605278 301.442291 2.312054 0.409243
39.605278 301.442291 2.312054 -3.484885
40.526356 417.168304 2.567739 1.170942
40.526356 417.168304 2.567739 0.059050
40.674145 89.612938 2.276622 -4.508969
45.861950 602.152710 2.291090 -1.700863
45.247341 358.954346 2.443635 -0.429434
45.247341 358.954346 2.443635 -4.242887
46.013176 574.308472 2.380657 1.465999
49.980694 173.087097 2.663662 -4.282239
50.860043 462.858765 2.643157 -1.089367
55.230000 438.456604 2.403598 -3.108411
56.142151 399.581116 2.586494 0.688297
68.955032 395.673309 2.439211 -3.516829
70.389717 450.170898 2.885990 -1.525950
71.197960 404.358582 2.409459 -3.261676
70.865921 494.570740 2.745809 -1.953656
72.910255 485.795593 2.348898 -2.348212
76.583511 345.227448 2.314604 0.101207
83.495384 346.853485 2.340340 -0.158048
86.049316 98.990845 2.705415 -4.368671
90.434074 157.276489 2.713802 -4.410250
97.837395 509.528931 2.903618 -3.218145
97.837395 509.528931 2.903618 -4.521898
98.146660 563.072815 2.355991 0.945118
100.517326 158.825104 2.259177 -4.115317
107.321877 595.012024 2.488422 -1.498212
108.078217 38.988663 2.416611 -2.838018
110.312363 111.247879 2.781641 -4.656235
116.550407 340.408875 2.462014 1.338187
119.604828 112.991287 2.649610 1.521716
120.501793 7.389582 2.260936 -3.581431
120.368980 223.501465 2.222874 0.014660
122.780418 172.679184 2.283045 0.695780
125.479027 287.277222 2.229482 -3.055777
126.312180 178.942459 2.739822 0.644948
127.415916 238.029633 2.565675 0.869182
128.932159 206.510834 2.285160 -1.364050
136.838928 473.935791 2.533861 -3.134606
137.683640 484.126282 2.653162 -0.990684
137.683640 484.126282 2.653162 -2.098098
140.045929 430.611359 2.514013 -4.653706
141.490768 564.425781 2.423340 -1.315865
146.442398 118.212700 2.645503 -4.567990
150.258408 213.940567 2.379819 -0.393564
150.816864 309.679352 2.166822 1.462970
151.098480 441.711060 2.541603 -1.599546
151.323013 493.446014 2.308769 -1.562019
151.268341 563.509216 2.497102 -1.529281
153.058289 205.470200 2.671707 -4.363476
155.769638 190.099091 2.543496 -3.289881
159.115494 411.491821 2.503942 -0.538975
160.044998 36.990570 2.394609 0.944614
159.501312 588.935059 2.425240 -1.612576
164.920715 436.501617 2.479269 -4.697562
168.486801 418.620453 2.307218 -2.100835
168.782425 39.727161 2.659719 1.395251
168.628860 337.132050 2.482329 -4.673049
173.994186 619.689758 2.298568 -4.408017
176.037415 587.876770 2.305562 -1.679113
187.493912 381.990295 2.323386 1.394058
187.493912 381.990295 2.323386 -2.180709
191.492386 238.657166 2.389528 -2.088943
193.202133 585.678284 2.401636 -1.659356
195.287064 287.664612 2.359921 -1.205935
195.644012 441.775330 2.325976 -1.663618
198.666519 323.453156 2.344476 -1.532121
198.790604 470.050537 2.411452 -0.268697
199.409271 36.596226 2.560558 1.404731
201.929932 247.804504 2.368241 -2.267651
202.617477 69.640907 2.444808 -1.340915
206.929321 364.195282 2.370688 0.891532
206.929321 364.195282 2.370688 -2.350154
206.948715 375.934448 2.440712 0.787686
206.948715 375.934448 2.440712 -1.865478
210.767456 525.013794 2.683713 -1.656689
217.510269 436.617981 2.630450 0.981044
217.510269 436.617981 2.630450 -3.635367
217.417480 227.547562 2.724432 -1.401664
220.793076 295.016418 2.348746 -1.045673
220.793076 295.016418 2.348746 -4.659883
228.415527 181.472687 3.139155 -4.343491
232.031357 355.889099 2.695435 -3.142039
232.525589 369.116760 2.594077 -3.119166
233.405731 434.042572 2.629785 -4.161652
233.619827 395.797119 2.354812 -3.160721
234.151321 467.770294 2.644879 -0.026139
236.874878 76.537872 2.587954 -1.937536
236.874878 76.537872 2.587954 -2.630773
237.955856 350.240417 2.763560 -3.191018
239.093399 152.700348 2.343614 -3.465719
239.984451 623.071960 2.522754 -2.691056
247.826523 587.822632 2.355667 -2.342724
251.358154 139.382416 2.549362 0.249878
252.180862 167.975677 2.637754 -0.278242
252.180862 167.975677 2.637754 -1.319701
256.383667 319.380157 3.138692 0.053366
256.704834 342.333160 2.621240 0.210431
257.973816 396.836334 2.784157 -0.109528
264.810303 266.178070 2.189612 -1.604176
266.077576 285.978607 2.553967 -2.774275
268.633179 210.006851 2.318302 -3.184000
269.786530 247.939133 2.287912 -3.390294
280.515717 534.685791 2.553860 -4.131039
280.927277 307.268921 2.496953 -4.321480
285.770752 342.143463 2.734894 -4.158296
287.764374 369.987640 2.418945 -3.207660
291.106903 2.849827 2.487461 -4.371642
300.269867 139.139877 2.765437 -1.244378
304.950470 277.141205 2.384070 1.160932
305.880157 195.693619 2.698099 -4.566221
315.725952 330.780396 2.361712 -1.406013
318.405670 52.823238 2.595092 -2.453420
318.858124 285.615845 2.340878 -1.236292
320.268097 169.471954 2.652216 0.123685
325.361786 265.327942 2.636669 -0.142867
326.355988 292.068329 2.671943 -1.479017
329.693481 71.232269 2.497828 1.190811
330.092285 333.111115 2.261664 -1.319129
330.103760 347.134766 2.704675 1.516695
330.103760 347.134766 2.704675 -0.107774
331.075745 303.343201 2.644626 1.323661
331.075745 303.343201 2.644626 -0.374318
333.658051 407.971802 2.713715 -0.067397
336.020538 355.792633 2.358024 0.340464
338.409943 92.506607 2.192935 0.905397
341.199860 279.044678 2.643481 -1.385866
341.685608 389.555023 2.400074 -3.205970
343.070801 445.766144 2.577720 -1.520628
344.522552 347.275024 2.527198 -4.563050
343.900513 490.607941 2.533242 1.459978
343.872894 497.429199 2.375686 1.359671
352.244629 334.011993 2.393837 -1.577558
353.085602 621.239258 3.059598 -1.395866
364.884644 361.463104 2.805995 1.022007
364.884644 361.463104 2.805995 -1.233349
365.375946 375.615845 2.567690 0.589446
365.365143 383.537476 2.264908 -1.128226
372.893127 262.443298 2.310688 -1.547606
372.893127 262.443298 2.310688 -4.581913
372.736328 269.596191 2.514189 -1.491252
373.812805 51.970642 2.744243 1.021623
374.919525 361.809387 2.613988 -1.889945
374.919525 361.809387 2.613988 -4.234982
377.531525 226.011627 2.280001 -1.470735
380.150482 22.642078 2.303060 -3.210340
380.781372 426.114319 2.760012 -1.233111
382.969482 390.475128 2.893835 -1.652915
382.969116 84.122101 2.695473 -3.499179
383.773560 412.783661 2.531602 -1.392980
386.002136 564.018494 2.401376 -1.631016
386.870667 419.549988 2.594324 1.449350
386.870667 419.549988 2.594324 -1.420561
392.107361 194.559799 2.670183 -1.669746
392.659515 362.162079 2.773796 0.950433
392.659515 362.162079 2.773796 -1.495520
393.182739 390.821350 2.587792 -1.646746
393.704834 376.509552 2.634450 0.761215
393.704834 376.509552 2.634450 -1.530543
396.519043 124.853859 2.197308 -4.670829
401.754547 179.079453 2.269994 -1.970691
404.971588 165.784882 2.334504 -1.519286
413.890656 47.986984 2.764096 0.973218
414.811218 592.685669 2.661712 -2.506799
414.811218 592.685669 2.661712 -3.499712
417.525482 170.113754 2.118322 -2.097046
418.224213 611.913208 2.655877 -1.903070
2.149370 355.734650 3.015973 -3.084464
13.158465 51.447689 3.030863 -1.469719
13.158465 51.447689 3.030863 -3.242987
13.158465 51.447689 3.030863 -4.279525
12.812560 470.260254 3.287557 0.076545
14.515767 124.654495 3.418214 -1.610056
17.337942 90.825294 2.925865 -3.303646
20.499336 45.927498 2.870403 -3.417404
20.590395 62.995781 2.978000 -3.210864
20.374573 360.453003 3.443685 0.009917
20.994139 349.182617 3.376201 0.073881
26.024353 340.619904 2.913491 -1.261881
30.851841 569.012207 3.165495 -1.485206
32.537048 423.727631 3.367958 -0.219487
41.843838 108.093102 2.946980 -4.574532
44.135792 338.605042 2.888443 0.021157
44.135792 338.605042 2.888443 -1.544179
46.587223 438.972107 3.271940 0.490966
46.587223 438.972107 3.271940 -1.728691
46.690414 566.552429 3.389061 -1.570769
48.468517 363.275726 3.114619 -0.384965
48.468517 363.275726 3.114619 -3.983390
51.137836 10.629385 3.172870 1.462953
52.237160 355.067963 3.187795 -0.305027
52.237160 355.067963 3.187795 -4.143941
54.983639 329.708862 3.013894 -4.663286
59.868397 363.275269 2.929149 -0.898261
61.456867 442.680023 3.153623 -1.681536
63.478668 355.196960 2.961578 -0.898248
75.892708 554.921509 3.523611 -1.275330
78.165054 398.052612 3.075446 0.650292
109.299011 134.897324 3.385297 0.052926
119.606903 419.472534 3.642296 0.118906
118.734779 592.324402 3.012817 -1.531123
130.282730 419.198303 3.193242 -4.490984
130.777588 344.383759 2.966238 1.479203
132.870132 366.467499 3.393507 1.104493
132.870132 366.467499 3.393507 0.007329
132.583221 591.144104 3.031165 -1.518791
138.955551 96.428360 3.069761 1.489438
139.099838 428.884399 3.339985 -4.689725
145.760635 589.240356 3.023443 -1.630050
150.078232 551.149414 3.056669 -1.393610
151.337860 348.570923 3.500369 1.110455
173.598495 184.213028 3.246974 1.486930
175.086807 424.426147 3.070699 -2.048439
184.051132 556.950439 3.374930 -1.587499
185.863693 29.121536 3.497848 -4.710002
189.878036 405.060669 3.089092 -1.530742
189.955048 571.178040 3.312164 -1.567067
198.638870 475.259491 3.073997 -0.396965
200.013779 449.675751 3.267543 -1.567531
205.242935 506.094452 2.890548 1.505849
206.660095 26.914186 3.052400 1.432504
213.245483 14.048716 3.098059 0.831252
212.416397 59.183510 3.211248 1.522301
212.675079 580.780212 3.032266 -1.525843
220.832336 110.722458 2.969094 -4.043647
224.583115 450.436005 2.882734 -1.544758
224.433746 532.837524 3.532403 -1.742312
227.713486 64.238045 2.983167 -3.472526
228.429794 127.278473 3.181541 -4.381469
229.399704 324.099213 3.161548 -1.535288
232.004898 341.825012 3.092813 -3.381779
232.004898 341.825012 3.092813 -4.653597
232.767731 450.251007 3.044931 -1.687371
232.952148 83.798241 3.157556 -1.825246
232.952148 83.798241 3.157556 -4.266654
236.938080 94.989197 3.216694 -3.482189
238.566620 362.843597 2.942089 -3.163441
238.425446 376.255371 3.078094 -3.145308
244.723022 456.321960 3.253893 -3.145140
251.660843 101.024124 2.987814 -0.038726
254.237518 627.144775 3.089619 -2.735313
255.116379 263.208862 3.086126 -0.335036
260.423981 334.566315 2.987267 -1.649527
260.423981 334.566315 2.987267 -4.585951
272.138397 317.868317 3.119388 -3.711392
287.131714 556.072693 2.919747 -3.067798
289.071503 302.682495 3.023186 0.272311
291.213806 23.488359 3.171995 -3.686297
296.210938 53.625233 3.351941 -2.802234
301.065643 69.685013 3.010281 -2.920469
305.231964 33.217674 2.985966 -0.048715
304.304382 446.140472 2.802865 -3.247432
311.316528 368.211578 2.861249 -1.853763
315.959686 628.653748 3.050035 -2.304976
323.707733 523.947388 2.821873 -1.023398
324.235077 354.709564 2.999573 -0.071293
340.310455 504.423248 2.586366 1.190955
341.405212 331.870148 3.544445 -1.487512
343.446808 360.929474 3.402022 0.182154
343.893921 300.638245 3.156881 1.306235
343.593781 601.809448 2.898009 -1.562038
354.655304 414.319672 3.450940 -1.670099
355.464722 630.916077 2.867199 -1.248779
355.464722 630.916077 2.867199 -3.825600
356.484467 478.627655 3.582479 -1.870667
364.853638 24.604366 3.332878 -1.444105
364.853638 24.604366 3.332878 -4.111489
367.782379 243.427368 3.413702 0.224731
368.859528 412.656555 3.345528 -1.364787
370.896149 553.105103 3.035686 -1.229221
372.641968 438.120392 3.340722 -1.636325
375.518127 228.003296 2.885165 -1.477026
378.965851 159.324921 3.217619 -4.342524
381.913788 209.006287 2.950714 -4.384129
392.518219 405.926758 3.064476 -1.435584
395.289764 470.085114 2.788489 -0.351546
395.289764 470.085114 2.788489 -2.103533
395.139435 413.868408 3.201226 -1.404310
397.014008 279.512024 3.448190 -1.597614
400.111237 145.969818 2.952729 -3.642604
399.955719 495.249878 2.976718 1.491295
405.340790 382.071930 3.124580 -3.184705
411.342163 197.271988 2.995539 -1.324666
411.342163 197.271988 2.995539 -4.656942
417.282379 235.430038 3.018855 -0.091957
417.621246 336.597565 3.695559 -1.555514
417.621246 336.597565 3.695559 -3.001060
11.125153 189.465378 3.934149 -2.954659
11.271132 530.333191 4.507207 0.026883
12.601272 146.266617 4.218533 -4.254460
13.828643 301.270050 3.903435 0.250131
19.642555 417.661072 4.447926 0.294039
20.621132 360.848022 3.573510 -0.021336
24.767395 119.475800 3.614972 0.065875
24.767395 119.475800 3.614972 -3.013166
28.190630 515.981750 3.780955 1.502051
32.686768 149.292755 3.872422 1.474563
32.686768 149.292755 3.872422 0.381077
33.092800 587.986389 3.866311 -0.799363
38.341679 73.949211 4.433343 0.192903
48.149426 451.595306 3.794765 -1.592378
51.044365 64.675293 4.424852 -4.452906
53.039219 275.392029 3.692595 -1.047883
56.742474 78.240120 3.668270 -4.303394
63.032372 333.736755 3.979488 -4.512535
62.633602 405.111450 3.842441 -3.287553
63.932178 213.934662 3.609968 -1.823872
70.269547 474.886505 3.651624 -0.202842
80.903679 355.683990 4.367674 0.054225
83.189888 70.048485 4.169767 -1.454957
83.189888 70.048485 4.169767 -4.380924
84.602570 88.040306 3.579408 -4.412109
84.988785 323.052948 3.659469 1.400393
84.988785 323.052948 3.659469 -1.364054
88.281494 159.808334 4.999929 -4.381100
90.647652 384.657806 4.268590 -3.177474
92.501259 573.077026 3.774492 0.017784
92.501259 573.077026 3.774492 -0.599791
94.573227 88.911392 4.081441 -4.342469
102.681061 308.168640 3.684714 -0.083694
102.681061 308.168640 3.684714 -3.297763
127.644859 429.489227 3.767762 -4.210403
135.173233 84.048058 4.432295 -2.561208
134.505630 213.810989 3.993509 -0.863924
136.335236 353.875366 3.924566 0.933612
143.988586 229.242401 3.911777 -0.637605
147.196869 387.822418 3.817389 -0.799721
152.132187 39.964146 3.938887 1.291702
153.724716 482.795319 4.577104 -1.609118
161.470413 198.317688 3.679557 1.429775
162.812729 421.621399 4.104620 0.619641
162.812729 421.621399 4.104620 -2.129073
171.423950 91.961296 3.995653 1.443518
171.423950 91.961296 3.995653 -1.079157
182.252075 441.765076 3.937645 -1.586331
185.590042 29.030468 3.555426 -4.561012
185.847366 105.211563 3.936120 -4.478180
194.880203 241.492447 4.031394 -2.081690
194.788483 508.040833 3.866868 1.496710
196.036148 425.332123 4.280014 -1.466087
196.036148 425.332123 4.280014 -3.242677
206.566788 88.408386 4.276666 -4.355944
206.358795 110.185135 4.031483 -4.010214
216.753082 101.370911 3.899086 -3.971565
217.909897 394.112793 3.665400 -0.419665
216.834000 428.180115 3.881944 -3.313966
217.898224 69.713356 4.526317 -1.364406
220.386398 91.262527 4.194324 -4.207161
221.609161 251.097137 3.581091 -1.681160
226.999863 183.035278 4.389341 -4.258636
227.629318 441.492371 3.730746 -1.610724
229.942474 384.465118 4.383868 -3.136792
230.911285 342.908600 3.836137 -3.382661
258.997772 177.523590 3.897605 -1.631939
258.997772 177.523590 3.897605 -4.395668
262.931976 151.577301 3.916575 -4.091284
264.319641 250.986099 3.615480 -3.306096
275.452362 17.752180 4.154909 -4.403688
278.776978 191.565933 3.848225 -4.034897
281.534332 28.822109 3.628552 -3.396197
287.709839 54.524303 3.756711 -2.963891
286.962830 122.031448 4.038655 0.588133
294.489563 109.983635 3.930926 -4.653445
301.121613 608.799255 4.438778 -1.472087
311.847046 475.962006 3.679397 -2.926682
327.722870 250.080246 4.733799 -0.108231
341.267853 331.556183 3.675959 -1.459063
343.673859 375.982422 3.737517 -0.018122
354.910614 414.632721 3.581352 -1.731220
356.432343 498.151367 3.519835 1.412497
362.437958 611.761108 4.310662 -1.416561
367.827240 332.240967 4.472399 -1.489452
367.827240 332.240967 4.472399 -4.638041
370.014526 376.231720 4.005439 0.302123
370.014526 376.231720 4.005439 -1.132889
371.764954 530.719604 3.918020 -1.550314
384.452637 475.803986 3.468427 -1.791165
387.072296 528.498962 4.159130 -1.902725
395.267426 426.395508 3.865459 0.278375
396.372864 185.336670 3.843340 -3.602922
396.266846 610.582764 3.881439 -1.907632
401.954956 224.148941 3.957690 -3.259290
409.078156 448.304962 4.417147 -0.564312
409.078156 448.304962 4.417147 -3.143197
411.156708 90.136429 4.376187 -2.039234
412.877502 216.313141 3.798286 -4.607360
416.558563 561.260986 3.982998 -2.036077
7.093240 14.665096 5.859464 -3.702673
18.722464 442.944702 5.101223 0.196936
18.722464 442.944702 5.101223 -1.331638
23.610861 330.281708 4.618582 1.102676
34.416512 432.300659 4.908879 0.336751
42.143112 389.102325 5.710965 -0.368134
56.042648 291.782227 5.457137 -4.614084
68.142090 68.363625 4.539039 -4.341455
72.478020 172.812531 4.540857 -4.349877
76.161652 432.055145 5.112510 0.045486
78.161415 500.920959 5.120323 1.336432
78.161415 500.920959 5.120323 -0.031855
88.538116 310.060638 5.419725 -1.367584
88.538116 310.060638 5.419725 -4.568462
89.642647 334.515869 4.833347 -3.436511
102.657722 396.075104 5.284001 -3.131490
107.676125 77.372307 5.107047 0.301973
115.088226 570.776794 4.812774 -0.844762
118.639801 372.135803 5.424036 -0.160883
119.372833 438.657349 5.022562 -1.463076
135.775467 482.297211 5.106334 -1.398710
140.333954 439.340027 4.818677 -1.587872
140.682770 538.804688 5.462911 -1.567579
149.950760 15.662307 5.552499 0.621603
167.123489 189.084335 4.932827 -4.535648
173.749741 533.497009 4.793911 -1.702886
177.590363 483.028076 4.765022 -1.612052
186.041245 59.535458 4.943148 -1.342834
206.413208 256.670349 5.189131 -1.674095
211.819458 482.349335 4.552663 -1.290324
221.737564 332.875275 4.501465 -1.544959
221.737564 332.875275 4.501465 -4.682098
243.932693 484.833557 4.352457 -3.063939
253.390182 433.959290 4.569659 -0.031533
254.681824 163.650360 5.081446 -1.186040
254.681824 163.650360 5.081446 -4.014587
258.239380 322.525085 4.758137 -0.452001
274.212036 356.047699 4.438929 -3.325043
286.283417 619.823242 4.748469 -1.564397
286.283417 619.823242 4.748469 -4.306255
300.598694 459.975922 6.566269 -3.218021
299.380951 555.679993 5.284386 -3.270626
317.642120 31.247778 4.550367 -1.860602
341.088501 437.617889 5.080639 -0.095170
341.088501 437.617889 5.080639 -1.421986
345.790283 622.033936 6.035546 -1.260406
357.600098 473.887909 4.693768 -1.917939
373.993561 449.959869 5.105703 -1.587861
377.464600 543.295593 4.978308 -1.494172
378.713654 61.647564 5.344991 1.252829
378.713654 61.647564 5.344991 -3.675273
395.600891 17.346060 4.943480 -1.438073
396.470581 451.337036 5.347108 -0.743826
413.867737 125.314194 4.877342 -4.629011
419.831238 39.051533 4.887223 1.296525
11.377533 609.910339 7.112509 -1.555090
12.413891 318.264679 6.767115 -0.854572
15.670070 479.032928 6.102263 -0.192363
29.267845 34.804195 6.309929 -3.776499
27.904316 304.098328 5.869331 -1.187997
32.431000 406.864410 6.440180 0.146548
40.669312 478.228638 6.415084 -1.349497
55.729748 307.105957 6.309387 -1.513560
55.729748 307.105957 6.309387 -4.606696
73.321266 322.488892 6.015821 -1.512997
74.345978 386.758209 6.132718 0.426181
87.555222 401.008698 6.682504 -3.145612
88.908745 239.302094 6.433853 -1.529447
103.320335 324.488190 6.754334 -0.980136
103.320335 324.488190 6.754334 -3.624249
102.829575 428.348236 6.075567 0.239560
102.829575 428.348236 6.075567 -3.179068
105.146156 502.287018 7.172621 -4.690281
102.757828 541.109619 6.639188 -1.483541
120.121674 350.290497 6.720402 1.067959
120.121674 350.290497 6.720402 -0.579652
125.230934 73.156052 5.809677 1.543975
127.603096 28.014904 7.079601 0.761909
131.417343 313.600525 6.197725 1.521838
131.417343 313.600525 6.197725 -1.261591
163.856506 398.027252 6.109890 -0.806944
183.695938 455.311127 6.282974 -1.557078
192.818893 345.625702 6.272526 1.503755
200.161621 535.742615 6.663009 -1.741413
207.791168 202.145828 5.831659 -4.528426
222.852966 10.342036 5.839614 -3.256651
222.318695 43.000755 6.567315 -3.248431
221.754791 302.433228 6.765383 -4.595663
224.449997 155.808350 7.037230 -4.255556
241.197464 84.417641 6.065598 -0.503099
241.197464 84.417641 6.065598 -4.010326
242.880066 174.797119 6.640897 -3.969312
245.376953 336.175262 7.170066 0.297218
245.376953 336.175262 7.170066 -3.551040
258.236450 490.084534 7.133136 0.043765
266.713745 442.139404 6.484793 -0.148760
271.237854 309.072540 5.993417 -4.086937
283.014801 525.563354 5.865654 -2.019451
325.912384 175.475479 6.525903 -0.674645
325.912384 175.475479 6.525903 -4.705452
348.355804 243.776520 5.948871 -0.056696
348.355804 243.776520 5.948871 -1.652515
348.355804 243.776520 5.948871 -3.584225
370.310944 358.191223 6.705469 -4.541142
377.086090 185.731537 6.468309 -4.182139
397.768158 358.393341 6.540480 -3.554765
398.328613 78.920609 5.967813 0.010613
398.328613 78.920609 5.967813 -3.556675
399.451477 483.206268 6.543393 1.454503
405.720276 437.726257 6.776383 -3.185897
407.933868 499.692780 6.820463 1.511256
6.614183 115.020706 8.154517 -4.011405
12.083246 607.829773 7.787910 -1.513451
23.345640 136.580887 7.764266 -4.051850
41.887707 121.727013 7.762662 1.529017
57.070690 546.183044 7.982391 -1.629124
84.652733 129.646683 7.887663 -4.303550
105.865669 150.922409 7.973894 -4.065662
103.825668 324.893250 7.008622 -0.908268
103.825668 324.893250 7.008622 -3.680213
108.959923 370.573181 8.517512 -0.123622
108.959923 370.573181 8.517512 -3.152902
108.549980 499.835602 8.665612 -4.670917
125.377441 137.134048 7.531857 1.528940
125.052216 243.392349 8.866181 -1.263190
141.840500 405.403564 8.736137 -0.737025
172.732605 3.613901 8.160913 1.296411
202.715469 535.989746 6.977311 -1.771672
221.116882 41.296810 7.340204 -3.314946
227.457870 512.306641 8.205838 -4.680327
229.484390 579.491577 7.929078 -2.880250
251.852081 591.556702 7.729850 -0.555553
251.852081 591.556702 7.729850 -2.806802
257.841522 489.290649 7.457062 0.059592
268.574066 613.932800 8.087836 1.125386
284.575623 37.574390 7.706615 -3.565798
318.292786 122.904388 8.031701 1.400496
341.129547 358.513641 8.546803 -0.018182
352.417755 237.975388 7.354231 -0.116831
352.417755 237.975388 7.354231 -1.607403
396.440369 481.226135 8.198912 1.467446
399.917389 593.238098 8.132470 -1.989481
399.917389 593.238098 8.132470 -4.498517
405.333954 500.635101 7.567537 1.528978
22.273018 525.681641 10.551085 1.270564
83.953110 521.731934 11.262424 1.522964
122.378899 521.688599 9.756753 1.549954
349.615601 156.211761 9.752222 -4.578709
386.830688 21.042316 9.385251 -3.353896
57.500122 553.441528 11.321777 -1.546864
107.710388 107.433975 12.803830 -4.521427
204.222931 51.574738 13.511553 -3.406948
302.673248 233.208862 13.767776 -0.060699
372.659088 94.878860 12.723181 -2.799821
200.669220 49.450996 14.587953 -3.585873
300.138336 193.433044 15.163112 0.284823
363.236206 298.353699 14.928261 -1.420963
382.824219 469.902344 15.432674 -1.225433
59.493488 422.798004 21.889137 0.026334
59.493488 422.798004 21.889137 -0.857129
137.002426 480.380402 22.027382 -1.614050
137.002426 480.380402 22.027382 -4.712095
324.520630 475.405243 21.999159 -3.275054
59.199364 198.911407 26.060846 -1.283682
106.683578 275.904449 23.645489 -1.321107
358.335449 233.906067 27.665621 -3.908679
364.626434 367.585144 24.335012 -0.055202
180.430847 378.022888 30.173326 -1.608999
178.447861 205.666458 42.373028 -4.390015
283.231812 123.864586 40.784542 -4.304325
286.913330 304.486328 37.342194 -2.090768
