7 79
10 538
12 18
19 589
38 86
42 220
57 601
72 115
83 473
87 115
88 375
95 1
100 7
105 4
106 308
107 309
109 533
110 5
111 314
112 15
113 16
115 613
116 321
117 23
119 317
120 318
121 41
122 26
127 25
129 29
131 35
132 36
133 28
136 32
137 30
140 568
141 43
142 45
144 48
145 49
149 335
154 60
156 338
158 56
162 342
164 67
168 339
169 340
173 73
175 76
176 74
177 78
178 92
180 85
181 80
182 86
183 87
186 95
187 96
188 88
190 79
192 101
193 98
194 99
196 102
197 90
198 103
199 106
200 107
201 355
202 112
204 362
205 114
206 113
208 720
211 568
214 121
217 125
223 123
226 127
227 130
228 129
229 144
230 200
234 138
235 133
236 134
237 135
238 136
243 145
245 146
246 147
247 377
248 149
249 150
252 383
255 152
259 157
260 158
261 788
262 161
272 168
276 356
277 357
278 165
281 169
282 170
283 173
285 174
287 180
288 13
289 14
291 16
292 179
294 181
295 188
299 558
301 196
304 182
305 200
309 195
310 197
314 214
319 239
320 209
321 421
323 219
325 215
329 217
330 420
333 217
338 220
342 233
343 428
345 429
372 665
376 307
387 351
400 548
401 305
402 304
404 492
409 493
411 495
414 315
416 319
417 320
418 323
419 324
423 623
424 327
425 329
427 328
428 510
429 512
430 332
432 333
435 336
441 77
443 346
444 343
445 351
454 356
456 126
457 109
463 364
464 365
466 368
467 79
468 374
469 372
470 376
471 126
474 376
476 375
477 153
478 387
479 151
482 382
483 322
484 388
485 389
486 391
487 159
488 178
490 85
491 175
494 407
495 402
496 401
497 554
498 410
500 184
501 413
502 193
505 418
506 210
507 419
508 203
510 212
515 206
520 220
521 220
561 495
562 15
565 489
566 490
568 604
569 491
572 494
576 499
577 500
578 501
579 507
580 623
581 511
584 514
585 398
586 629
587 630
588 515
589 636
590 637
591 613
592 516
595 519
596 518
597 520
598 521
599 644
602 527
604 360
606 526
607 536
608 529
613 532
615 539
616 533
617 535
618 536
619 544
622 550
623 551
624 467
625 404
626 552
629 399
630 400
631 556
633 559
634 560
638 563
662 383
668 608
673 616
674 612
678 708
680 352
681 617
683 621
684 622
686 629
687 630
688 714
689 715
691 632
693 634
695 516
696 804
697 641
700 643
702 528
707 657
709 655
710 732
713 663
714 665
715 733
716 661
717 662
718 734
719 548
720 669
721 667
724 670
725 671
726 672
728 675
731 679
735 585
739 804
740 710
748 663
756 763
757 764
758 709
759 710
763 625
764 713
765 716
766 718
767 720
769 722
770 723
771 639
772 727
774 724
775 726
784 731
786 730
787 666
788 668
789 737
792 558
804 765
805 766
806 767
808 768
809 769
810 666
811 771
812 770
813 772
814 773
815 774
816 775
817 776
818 777
819 781
820 780
822 778
823 779
824 782
825 783
827 784
830 787
832 792
834 791
835 771
836 793
837 794
838 795
840 838
842 803
851 821
852 819
853 820
854 821
855 824
856 825
857 826
858 828
859 829
861 795
862 833
863 834
864 797
866 835
867 836
876 850
880 854
884 855
886 863
887 864
888 865
894 871
