9.171353 593.145386 1.819606 0.680067
9.171353 593.145386 1.819606 -1.027885
11.529788 442.387726 2.264543 0.069593
11.622398 394.297943 1.939884 0.244878
11.570049 516.790100 1.954268 1.426901
12.151328 532.970276 2.153161 -1.479485
13.239877 415.035614 1.822673 0.212888
14.441341 89.021935 2.189514 -4.272879
17.522959 429.210938 2.008278 0.239370
17.891520 621.061646 1.980086 1.389484
19.811140 459.138733 1.910089 -1.873551
20.362532 543.493164 1.611632 -1.414176
22.029737 487.445557 2.318700 -2.275381
23.478983 360.342834 2.006992 -1.043713
25.365782 493.091827 1.862530 -1.328882
26.072315 273.865936 1.977823 -1.412027
26.822050 410.753967 1.918597 -2.843046
26.822050 410.753967 1.918597 -4.517278
28.048204 151.348465 2.117715 -4.650296
28.355070 588.528015 1.977901 0.701727
32.740746 309.977264 2.018888 -0.658666
34.808025 334.580261 1.970823 1.459597
38.005516 434.967804 2.205727 1.442963
39.821285 179.536087 1.931388 0.821304
39.652283 314.696564 2.175777 -1.453668
40.510899 494.648529 2.362096 -1.568170
40.750530 384.346344 2.199478 -0.145531
40.750530 384.346344 2.199478 -1.724502
42.411789 412.071533 2.200187 -4.445199
43.312599 70.046700 2.029234 -2.583746
43.981514 333.956940 2.049699 -4.644627
45.233055 389.701080 2.272331 -0.996753
46.685474 130.014740 1.916389 -4.429950
47.843876 365.263824 1.985817 0.044484
51.764042 435.384369 2.043118 -4.629695
54.755093 419.667206 1.799999 0.314437
54.755093 419.667206 1.799999 -3.598753
55.837849 228.874252 1.847981 1.098091
56.249058 336.268982 2.022068 0.283759
56.249058 336.268982 2.022068 -1.820895
56.249058 336.268982 2.022068 -4.685588
57.314198 397.458069 2.162264 -0.808607
57.277988 368.434326 1.844281 -2.035110
57.946030 390.712708 1.963860 -0.970641
58.643349 576.923096 1.904374 -1.265584
59.831650 272.389008 2.205317 -1.451494
59.905243 552.223755 1.908129 -1.822553
61.164066 197.046555 1.909133 -0.637511
60.633381 348.512451 1.981477 1.179366
60.714478 442.263184 1.965250 -1.585724
62.612976 184.521591 2.043653 -2.735590
63.503216 41.115753 1.704293 -2.664827
65.928093 404.887726 2.099687 -0.689131
67.563164 378.840057 1.771229 1.300604
69.231667 464.251251 2.006656 -4.665246
68.719040 474.407471 1.919388 -2.530838
70.634964 75.731972 1.705010 -1.254018
71.186203 240.703552 2.005396 -2.712414
72.841034 176.129974 1.932627 -3.153193
75.084900 342.529022 2.285760 1.418824
75.084900 342.529022 2.285760 -1.755082
78.398415 411.216888 2.132886 -1.262113
78.398415 411.216888 2.132886 -4.691261
77.797974 435.046356 1.846774 1.196287
79.186508 180.169479 2.130721 -3.213223
78.651268 375.541504 1.960193 -2.342115
79.788582 561.888916 2.152966 -4.238462
84.122040 401.429413 2.108880 -3.021496
84.678307 510.668427 2.178847 1.559771
85.129944 379.568176 2.184978 0.158394
86.054352 550.797852 2.364763 -1.483487
90.445671 305.504028 1.737280 -4.571913
91.177559 234.083633 1.856362 -1.328911
90.876839 345.266144 1.832631 1.364168
92.084106 387.510376 1.884233 0.265476
92.084106 387.510376 1.884233 -1.391558
90.428940 608.621216 2.200375 1.427599
96.981598 357.843903 2.043721 -2.017398
97.024353 368.695404 2.170237 1.506807
97.024353 368.695404 2.170237 -2.006234
97.128227 391.127106 2.110603 0.217223
97.128227 391.127106 2.110603 -2.126419
99.638023 618.973633 2.144574 -2.175910
99.638023 618.973633 2.144574 -4.582818
99.863419 227.588104 1.792937 -1.201852
101.972099 426.821228 2.201003 -3.305632
103.620239 185.795258 1.723204 -4.510830
108.213829 511.959778 1.882818 1.469419
109.199158 216.498810 2.060767 -4.527405
109.750328 247.670746 2.316549 -2.419354
110.442200 426.157532 2.159513 0.163853
111.252060 441.775543 2.068446 -1.434107
112.055298 390.221222 1.935118 -0.396899
112.055298 390.221222 1.935118 -3.071688
112.055298 390.221222 1.935118 -4.446124
116.240364 422.436615 2.194564 -2.906378
115.964752 458.571014 1.777972 -1.380442
118.675087 441.482452 2.299789 -1.633277
119.046021 473.443115 1.971220 -0.216875
120.084091 183.877014 1.879476 -4.148421
119.646881 482.161163 1.958446 -0.797007
119.646881 482.161163 1.958446 -2.298481
119.658409 490.748596 1.991571 -1.693402
121.194412 65.366585 2.359265 -1.224384
120.456062 319.565216 1.903399 -1.086045
124.734627 213.455139 2.140713 -4.417260
126.639580 250.656830 1.858731 -3.028959
130.971085 475.427551 1.884168 -0.554495
133.839767 258.686401 2.058493 -1.512223
133.919800 360.045929 2.122000 0.077887
138.191513 281.207825 1.894356 -1.432801
137.799011 424.756409 1.795185 -2.199795
138.769241 246.876511 2.193582 -1.710299
139.666107 615.975037 1.905382 -2.245796
141.267258 506.809784 1.975253 -3.148724
141.876587 61.822666 2.102104 -3.386228
142.809402 339.293915 2.082711 -3.532135
142.809402 339.293915 2.082711 -4.560100
145.536148 348.676392 1.729487 -3.118805
153.117386 514.098145 2.018580 -3.147035
153.994293 442.406647 1.806809 -3.132128
156.087189 165.833878 1.906757 -1.558700
156.087189 165.833878 1.906757 -2.841421
155.982697 181.801712 1.951153 -3.475843
156.836105 625.190613 1.874122 -2.821446
158.856735 597.127441 2.155838 -4.396664
164.812775 505.044952 1.888947 0.114842
165.887024 274.403381 1.752964 -0.161407
167.977356 69.464417 1.868454 0.047453
167.768524 91.796150 1.751371 0.306131
171.587112 292.493134 1.731481 -4.200278
173.465195 529.840149 2.113007 -2.112270
175.622910 621.886658 1.860524 -1.798125
183.369080 210.090652 2.150293 -3.150803
183.191147 228.396240 1.934911 -3.184168
183.357788 240.360260 1.974559 -3.141630
183.143631 259.142944 1.935395 -3.371705
183.029022 412.336670 1.816875 -3.187286
182.985138 419.947144 1.999115 -3.178766
183.213058 429.105743 2.033755 -3.202217
183.505203 450.681976 2.301641 -3.184392
183.530670 248.137421 2.143821 -3.335331
185.133865 126.717278 1.954945 -4.203124
188.172821 439.897400 1.880866 -3.150250
187.761017 548.432373 1.920698 -2.551565
187.761017 548.432373 1.920698 -3.840478
189.356033 203.188141 1.943278 -3.527214
191.819427 138.368042 2.299780 -4.177305
191.663010 273.307068 2.145062 -1.463033
192.207733 308.123322 2.208163 -4.286886
191.855606 531.782227 2.059929 -4.117984
195.733551 70.182953 2.296606 -3.236358
195.854935 314.094513 1.927963 -4.584404
197.154953 20.278616 1.986156 -4.202583
197.873444 443.717041 2.253001 -3.173085
211.018936 531.185913 1.829908 1.478736
211.733093 156.802505 1.944084 -3.996723
213.050110 57.645653 1.958595 -2.332782
213.050110 57.645653 1.958595 -3.969851
213.605270 381.277039 2.059377 -2.391603
213.605270 381.277039 2.059377 -4.682123
216.936722 420.841492 1.878017 -3.414891
219.725006 149.063599 1.913818 -4.394231
219.955978 475.539856 2.077742 -2.784817
222.145248 326.124481 1.864384 1.363417
222.608612 457.166046 1.945324 -2.520478
223.352158 620.218567 1.817822 1.191225
227.898941 294.318817 2.105080 -0.983226
230.331314 4.640106 1.851897 -1.493504
230.331314 4.640106 1.851897 -3.167522
236.221512 201.399506 2.216724 0.206148
236.221512 201.399506 2.216724 -4.649742
236.722855 293.622650 1.885797 -1.375496
238.343155 61.002693 1.842926 -2.809880
238.210388 325.323853 2.223205 0.177019
239.256363 361.902740 2.165186 0.033641
241.397659 306.452179 2.104890 -0.174367
240.428452 334.972412 2.228314 -1.376223
242.983612 542.826782 1.839520 0.635100
242.983612 542.826782 1.839520 -0.875666
244.996765 108.262558 1.698307 -1.028570
247.246841 401.329620 1.807693 -0.228473
246.719101 413.390930 2.120918 -0.812726
246.719101 413.390930 2.120918 -1.962499
248.938965 473.668884 2.115392 -0.698109
249.009399 542.967468 2.042306 -0.986565
251.385880 213.596756 1.901641 -1.476928
254.251373 440.144012 2.026780 -1.488649
254.838623 349.186340 2.214278 -4.529732
256.007385 303.032928 2.033058 1.089084
255.736710 369.927765 1.863837 -3.821349
256.088928 385.832855 1.921330 -3.022716
260.522247 440.235352 1.883743 -1.610418
260.823944 636.031250 2.210685 -1.557327
261.796051 87.779053 2.182071 0.963913
263.617035 352.066010 1.854558 -4.509249
270.116333 508.411865 1.901121 -1.337218
270.921234 79.489693 2.529212 0.951745
270.985260 217.324127 1.951029 -1.362328
271.085999 284.732880 1.914016 -1.429013
272.455566 350.744202 2.062524 1.492800
272.402771 562.682617 2.252931 -1.754873
273.623352 384.773438 2.249458 -1.237071
273.936676 370.503510 2.044893 0.813352
273.936676 370.503510 2.044893 -1.284357
274.887512 459.486786 1.902104 1.187508
276.285553 225.778412 2.139211 -1.275920
278.117462 536.469849 2.136957 -1.348635
279.241394 427.277863 2.258261 0.445754
279.241394 427.277863 2.258261 -3.295187
279.504639 285.911957 1.953395 -1.350855
283.932373 267.101593 2.235361 -1.560666
283.932373 267.101593 2.235361 -4.540391
284.039062 386.495636 1.801893 0.616263
284.039062 386.495636 1.801893 -2.674700
283.689972 402.044830 1.773828 1.387975
283.689972 402.044830 1.773828 -0.987612
288.047394 459.146759 2.179857 -3.029038
289.458588 238.992432 1.656436 -1.296351
288.943756 340.157379 1.753887 -1.546937
289.924744 353.589386 2.013900 -4.547334
290.180847 596.709839 2.300845 -1.919613
291.356873 128.261139 1.775118 0.947304
291.356873 128.261139 1.775118 -1.455816
296.105621 243.530670 1.998683 -3.185923
296.024353 285.116943 1.925658 -1.487279
296.449158 310.667694 2.035450 1.424352
297.177338 130.587708 2.092070 -3.312803
297.066986 533.502197 2.014093 -1.597821
298.172028 94.941696 2.176299 -3.401036
299.003235 352.772095 1.937251 -4.688951
299.590027 358.043121 1.841493 1.278385
299.401703 385.918579 2.128725 -1.592020
299.401703 385.918579 2.128725 -4.501989
299.639130 289.816956 1.792376 -1.491627
301.368652 481.258118 1.709547 -2.035704
302.158722 594.285645 2.132052 -1.865336
303.142944 524.875610 1.819049 -1.695726
307.078583 118.032341 1.948610 -1.878851
307.078583 118.032341 1.948610 -2.814730
309.575836 135.097870 2.168017 -4.658867
318.927887 200.185516 1.829964 -4.588540
322.206848 145.875580 2.093992 -3.818056
323.565369 47.618229 1.965972 1.299176
332.394684 35.817970 2.136928 0.957731
332.075043 296.300415 1.846229 1.419368
332.075043 296.300415 1.846229 0.177324
339.305298 29.316288 2.459230 0.931002
339.770905 336.642914 2.211025 -1.409994
341.372742 367.695435 2.449287 -0.067254
341.441772 374.784149 2.356278 -0.077552
341.875458 521.011230 1.957204 -0.064198
343.088562 75.512321 2.202147 -4.690611
344.901642 68.788193 1.921940 -4.627515
347.427917 153.889633 2.228037 -4.254802
347.909851 89.942093 2.086800 -2.154661
349.022217 377.050903 1.832016 1.323748
349.022217 377.050903 1.832016 0.087990
349.022217 377.050903 1.832016 -3.240918
352.282806 172.732605 1.819926 -2.296812
351.672516 338.477020 2.227254 -1.418666
352.195435 583.879578 1.887213 -0.962276
355.020538 153.175690 1.935206 -4.178359
356.713379 165.073273 1.816605 -2.165982
356.606873 454.701050 1.659206 -4.626196
357.883606 115.788399 1.940084 -0.109850
357.883606 115.788399 1.940084 -3.181304
367.428497 444.185852 1.945575 -1.465533
368.971985 75.153275 1.949472 -2.265950
371.497345 130.340424 1.809715 -4.708793
372.995239 213.116791 1.918291 1.313792
374.494232 475.101868 1.929411 -1.797436
377.183838 137.132507 2.113759 -4.303149
381.144348 6.408803 2.137641 -3.217030
381.050507 151.471451 2.156924 -2.166152
381.098022 454.607574 1.882695 -4.103802
382.850403 216.854645 1.730935 -4.386511
384.681824 370.865936 2.228916 -0.068467
387.563049 636.824768 2.006042 -1.670658
389.675323 59.796314 2.013747 -3.224262
392.293518 519.997559 1.963952 -1.786911
393.188049 184.921616 2.181204 1.283768
394.218140 150.210266 2.014817 -2.254446
395.217865 206.686111 2.263293 -2.014744
395.482025 338.183441 1.712919 -4.646562
399.177002 472.730347 1.868430 -1.386598
400.554535 595.233521 2.029721 -2.218643
400.554535 595.233521 2.029721 -4.260909
406.278748 573.244507 2.202846 -1.544019
409.888397 332.458557 1.697001 -0.777827
409.888397 332.458557 1.697001 -1.918481
409.568756 427.268524 2.280475 1.197734
410.625061 456.608429 2.384169 -3.102845
411.843384 606.449768 2.079841 -1.558039
412.645966 433.432709 2.344292 -0.204183
412.645966 433.432709 2.344292 -1.860538
414.422577 48.729202 2.017665 -2.358663
415.784821 637.502625 1.777810 -0.983663
415.784821 637.502625 1.777810 -2.801189
415.784821 637.502625 1.777810 -4.456406
415.843719 539.242920 2.181724 -1.787901
420.677429 363.087189 2.044917 -4.310201
424.694916 585.243958 1.997581 -1.798805
5.535099 239.124054 2.783043 -1.712459
5.535099 239.124054 2.783043 -2.716971
7.214688 86.378044 2.382956 -4.290741
10.873283 600.492676 2.556852 -1.563417
11.934978 148.085297 2.441642 -4.069888
14.770544 496.204712 2.337193 -1.875350
15.601773 272.388672 2.518728 -1.338412
19.423433 327.692200 2.368262 -4.608928
19.502327 599.967407 2.195768 -1.636242
23.745272 21.906836 2.504619 -2.940403
24.322529 98.245598 2.666697 -4.441026
23.560955 336.204559 2.518717 1.392244
23.560955 336.204559 2.518717 -4.309769
28.502493 569.252319 2.355903 1.367396
33.150303 101.320465 2.807681 -4.527776
34.188000 282.986206 2.403814 -2.975470
34.473732 303.062836 2.248259 -4.518790
34.648624 400.492737 2.411273 -3.425683
36.963112 234.858948 2.289842 0.805078
37.520275 173.621521 2.759735 0.658756
40.755444 475.122742 2.798557 -3.073005
41.835701 164.337769 2.484448 1.166670
42.097500 580.535278 2.517042 -1.644898
43.854092 595.636963 2.418161 -1.699892
48.503448 369.557861 2.480041 -0.020416
50.070065 232.890045 2.490588 1.134641
52.356991 565.946777 2.455473 -1.514134
52.843613 616.046082 2.600286 1.379779
60.579670 592.099060 2.433043 -1.683530
60.946484 88.327637 2.528613 -4.461746
60.914116 305.874878 2.306965 1.513734
62.593124 109.396240 2.643686 -4.473577
74.342163 623.164429 2.398692 -2.353471
76.059807 417.257385 2.383657 -2.071849
76.790314 588.944580 2.620853 -1.672294
78.734367 334.157806 2.354392 -4.660739
95.283028 571.692139 2.322085 -1.511595
95.967293 587.028503 2.411948 -1.676456
97.333221 14.473077 2.264326 1.349796
97.209549 189.696823 2.737490 1.476594
101.260315 35.079212 2.447101 -4.707949
108.824860 181.554489 2.524996 -4.588104
109.575119 321.338989 2.455558 -1.513232
110.544594 382.985352 2.424206 -1.630892
117.067436 362.636505 2.433486 0.902856
117.067436 362.636505 2.433486 -2.368958
116.850533 374.367920 2.428702 0.791387
116.850533 374.367920 2.428702 -1.974266
123.938683 12.005670 2.618954 1.230608
124.966858 436.297180 2.561115 -3.621817
129.792847 322.880463 2.375443 -1.519786
129.794891 557.304993 2.504458 -2.136636
129.794891 557.304993 2.504458 -3.419328
133.810379 383.677032 2.224341 0.099893
133.475616 398.909332 2.245497 -0.084027
140.522858 108.984779 2.679097 -4.636977
142.465042 354.420715 2.257853 -3.121212
142.321030 367.977112 2.257482 -3.121948
141.640610 381.947021 2.600646 -3.126613
142.327866 394.963165 2.233624 -3.147783
142.638321 131.564102 2.834699 -4.355712
146.340057 362.027496 2.317235 -3.126877
146.670044 388.414368 2.528371 -3.123828
153.966873 326.557251 2.300565 -2.697913
155.395279 150.928391 2.348608 -3.444658
155.937164 75.694275 2.517739 -1.768986
155.937164 75.694275 2.517739 -2.843251
160.035065 616.488525 2.539279 0.363915
168.310730 139.071442 2.593744 0.283861
168.026749 155.281296 2.587008 0.184270
168.294403 167.836227 2.796168 -0.262539
168.294403 167.836227 2.796168 -1.120966
167.894897 185.530121 2.621698 0.213881
167.894897 185.530121 2.621698 -4.497187
168.878433 81.090981 2.433128 -0.309300
176.992737 342.185638 2.415884 -4.244565
180.711075 600.931091 2.418140 -1.168497
183.330215 317.602356 3.062325 -3.651839
184.746887 534.023682 2.282768 -4.033983
188.624496 29.434017 2.848876 -3.809419
198.118866 432.796417 2.288445 -3.157665
197.562714 455.938843 2.861845 -3.201583
216.319733 279.736267 2.425841 1.258019
217.407593 142.333847 2.659104 -1.227493
217.541702 304.873474 2.448647 -2.012620
219.513596 122.900238 2.397996 0.857091
221.645752 311.438965 2.318596 -1.896407
225.416245 332.342743 2.344340 -1.381555
233.439209 77.431496 2.497553 -3.266898
234.078842 630.086426 2.498677 -4.092973
236.539948 174.326431 3.212566 0.116393
236.539948 174.326431 3.212566 -4.582128
237.763199 267.735413 2.649488 -0.110491
239.817886 348.774689 2.699993 1.550124
241.794250 408.353729 2.669850 -0.027299
241.539825 596.983887 2.364013 -1.649052
244.471893 502.905243 2.695966 1.224975
245.556244 357.218048 2.397607 0.390984
246.375305 126.939163 2.828102 -2.361672
246.375305 126.939163 2.828102 -4.327309
248.537445 78.103195 2.631920 1.313243
248.537445 78.103195 2.631920 -3.211754
249.248306 489.547058 2.521843 1.444116
249.080582 496.224030 2.294688 1.334712
250.122833 390.619232 2.353771 -3.175938
250.538193 445.889069 2.632977 -1.480897
252.958572 282.562561 2.712371 -1.329322
258.111084 432.994934 2.578138 -4.481833
260.404816 480.695526 2.469546 -1.785567
265.209686 536.745056 2.686643 -1.370513
269.681763 446.101318 2.646518 -1.633307
273.389160 363.361847 2.710954 1.033977
273.389160 363.361847 2.710954 -1.184139
273.552826 377.323730 2.539880 0.603901
276.041809 307.166656 2.471916 1.549745
276.041809 307.166656 2.471916 0.690061
278.587280 351.826630 2.676905 -4.574982
282.103668 245.040024 2.483976 0.012220
283.552612 273.952698 2.457469 -1.466656
286.690308 426.657928 2.671987 -1.205842
289.960327 392.086761 2.769058 -1.640489
289.929993 64.866058 2.486814 1.116941
292.618042 145.577972 2.121965 -1.273854
292.346039 420.307556 2.546324 1.387169
292.346039 420.307556 2.546324 -1.375403
297.171997 612.130249 2.395060 -1.934272
299.386688 392.485992 2.544008 -1.619343
299.713837 364.627960 2.615723 0.933198
299.713837 364.627960 2.615723 -1.481029
300.290588 378.695831 2.457943 0.771698
303.075012 202.601501 2.471553 -1.660440
312.106934 151.579834 2.648572 -3.644806
311.158478 166.680832 2.379388 -3.068155
314.024902 603.157410 2.795712 -1.982123
316.819305 64.143097 2.702036 -0.089765
324.336761 159.629395 2.524544 -4.405751
325.056000 627.902710 2.573572 -1.387162
332.300415 226.263779 2.753562 -4.357680
333.051849 568.846130 2.325819 1.549960
333.493347 68.391670 2.594254 1.054320
341.286041 358.036774 2.850777 0.082458
341.286041 358.036774 2.850777 -4.644831
341.704681 572.963013 2.683377 1.276785
342.132385 108.053413 2.182907 -2.350425
348.538147 37.440685 2.786039 1.414100
355.390442 230.984116 2.397766 -4.704301
356.865570 111.295456 2.399052 -0.572975
358.260925 382.887024 2.228464 1.516985
358.627930 367.189178 2.658610 -0.172740
359.272156 375.915894 2.779213 1.487623
359.272156 375.915894 2.779213 0.081466
360.186920 610.592896 2.774155 -1.402297
360.850067 398.958130 2.691115 -1.525950
362.432281 407.284698 2.308282 -1.643692
362.432281 407.284698 2.308282 -4.699505
363.341705 62.438805 2.356550 -4.437848
364.589020 159.713394 2.412731 -2.187267
364.592743 99.746483 2.708037 -4.587020
366.790741 340.069855 2.561248 -1.554730
367.868774 421.159790 2.589534 -2.032310
367.868774 421.159790 2.589534 -3.308408
371.883728 631.121643 2.782685 -1.329797
371.849335 108.564934 2.956415 -3.379790
373.126190 461.719849 2.458042 -2.555474
374.863861 251.107635 2.569121 -1.629962
382.285553 121.944984 2.303724 -4.616199
382.392761 612.239075 2.638496 -1.813595
389.083527 305.769379 2.416723 0.134002
390.470673 430.330872 2.339221 1.565446
391.892639 342.667236 2.453960 -1.242016
391.863037 629.822693 2.307072 -1.654892
401.723480 10.163506 2.225895 1.081577
401.723480 10.163506 2.225895 -3.476386
401.899261 287.778320 2.478985 -1.471965
406.037262 261.056885 2.461924 -3.192348
408.549835 379.287323 2.494452 -2.692446
410.205536 45.055405 2.408824 -2.344444
411.055939 456.613708 2.253623 -3.070167
416.048126 400.049744 2.582913 0.005446
417.455017 574.437561 2.394140 -1.691315
417.902496 310.129303 2.801403 -4.391133
420.475677 67.735092 2.437641 -4.623695
29.325418 153.118439 3.278207 -4.643448
30.571400 384.211365 3.351256 -0.215469
32.073383 595.273499 3.296673 -1.494292
36.031754 417.437988 3.267253 -4.490836
38.685596 340.546600 3.049894 1.535095
44.754658 427.425659 3.719463 -4.634789
44.796459 553.111755 2.936406 -1.197560
44.706486 593.488953 2.998248 -1.657225
48.212177 478.065948 2.877337 -3.073053
68.543800 30.013865 3.424373 -3.507759
82.693130 423.413025 3.172481 -2.014758
83.516136 440.438477 3.245488 -1.532569
86.922775 96.391602 2.925707 -4.652763
87.086754 29.530886 3.432906 1.361559
87.952362 178.249435 3.428223 -3.535868
87.952362 178.249435 3.428223 -4.316402
88.553238 624.652710 3.276985 1.347251
88.553238 624.652710 3.276985 -2.353253
92.732460 244.371765 2.687497 -1.460779
98.368309 403.747650 3.071983 -1.518955
105.525078 475.759003 3.035858 -0.313094
107.458626 449.273895 3.278854 -1.539726
111.216003 506.320923 2.950955 1.493308
116.501129 526.167542 3.207995 -1.625862
116.459839 103.662216 3.309823 -4.670607
130.572983 44.541348 2.970589 -4.471288
132.561356 450.131592 2.878761 -1.566190
132.770676 54.990688 3.364639 1.549465
134.481445 10.125836 3.079987 0.673736
142.545319 238.266846 3.623997 -3.012000
142.797165 433.216217 2.935230 -3.950672
143.539902 180.166031 3.267704 -4.292838
143.940079 624.415771 2.902759 -2.631354
145.564117 30.311066 3.427303 -3.260869
145.961304 124.942039 3.124796 -4.443955
147.643234 61.519661 2.967491 -3.511251
151.604309 454.558044 3.200432 -3.119883
153.543198 261.079681 2.951525 -2.862982
155.553513 93.594467 3.181256 -3.469173
160.176880 398.731628 2.965630 -0.111402
167.481857 343.469330 3.313860 0.236023
166.601318 377.877350 3.062682 0.004126
167.963913 262.463318 3.316094 -0.282961
170.004898 13.407013 3.026790 0.032213
170.101288 101.150620 3.038037 -0.023444
171.126740 334.610657 2.986341 -1.617257
171.126740 334.610657 2.986341 -4.555748
185.829971 74.085526 3.364283 -3.152459
200.718094 302.771729 2.830535 0.236381
204.300949 127.819351 3.180498 0.821755
204.300949 127.819351 3.180498 -4.023702
207.284790 57.952770 3.140701 -2.829931
207.284790 57.952770 3.140701 -4.081200
219.315811 632.823547 3.215423 -1.096013
233.623856 356.016083 2.902007 -0.029255
237.785385 203.486755 3.564774 0.160442
237.785385 203.486755 3.564774 -4.625042
249.414230 607.223694 3.211442 -1.262876
251.405991 333.899750 3.580542 -1.457966
252.668991 362.473389 3.344802 0.221086
252.572006 377.166138 3.599567 0.120457
252.572006 377.166138 3.599567 -3.611159
262.011719 414.992554 3.456244 -1.650195
262.688873 545.490479 3.402321 -0.648807
264.881866 93.273491 3.203159 0.969102
276.074219 413.479492 3.269373 -1.340675
278.874512 623.651611 3.215636 -1.699498
282.043213 36.938557 3.129894 -1.342961
282.043213 36.938557 3.129894 -3.965897
292.599609 604.445190 3.461830 -1.900646
298.233307 407.170990 2.994623 -1.377754
300.305237 414.834106 3.047737 -1.347989
305.114380 284.776611 3.200789 -1.627293
307.506378 355.021271 3.314470 -4.186936
313.001709 458.791931 3.487818 -0.318947
320.834015 206.266922 2.830822 -1.251574
320.834015 206.266922 2.830822 -4.602952
321.577209 223.739716 3.160788 -4.506642
323.173187 341.844421 3.181183 -1.533360
323.173187 341.844421 3.181183 -2.777505
331.079315 556.594421 2.927078 -2.298020
335.544464 298.053101 3.417956 -4.708161
334.727081 581.764404 3.249697 1.414923
334.727081 581.764404 3.249697 -0.234145
337.943115 183.300751 3.574949 -1.990870
345.778809 421.787537 3.231088 -0.015639
346.548279 629.358337 3.439763 -1.798455
362.700348 470.212250 2.982926 -1.881283
367.659973 431.097015 3.564042 1.469547
374.526550 439.247498 2.916821 -1.574180
379.457214 429.250549 3.110812 -4.683047
379.982727 389.153961 2.959301 -1.824011
382.953522 371.393646 3.484595 -0.013741
384.195892 380.796387 2.907713 -0.029319
387.574066 146.603195 3.322971 -2.335483
387.835449 80.582062 2.861504 -2.386720
395.800873 226.214340 3.078056 -4.315891
396.772430 53.216129 2.974378 -0.147091
397.290558 455.551971 2.409712 -0.263284
406.497925 505.290894 3.184305 -1.715171
409.135590 466.285126 3.236646 -1.779172
415.247620 7.587165 3.025354 0.888277
415.061096 247.070816 3.338522 -4.155974
418.204742 273.188812 3.001590 -3.362715
417.336304 289.605865 3.387268 -1.506926
9.121408 335.628571 4.016811 0.313455
9.121408 335.628571 4.016811 -3.163344
25.230360 9.855035 4.037650 -3.277288
32.054501 427.783569 3.667273 -4.496065
44.131218 350.542419 4.118728 0.980200
44.494625 427.412598 3.697808 -4.634542
55.069035 385.903931 4.188643 -0.802029
57.322998 483.940369 3.548171 -1.577855
60.370178 345.419067 3.710703 1.106900
63.099163 225.693771 3.890788 1.232433
63.099163 225.693771 3.890788 -0.489020
69.325981 420.588959 4.249969 0.667076
69.325981 420.588959 4.249969 -2.107214
72.397743 200.652100 4.541371 -4.200485
75.758232 16.622089 3.675845 1.205260
77.475906 352.904602 3.790907 1.433675
83.560234 232.882065 3.935878 -1.371339
100.050125 99.500229 3.914077 -4.540719
99.933601 508.562714 4.077908 1.479949
104.199310 424.423248 4.375164 -1.428837
104.199310 424.423248 4.375164 -3.265865
110.209381 91.416313 4.336091 -4.562576
116.492577 103.886444 3.448815 1.553269
122.510033 106.854637 3.917958 -4.548034
124.722610 84.546684 4.190763 -4.482331
124.628853 426.858673 3.724199 -3.323974
126.844086 393.181885 3.692668 -0.393161
133.013367 331.439545 4.372747 -1.503063
133.013367 331.439545 4.372747 -4.683770
135.296539 98.577477 3.877548 -4.458989
135.097549 249.086578 3.601548 -1.704406
135.399109 441.176086 3.784146 -1.647230
138.669022 88.782372 4.242841 -4.275611
139.524628 357.150391 3.994479 -3.095729
138.974548 383.570099 4.044225 -3.107440
140.696320 342.619751 3.952359 -3.301338
142.610138 181.111099 4.044761 -4.256233
145.026230 30.160686 3.609722 -3.289684
171.411011 13.182998 3.946759 0.054958
171.253479 78.693665 4.007466 -0.277659
173.273911 177.584244 3.661945 -1.459258
173.273911 177.584244 3.661945 -4.457795
184.982651 377.556641 3.940095 -3.254527
194.227722 193.429810 3.866476 -3.947742
192.142914 604.613098 3.694495 -1.413504
205.690567 375.403381 4.940865 -3.237117
204.629089 618.841553 4.319185 -4.359763
213.087540 113.429337 4.059584 -4.434950
217.980347 473.634064 3.506723 -2.934770
237.829208 38.045753 4.011688 -1.701398
244.787476 512.835510 4.309032 1.200311
251.282486 333.557098 3.737060 -1.426647
255.642151 24.202993 3.723947 -0.998524
255.642151 24.202993 3.723947 -4.389935
257.135559 617.279297 4.095371 -1.367789
255.642151 24.202993 3.723947 -0.998524
255.642151 24.202993 3.723947 -4.389935
267.576965 343.911255 3.583658 -1.401585
276.877441 335.040222 4.387030 -1.460476
276.877441 335.040222 4.387030 -4.618060
277.999969 377.921906 3.869525 0.283779
277.999969 377.921906 3.869525 -1.117699
277.999969 377.921906 3.869525 -3.346760
278.369507 449.319580 4.616795 -1.621198
288.246765 474.011597 3.535386 -1.770049
299.360992 337.226654 4.007558 -1.595811
300.133575 559.411987 4.329691 -1.792941
311.486694 231.618820 3.876579 -3.210727
311.945129 447.987640 3.696299 -0.577809
311.945129 447.987640 3.696299 -3.097080
314.962891 555.701599 4.266932 -2.230745
325.791107 244.462280 3.641646 -0.048861
337.789337 299.152466 4.140564 -4.691990
339.353516 562.806396 4.112234 1.292562
343.629272 619.906006 4.125954 -1.734782
344.106110 573.753784 3.866322 1.152673
347.057159 326.948242 3.889105 1.524849
355.782471 232.922516 3.781261 -4.692826
360.663116 329.416779 3.588714 -4.569071
369.435974 361.379456 4.261915 -4.657992
376.472626 36.142433 4.381921 -3.274599
386.398743 447.086365 3.945935 -1.593201
386.869141 629.239136 3.757718 -1.580294
390.068176 507.356689 4.486586 -1.655928
390.980042 307.580536 3.850785 1.427551
390.980042 307.580536 3.850785 0.162299
391.782990 617.980225 4.365317 -1.600415
395.960724 438.155884 3.713371 -1.618228
403.277710 626.101990 4.469771 -1.809270
408.246765 417.051697 4.432651 0.023173
414.230988 311.377563 4.486710 -4.494251
413.715576 601.278809 4.607972 -1.951194
416.666260 288.935303 3.697687 -1.535210
12.401452 20.770464 5.287469 -1.347372
19.314856 383.482269 5.311319 -0.104804
21.868773 63.815716 5.362384 0.400819
24.995508 368.831207 5.551624 -0.143301
24.696068 437.461823 5.533039 -1.474562
39.566353 483.144623 5.034980 -1.460911
43.202709 216.139496 4.890433 -0.062699
42.896599 541.138062 5.631367 -1.579172
48.762856 438.557800 4.815189 -1.658924
50.774738 73.391487 4.664740 -2.625998
53.175056 36.911442 5.237694 -1.099503
81.547523 482.031281 5.084071 -1.629163
83.030136 191.099136 4.645804 -4.689548
88.498192 85.100258 4.683323 -4.651341
89.172371 453.408508 5.613990 -1.573272
104.550804 52.740894 5.213258 -1.137390
119.817711 254.379898 5.037288 -1.641746
117.790993 482.732330 4.465554 -1.246994
127.345650 202.720215 4.886831 -4.337165
137.888351 66.706863 4.701274 -1.159298
150.058243 484.858765 4.349060 -3.031717
160.216431 83.419914 5.800125 -0.316418
160.216431 83.419914 5.800125 -4.063194
160.536423 432.866913 5.318955 -0.004537
169.081772 322.202942 4.766945 -0.438657
184.493896 356.546234 4.539751 -3.290739
188.490417 617.764648 4.430692 -1.575000
188.490417 617.764648 4.430692 -4.373709
189.084686 117.880760 5.518579 -4.332227
205.444672 163.150345 4.766394 -3.395819
207.623825 500.592743 5.011771 -3.299767
249.569687 438.048248 5.258892 -1.399699
262.566742 473.352509 4.545448 1.543179
262.566742 473.352509 4.545448 -1.886207
294.187866 73.200500 4.932441 1.369070
294.187866 73.200500 4.932441 -3.691913
300.244690 450.928741 5.038664 -0.771798
302.738068 482.486359 5.737287 1.450416
309.528015 34.749870 4.772946 0.908471
309.528015 34.749870 4.772946 -1.380358
308.182190 408.075226 5.265371 -3.213259
319.325226 312.538757 4.648466 -3.154148
324.805908 102.565666 4.723685 -2.039679
325.778961 137.847656 4.923397 -4.572746
335.338684 606.458313 5.984458 -1.518182
339.528046 272.864838 4.994422 -1.164800
347.294525 464.095795 5.244025 -0.176611
348.816010 222.830536 5.647287 1.446650
371.628723 465.368958 4.622280 -2.147496
382.793579 263.180878 4.755630 -1.373763
381.261932 334.018951 5.515963 0.056253
392.760223 596.650757 5.567080 -1.568521
405.775177 389.826355 5.364744 -2.305353
414.770477 475.427795 4.845539 1.453400
11.482815 319.259766 6.000324 -0.920503
40.225758 309.321136 6.334606 1.570197
40.225758 309.321136 6.334606 -1.253264
40.666225 60.893513 6.174855 -4.507239
43.226475 324.895874 6.045247 -1.299869
43.851479 216.997940 5.413823 -0.077393
71.708450 396.408722 6.175037 -0.795247
101.950294 343.977905 6.041088 1.516758
104.984390 536.126404 6.663175 -1.710080
143.901962 8.507368 5.835214 -3.247897
142.485382 40.356956 6.395535 -3.327467
157.103821 173.751724 6.887987 -3.967264
174.869202 442.110107 6.847679 -0.131374
188.571884 524.617065 5.860632 -2.021977
237.600784 127.820122 7.184627 -4.596276
241.701004 179.877487 6.876056 -4.588053
278.598846 360.468658 6.423410 -4.505474
289.795288 192.982193 6.357596 -4.038135
304.019531 361.432922 6.048295 -3.492322
309.351776 438.821320 6.210655 -3.162372
308.351471 497.993866 6.937250 1.515260
312.158112 92.026276 5.777021 0.048052
312.158112 92.026276 5.777021 -3.542256
329.510010 175.689026 5.555606 -2.006626
348.159119 388.856812 7.085771 -0.034029
347.486542 404.006409 5.932064 -0.127776
349.715546 495.947906 7.171987 1.283970
363.542145 306.219727 5.905688 -3.689441
369.444092 514.277893 7.155656 -1.525274
381.286499 332.125214 5.881239 0.082724
380.674652 349.013519 7.052350 1.515656
19.587515 140.705536 7.822060 -0.733636
19.587515 140.705536 7.822060 -4.144666
26.775541 346.208984 7.430934 0.971160
26.775541 346.208984 7.430934 -0.455376
34.647938 236.283386 9.123962 -1.194142
38.332153 127.261276 7.637462 -4.633742
132.481323 512.452759 8.414907 -4.702860
132.955536 579.331970 8.036138 -2.847962
138.581726 152.941879 7.414675 -4.210403
141.073853 37.413319 7.450146 -3.415186
154.555969 526.515686 8.164731 -0.098735
154.555969 526.515686 8.164731 -3.015735
155.327042 590.961487 7.515477 -0.531494
155.327042 590.961487 7.515477 -2.793265
164.585999 488.640472 7.499786 0.103907
171.855301 612.953552 8.133029 1.058921
205.333099 41.058640 7.822809 -3.554917
235.397797 127.980476 7.611580 -4.663912
250.318497 360.617523 8.541309 0.005600
265.942749 242.187943 7.376416 -0.100478
265.942749 242.187943 7.376416 -1.577519
302.535248 36.889099 8.278980 -3.230228
330.431763 512.068848 8.834449 -0.154051
330.431763 512.068848 8.834449 -3.078370
349.177338 389.045105 7.598926 -0.028779
351.440979 496.590546 7.997855 1.259227
360.736115 604.774963 7.261589 -1.255852
370.858765 516.115723 7.407712 -1.505578
379.923553 296.926910 8.560263 -1.399393
382.101837 416.826355 8.719164 -1.991102
396.381927 370.663544 7.848710 1.536725
20.729959 523.971008 10.553473 1.474478
48.726555 404.526733 9.463917 -0.702633
265.697845 161.899811 9.872448 -4.462995
321.053619 253.820450 9.133541 -3.108493
325.908295 352.712891 10.749485 -3.385867
330.403717 513.734070 9.032276 -0.186764
332.866058 559.265198 9.259711 -0.491741
332.866058 559.265198 9.259711 -2.785553
366.036865 22.696125 10.700692 1.115298
185.366013 499.481323 11.676618 0.106816
185.366013 499.481323 11.676618 -3.279934
214.214996 195.022827 14.185541 0.208192
260.373138 60.643127 12.987053 -1.431038
287.853790 105.422501 11.755152 -2.721432
391.953247 411.432709 12.584020 -1.821881
394.776489 466.123230 13.763558 1.477410
271.886322 301.683105 14.273037 -1.383169
347.147308 71.942406 16.612165 -2.421902
348.003326 465.774689 16.773827 1.293340
348.003326 465.774689 16.773827 -1.480294
231.345734 474.422546 21.829180 1.141367
231.345734 474.422546 21.829180 -3.247522
328.789124 195.360428 20.855757 -3.982314
370.944275 255.190216 21.170958 -1.405136
370.944275 255.190216 21.170958 -4.474114
268.473633 236.888229 26.976357 -3.983352
272.342163 369.674347 23.692881 -0.023856
85.679840 376.557404 31.670076 0.000866
85.679840 376.557404 31.670076 -1.579175
343.280975 319.378510 29.849636 -1.504822
87.250771 202.546753 41.121437 -4.380187
199.400070 120.577599 41.805737 -4.275257
195.042740 304.175262 37.536705 -1.957430
