22 591
24 579
31 10
40 69
50 319
63 33
77 311
78 9
79 10
80 14
82 174
83 12
85 90
86 21
87 320
88 321
92 181
96 25
98 27
99 28
101 31
102 29
103 32
104 26
105 34
109 494
110 41
111 39
112 40
113 42
114 44
121 53
123 55
124 60
125 61
127 66
129 62
130 63
133 70
134 68
138 72
140 69
141 87
145 78
146 79
147 80
148 740
149 81
150 82
151 86
152 347
153 352
156 255
157 94
158 95
159 96
161 105
162 98
163 219
164 107
165 103
168 109
173 110
174 357
175 113
180 112
181 115
182 120
186 378
188 373
189 376
190 377
191 128
192 451
195 126
198 208
200 135
206 380
208 144
209 140
212 149
215 144
217 145
220 384
225 120
226 120
228 160
229 639
239 172
240 171
242 175
244 176
245 402
250 182
251 183
252 184
255 185
263 196
265 200
267 201
268 232
269 197
271 204
272 205
275 211
279 216
280 217
284 221
286 218
287 228
288 226
290 231
292 239
293 240
298 242
306 521
310 128
333 236
338 517
342 308
345 314
346 315
347 318
349 504
351 319
352 323
353 322
355 324
356 101
357 102
360 335
362 334
364 26
365 330
367 65
370 332
372 337
374 339
380 341
382 692
383 346
387 104
388 348
389 349
390 350
391 351
392 509
394 353
398 517
400 361
401 516
402 363
404 369
407 368
408 518
409 566
410 372
411 374
412 375
414 526
415 527
418 144
419 142
420 382
421 150
425 387
426 386
428 391
431 394
432 396
434 404
435 178
436 397
437 541
439 177
440 398
441 401
442 550
443 410
444 408
445 409
446 189
447 406
448 407
451 415
452 416
453 417
454 203
455 212
456 213
457 422
458 425
461 219
463 423
464 424
465 230
468 427
469 428
470 434
471 431
472 432
473 430
474 433
476 241
483 437
487 702
505 427
518 489
519 490
522 488
524 491
525 493
527 599
529 496
532 505
534 506
535 507
536 508
538 514
539 513
542 512
544 521
545 520
548 118
552 524
555 522
556 530
558 528
559 531
560 532
561 381
563 534
565 537
568 447
572 540
573 400
574 544
575 545
577 399
578 548
582 553
583 554
585 551
586 448
588 219
590 517
591 556
592 447
594 557
595 558
596 435
599 561
600 562
613 486
616 372
624 447
631 627
638 594
639 693
640 90
641 595
642 601
643 597
647 602
648 603
655 609
656 610
657 611
659 492
661 617
662 616
663 703
664 623
665 621
666 627
667 622
668 625
669 626
670 631
671 632
675 634
677 537
678 535
679 638
680 635
681 639
683 642
684 546
685 548
688 649
689 650
690 651
691 652
693 655
694 435
697 555
698 658
699 659
700 660
701 726
702 563
705 3
720 686
722 687
724 689
725 692
726 691
729 674
730 695
731 699
732 700
733 701
734 618
735 619
736 704
737 707
739 825
740 708
741 709
742 710
743 711
744 57
746 640
748 715
750 717
751 654
752 448
753 718
754 719
755 723
756 720
757 727
768 618
774 780
775 779
779 772
780 741
782 739
783 740
784 744
786 745
787 746
788 702
789 747
790 748
792 777
793 705
794 706
795 749
798 783
799 750
801 751
803 753
807 754
808 755
809 756
810 759
811 760
812 721
817 770
818 774
820 777
827 774
828 773
829 801
831 746
833 775
834 776
835 781
836 782
837 783
838 784
839 785
840 786
841 787
842 788
843 789
851 802
852 790
857 813
859 811
860 816
866 821
869 825
870 826
871 828
874 832
