10 79
11 339
26 12
28 509
50 129
88 5
93 8
94 9
95 10
96 303
99 11
103 12
105 17
108 19
109 31
110 27
111 34
113 37
119 40
120 44
124 51
126 46
127 50
129 62
134 337
135 72
136 73
138 67
140 68
141 64
142 74
144 71
147 77
148 342
149 338
150 339
151 334
153 80
155 341
156 86
168 234
171 356
172 357
175 351
176 114
178 358
180 112
181 125
182 122
183 119
184 120
185 123
187 213
189 128
193 129
196 134
197 132
199 213
201 138
202 145
203 139
204 141
205 142
211 147
212 148
213 149
221 134
228 160
231 156
233 157
234 158
237 153
239 166
240 167
246 174
247 175
249 177
250 178
251 179
253 183
261 405
264 192
269 222
272 197
275 420
276 204
277 423
284 428
286 217
288 212
292 227
295 429
297 252
329 131
331 79
336 193
346 302
347 301
348 304
349 305
350 306
351 307
353 309
354 313
357 316
358 315
360 38
362 322
363 35
366 324
367 326
368 328
369 329
370 330
373 502
374 503
376 331
377 332
378 496
379 333
380 57
381 336
382 334
384 341
385 340
387 511
388 98
391 349
392 80
394 351
396 352
397 353
398 354
399 656
400 355
401 363
404 371
406 362
407 121
408 365
409 364
410 368
412 370
414 483
415 372
416 373
422 375
423 374
424 379
426 419
427 380
428 381
430 389
431 386
432 387
433 388
434 393
441 400
444 542
445 543
446 176
448 171
449 406
452 407
453 408
454 409
455 404
456 410
457 187
458 188
462 413
463 414
464 415
468 137
469 425
471 210
472 422
473 424
477 222
478 228
479 229
480 236
504 6
509 483
510 598
512 487
516 319
517 489
520 490
521 327
523 491
524 496
525 492
526 609
527 498
528 499
530 504
531 500
532 501
534 506
538 622
540 513
541 624
544 627
545 517
548 519
551 521
553 524
554 525
555 523
557 390
558 529
560 532
562 398
563 535
564 533
565 534
566 323
567 539
568 536
571 544
573 547
577 418
578 557
579 419
580 561
581 215
582 563
585 564
586 566
588 568
609 482
612 684
616 597
617 599
618 686
619 687
621 602
622 601
624 604
625 603
626 606
627 489
631 612
632 613
634 618
638 623
639 621
642 627
644 524
647 524
649 628
650 629
651 630
652 631
654 701
655 633
656 635
657 634
658 641
659 530
660 531
661 639
662 644
663 647
665 646
666 715
667 651
669 548
670 652
674 656
677 655
678 560
680 660
682 659
690 320
691 656
694 125
695 44
697 684
698 110
700 734
703 688
705 738
706 739
708 689
709 693
710 690
711 691
715 697
717 698
718 705
719 706
720 704
721 637
722 708
723 709
724 707
725 642
726 645
728 710
729 648
730 716
732 722
733 724
734 723
735 725
736 727
739 448
748 736
749 737
751 740
752 786
753 742
754 743
755 744
756 746
757 748
758 747
759 749
760 750
762 753
763 754
764 752
765 720
766 756
767 723
768 758
773 469
775 776
777 777
782 778
783 781
784 782
785 785
786 786
787 787
788 789
790 792
791 795
792 796
793 753
794 752
796 800
797 802
798 803
802 788
803 794
804 818
805 795
806 797
811 838
813 830
815 832
816 829
817 840
821 839
822 852
823 845
825 850
826 851
829 853
