2.343488 511.813721 1.992527 1.507361
5.174472 387.750824 1.876369 -2.087878
5.176752 425.447449 2.112199 1.475411
5.971339 441.269806 1.955130 -1.681413
8.348164 514.080383 1.963119 1.451146
15.496113 165.304840 1.824778 -4.499762
16.425968 234.947861 2.162026 -1.721305
16.551086 387.567627 2.040840 -0.354556
16.551086 387.567627 2.040840 -3.025673
16.551086 387.567627 2.040840 -4.471252
21.487232 473.784485 2.141880 -0.072453
21.611336 490.916809 1.991625 -1.672065
24.301100 28.837795 1.942302 -4.079062
25.355078 226.177444 2.032056 -1.603374
25.717859 545.838867 1.883470 -4.527194
28.437740 192.738434 2.107429 -3.675943
27.843491 315.058258 1.952099 -1.006513
32.180977 454.353699 1.934127 -4.294575
34.243580 476.082825 1.841648 -0.632024
33.612465 636.487488 2.119173 -2.582293
34.821892 282.325165 1.858878 1.226353
34.821892 282.325165 1.858878 -1.429060
34.498856 440.538879 1.884769 -1.419985
36.380844 40.286610 1.776045 -3.904833
35.855740 363.514221 2.297808 0.097817
35.855740 363.514221 2.297808 -3.113550
40.439987 357.189667 2.148724 0.063578
40.029499 368.909790 1.861725 0.217154
40.002087 473.019775 1.936017 -0.874350
41.563263 270.836609 2.003120 -1.647159
43.803226 252.769974 2.148801 -1.482140
45.015495 281.746979 1.782485 -1.512066
47.982086 276.338074 1.821332 0.068569
47.982086 276.338074 1.821332 -1.495709
48.053097 392.836609 2.081138 -3.161376
49.156013 364.393646 2.025752 -3.136339
49.402119 240.992920 2.202432 -1.681255
49.725163 350.752014 2.073615 -3.114943
52.485676 20.744648 1.983969 -4.328644
53.466442 345.181671 1.985944 -3.082949
52.933052 358.840393 2.159118 -3.087393
54.496841 234.434418 2.423234 -3.012027
56.209301 506.460754 1.922492 -3.162107
55.692532 515.516785 2.036306 -3.119538
57.991756 171.944077 1.774093 -4.203122
59.066479 600.863525 2.172465 -4.520134
60.215714 41.991951 1.850707 -2.794063
64.775101 18.670584 2.097854 -3.194870
65.102028 616.600586 1.984719 0.951840
68.124016 505.903534 2.000544 0.138477
68.890144 175.790955 2.071100 -3.399998
69.235519 474.863159 1.899607 -0.017800
69.075584 481.343903 1.966955 -0.160834
71.257050 403.430359 1.967778 0.007222
73.564194 631.692200 1.915288 -1.807833
75.596954 603.023438 2.048519 1.312042
75.596954 603.023438 2.048519 -1.083099
82.071503 287.429413 1.982510 0.116232
82.071503 287.429413 1.982510 -3.429892
82.321533 289.447845 2.037076 0.094670
82.321533 289.447845 2.037076 -3.457527
84.918243 60.683830 1.785394 0.062606
87.628502 560.239746 1.932917 -3.571983
89.617851 450.880280 2.379704 -3.149675
90.339653 297.474060 1.814257 -1.825098
90.339653 297.474060 1.814257 -3.213746
89.693970 419.244446 1.807187 -3.145484
90.001175 427.603607 2.054858 -3.201386
91.997643 320.850739 2.009887 -3.304961
93.302116 555.241150 2.066920 -2.410957
95.025558 439.619080 1.952130 -3.091257
96.050499 224.377350 1.923130 -3.136572
95.742134 236.662384 1.802371 -3.096872
95.603485 245.329315 1.952866 -3.264779
98.509789 115.053436 1.912243 -4.202014
99.821075 265.095917 2.049774 -1.512492
100.603127 248.684006 1.974965 -3.453905
101.939728 223.494690 2.197060 -3.079102
104.802139 83.015053 1.890213 -1.165709
106.466507 313.565521 1.949625 -4.477296
108.018669 134.509247 2.071878 -4.110777
109.316841 269.943237 1.868312 -2.977468
111.755661 70.268631 2.107796 -1.572590
111.755661 70.268631 2.107796 -4.262268
114.062965 64.341331 2.075838 -3.157589
114.570412 531.604004 2.021604 1.458443
114.863319 5.655093 1.883263 -4.460645
115.270546 29.699833 2.031950 -3.413254
116.501831 330.244934 1.822352 -1.500506
117.803322 394.403839 1.808765 -3.427073
120.240479 110.741722 1.923249 -0.007566
126.658249 341.834290 1.704875 -4.538990
127.331436 131.770721 2.209728 0.532303
127.331436 131.770721 2.209728 -0.982052
126.693680 262.893433 1.920773 -1.270819
126.492134 290.716614 1.923027 -3.232663
127.502464 352.997498 2.178688 -1.985824
128.163666 303.974762 1.973305 -2.050702
129.125320 86.674782 1.868299 -2.412344
131.847702 309.158539 2.183621 -2.021640
131.769440 415.155273 1.890571 -1.599488
131.769440 415.155273 1.890571 -4.075352
134.084518 359.050934 2.092751 0.553374
137.360474 455.971466 1.862953 -2.768656
140.180817 62.347759 2.239229 -2.220017
140.180817 62.347759 2.239229 -3.487523
143.593643 636.474487 2.342863 1.567775
144.581848 38.916725 2.216749 -0.177191
144.003204 383.764496 2.094872 -0.066189
144.027771 408.022339 1.805398 0.003198
145.502136 543.218872 1.791017 0.448994
145.502136 543.218872 1.791017 -1.035438
145.731400 46.297932 1.970214 -1.312610
149.024826 361.164307 2.216915 0.066076
152.766327 8.215959 1.922428 0.435138
152.802414 135.039703 1.968516 -2.036926
153.382294 306.546570 1.704789 -0.022038
153.382294 306.546570 1.704789 -2.007075
155.359528 412.983093 2.164839 -0.752684
155.359528 412.983093 2.164839 -1.962142
154.811127 495.823822 2.272152 1.380285
156.103271 400.994812 1.928739 -0.202309
156.577209 473.384430 2.146091 -0.739971
156.577209 473.384430 2.146091 -2.013086
163.429749 107.623833 2.025069 -0.982309
164.899399 219.526184 1.998480 -2.158024
166.467224 161.000183 1.872653 -4.375830
165.737991 348.958069 2.043645 -4.478566
168.577026 439.766205 1.929647 -1.649374
170.405243 371.931152 1.834728 -3.660408
170.920425 216.641068 2.067014 -1.842434
170.784851 507.907501 1.859117 -1.209152
173.190384 389.137787 1.899663 -1.152927
173.999542 351.849152 1.910541 -4.513394
175.482819 628.527283 2.034327 -1.326724
178.443832 75.209938 1.841942 -3.258504
179.021973 220.347824 2.214629 -1.736755
182.665161 350.958252 2.000738 1.521467
182.640732 384.812988 2.176131 -1.224062
183.790253 309.091309 1.827002 1.476802
183.763306 370.493713 2.015339 0.824087
183.763306 370.493713 2.015339 -1.261315
187.635315 433.327240 2.256529 0.261848
190.238174 95.660019 1.941470 1.298506
190.391266 558.621338 2.164830 -1.644353
192.360794 170.405258 1.934716 -4.480415
191.753113 286.999603 2.123791 -1.296164
196.714783 267.947479 2.221903 -1.506397
196.714783 267.947479 2.221903 -4.495716
198.353973 633.618652 2.200109 -1.823207
200.165100 252.066437 1.817384 -0.052059
203.796265 174.868790 2.114163 -4.305195
204.161530 592.083496 1.861443 -1.742906
205.653824 154.194839 1.839107 -4.080013
208.498917 218.178116 2.375746 -4.248467
208.815460 353.531342 1.786118 -4.675415
208.549393 386.344971 2.061857 -1.585781
208.549393 386.344971 2.061857 -4.525170
210.928787 517.907227 1.770587 1.442450
213.541321 133.835037 2.064465 -3.296006
216.060654 44.851578 1.819416 -3.161370
216.930740 582.136169 2.208718 -3.652075
221.418625 616.043030 1.843269 -1.293164
222.792847 43.813828 2.061925 -2.400791
222.792847 43.813828 2.061925 -4.040743
223.689850 122.092339 1.986455 -1.906761
223.689850 122.092339 1.986455 -2.927194
224.791626 591.224854 1.882560 -1.929767
228.264923 51.913662 1.857794 0.119689
228.478882 118.368942 1.700290 -3.165534
232.975220 171.286880 1.881739 -3.449904
234.091003 367.022461 1.844703 -3.421437
235.253326 183.571442 1.902911 -3.453021
242.034241 299.065186 1.917949 1.471453
242.034241 299.065186 1.917949 0.185276
243.836685 569.000732 2.134285 1.320116
249.201416 338.690186 2.250819 -1.367974
249.399658 369.005249 2.264097 -0.032097
249.384171 376.074158 2.317184 -0.048785
250.468628 506.997040 1.823970 -1.338381
252.327698 456.403870 2.234701 0.847656
253.113663 604.032349 2.112580 -1.479196
259.757721 82.153488 1.928388 -4.648210
261.085297 423.757141 1.800906 -3.439691
263.655029 610.839233 2.057788 -1.722902
267.161438 631.379639 2.119675 -1.369107
269.225708 408.299011 2.242757 -1.591305
269.225708 408.299011 2.242757 -4.641041
270.921234 154.742355 1.893198 -4.207971
275.123138 115.136391 1.918422 -0.294569
276.125000 428.605011 1.945159 -1.953988
277.509216 168.297531 1.761075 -2.140963
278.265991 247.221954 1.832195 -1.909447
279.287323 133.959717 1.785082 -4.424889
278.637939 454.689026 2.029638 -2.438135
278.637939 454.689026 2.029638 -4.531612
278.895172 474.088593 1.890063 -1.803269
280.812195 74.279053 1.664566 -4.342632
281.610077 434.768524 1.647478 0.323169
281.610077 434.768524 1.647478 -4.236653
282.871674 48.072903 2.023410 1.158145
284.299622 130.659286 2.131287 -4.215233
285.252106 454.353271 1.849524 -1.997315
285.252106 454.353271 1.849524 -4.084890
285.800751 107.157539 1.914564 -4.622787
287.032104 72.438728 1.820464 -4.321694
288.180267 635.098877 2.009351 -1.507286
292.517334 97.494095 2.089012 1.455278
294.822906 129.902451 2.119624 -4.305625
296.218048 309.830536 2.150492 0.119121
298.006195 114.132408 1.851400 -1.944350
298.190186 588.572754 1.907134 -4.328433
299.040680 253.373581 1.932039 -1.329363
300.904816 503.914734 2.076513 -1.630822
301.863007 87.399605 1.845343 -2.377282
301.863007 87.399605 1.845343 -3.961120
302.220062 471.828735 1.889708 -1.338534
303.327759 108.867111 2.015684 -2.762874
306.007507 583.253540 2.130741 -4.288232
306.934448 90.076118 1.882036 -4.149101
306.202789 627.374695 1.752813 -1.502074
310.029907 293.837036 1.940201 -1.423221
310.168854 591.281067 1.882713 -4.422068
310.571228 143.233719 1.933522 -4.646322
310.782135 217.581711 1.742058 -2.070211
312.441406 150.389389 2.254675 -2.306071
313.254150 427.851624 2.157457 1.166733
314.154388 267.984436 2.085007 -3.163370
313.580566 381.910553 2.168778 -2.682109
313.772034 562.507080 2.010422 -1.658132
314.641296 335.759399 1.883499 -0.454454
318.235779 590.438477 1.900550 -2.218738
318.235779 590.438477 1.900550 -4.647194
320.426331 125.576591 1.886850 -4.663016
320.922821 133.010437 2.093202 -4.469669
323.109283 61.992046 1.857873 -2.159348
323.049774 506.281921 1.896986 -2.000665
323.281891 349.798431 2.170381 -1.703541
327.183807 399.317078 2.116508 -3.446547
328.295135 142.893356 1.843480 -2.651135
333.420685 71.483574 1.927182 0.319990
333.622528 81.839767 2.058408 -3.448584
333.787659 128.285828 2.240732 -3.594550
333.787659 128.285828 2.240732 -4.484219
334.585510 146.205963 2.011688 -2.537109
339.236908 621.157532 1.880348 -1.965753
341.323730 137.531067 2.108320 -4.488840
342.172363 50.015583 2.091384 -2.189373
342.921570 82.174118 1.937282 -3.999164
345.744720 32.433155 1.899449 -3.456584
346.246765 608.685181 1.902091 -1.455247
347.371277 52.856979 1.984736 -2.306942
347.469299 144.847000 1.885507 1.212102
347.469299 144.847000 1.885507 -2.254326
351.624481 49.703091 2.157071 -2.322227
350.813263 67.177513 2.002737 -3.234497
351.436005 234.207611 2.134407 1.168179
352.230194 141.042557 1.898509 -2.894732
352.230194 141.042557 1.898509 -3.863983
362.192505 5.923799 1.917171 -0.942832
362.192505 5.923799 1.917171 -1.829479
362.611908 90.029770 1.895958 -4.126053
365.119690 370.947693 2.048079 1.491520
371.231567 76.708229 2.296356 -2.837325
372.785431 118.572548 1.942526 -2.999857
373.363464 431.878021 1.884526 -3.247861
374.842590 159.870667 2.188555 1.380882
375.805237 400.249664 1.883747 -3.126727
378.371979 435.511353 1.957890 1.125053
378.371979 435.511353 1.957890 -3.068150
381.257751 170.029282 2.259087 1.557706
382.091919 580.007141 2.028545 -1.338146
383.083984 40.885502 2.024735 1.451076
387.332886 348.588165 1.621043 1.398615
386.330078 604.393188 2.200546 -1.496062
389.784515 502.866547 1.793847 -1.411947
390.172638 593.184509 1.927534 -1.304675
394.044891 40.749947 2.129981 -4.584037
393.925262 542.030457 1.876838 1.378846
394.678436 68.113144 2.354986 -2.764928
394.678436 68.113144 2.354986 -3.151660
397.127930 15.291039 2.119062 0.105037
397.668823 434.717041 2.008065 -4.525779
400.470184 542.016296 1.904333 1.441472
402.117859 565.171204 2.209907 -1.553546
403.453552 33.870197 2.388269 -4.548411
407.374573 427.143829 2.003067 -0.340812
407.374573 427.143829 2.003067 -1.361399
408.007996 456.026062 1.841508 -4.616082
409.921692 461.345337 1.930616 -4.636153
411.806458 375.867188 1.949320 -4.131949
412.055573 502.161774 2.229995 -1.509792
413.519257 58.004280 2.036230 -3.815951
414.637543 269.730621 2.016045 -1.389579
414.637543 269.730621 2.016045 -4.251317
416.504364 282.001678 1.887198 -4.247246
420.706512 35.701565 2.525186 -4.696749
421.965393 278.615082 2.328060 -0.644541
422.552338 586.812622 1.843773 -1.626226
10.288777 273.658875 2.748516 -1.169425
15.465005 380.119873 2.584324 -1.667886
16.066179 316.508148 2.661116 -1.489784
20.112436 420.808441 2.328041 -2.888670
23.010275 359.127167 2.517055 0.942800
23.010275 359.127167 2.517055 -2.312373
22.429747 371.203949 2.545709 0.819884
22.429747 371.203949 2.545709 -1.967485
29.181505 435.257080 2.627155 1.029260
29.181505 435.257080 2.627155 -3.580367
30.887674 32.261158 2.295519 -3.991766
32.415169 404.363281 2.307391 -3.214647
33.877831 535.148376 2.341454 -1.727579
37.391968 318.677887 2.602107 -1.491898
38.540340 287.918182 2.292443 -1.276463
39.273109 396.923859 2.609359 -0.065262
39.937737 381.105316 2.394901 0.153983
39.857952 581.733948 2.366687 -3.055045
40.383011 629.668213 2.666287 -2.604177
46.999008 432.168549 2.650032 -4.079629
48.816372 184.812927 2.417269 -3.235651
47.614399 195.459137 2.525002 -3.868429
47.976494 379.543884 2.566452 -3.076147
51.340214 591.102295 2.477254 -2.383267
52.297131 386.138489 2.353298 -3.054123
54.123177 630.122559 3.285694 -2.724688
61.869389 323.168793 2.380491 -2.714800
63.927120 52.581429 2.557751 -3.394039
69.407928 143.563232 2.508489 -3.375608
72.723160 66.546432 2.573021 -1.711855
72.723160 66.546432 2.573021 -2.795539
81.328476 180.553436 2.894378 0.200454
81.328476 180.553436 2.894378 -4.411024
86.130730 340.020935 2.523738 -4.260881
90.351341 534.829834 2.418448 -4.035024
90.808037 409.889282 2.370614 -3.188427
93.488426 315.547272 3.200975 -3.601737
96.877480 205.960205 2.251620 -3.137370
102.820099 270.859558 2.467396 -1.400012
102.768585 305.990570 2.432127 -4.235761
104.953102 422.233063 2.698342 -3.178090
105.149139 432.396912 2.320111 -3.131064
107.726349 133.416275 2.515351 -4.138030
112.249046 353.456177 2.623936 -3.240318
114.202003 263.812500 2.419299 -3.005403
123.738144 330.029083 2.617908 -1.506537
128.270493 236.241425 2.194427 -2.797990
134.081482 27.042877 2.308350 -0.793938
134.081482 27.042877 2.308350 -3.619287
135.157578 331.189331 2.538870 -1.362441
148.931061 293.143555 2.382370 -1.309544
148.810120 324.613800 2.233913 0.271673
150.231842 266.528503 2.674035 -0.070482
149.963837 348.261169 2.772405 -4.707299
150.364685 407.820923 2.747973 0.007707
150.604233 502.714966 2.172224 1.180652
151.453659 201.536499 2.823508 0.201436
151.453659 201.536499 2.823508 -4.600671
150.817123 334.174469 2.345045 -1.275790
151.959625 76.228462 2.492360 -3.694314
152.311340 156.572327 2.512873 1.506342
152.311340 156.572327 2.512873 0.496647
155.531693 489.119354 2.580799 1.442925
155.855850 356.528656 2.303088 0.474220
157.161957 445.568451 2.602881 -1.533796
159.431000 390.201813 2.390060 -3.158605
161.634827 142.816483 2.294759 1.519617
161.634827 142.816483 2.294759 -2.180065
165.238907 282.056030 2.461773 -1.289788
166.058548 304.048279 2.847915 1.181330
167.048523 480.797058 2.389350 -1.750865
167.937592 77.013847 2.604808 1.408145
183.293350 363.326691 2.699819 1.064599
183.293350 363.326691 2.699819 -1.166213
195.086227 426.549500 2.657526 -1.228953
196.395401 274.762238 2.439844 -1.414996
196.281754 537.969543 2.571831 -1.030688
197.971069 413.826752 2.430265 1.235513
197.971069 413.826752 2.430265 -1.354643
199.043274 392.274506 2.745676 -1.623327
200.530579 420.283447 2.535766 1.382844
200.530579 420.283447 2.535766 -1.386202
200.778976 101.843018 2.578320 1.227200
208.689819 399.494537 2.328357 -1.477799
208.689819 399.494537 2.328357 -4.628327
208.558685 492.512299 2.828328 1.467777
209.246170 365.245972 2.542403 0.925693
209.246170 365.245972 2.542403 -1.449494
209.432053 379.053833 2.381581 0.759370
208.485168 392.802155 2.521325 -1.573307
208.669907 415.004150 3.071481 -1.390382
209.455338 639.282898 2.864216 -1.604442
217.199432 39.663143 2.589822 -3.023531
216.904190 205.297699 2.504234 -1.700799
218.747787 149.896103 2.290197 -3.232224
226.059113 140.084106 2.462163 -4.373391
227.098724 152.862930 2.575802 -3.850713
229.985962 190.542633 2.310762 -3.098954
234.216049 209.968155 2.856683 -4.461175
244.092926 72.258766 2.511601 1.004432
244.028198 229.836105 2.764158 -4.261401
252.561813 488.946411 2.598185 1.298681
253.633102 471.745331 2.473261 -1.813984
255.880539 177.463913 2.285981 -2.375574
258.899109 605.865173 2.423612 -1.436743
261.003815 340.989471 2.281993 -1.380939
266.742126 236.049362 2.440705 -4.642171
266.853271 369.559296 2.626878 -0.142883
267.175751 377.687775 2.669791 1.447970
267.175751 377.687775 2.669791 0.154423
267.947632 399.959137 2.597352 -1.512631
269.377167 624.525574 2.888480 -1.372248
268.608978 603.554749 2.666100 -1.351546
274.454865 342.766510 2.445970 -1.544663
274.247559 421.802582 2.504230 -2.047225
274.247559 421.802582 2.504230 -3.275135
278.564545 505.425964 2.380020 -1.543824
285.724792 566.709961 2.427636 -1.590803
286.380127 390.396820 2.921484 -1.761417
290.654816 382.522247 2.817427 -0.010456
292.354706 161.160828 2.699993 -2.184835
294.869781 10.487616 2.740368 -3.297144
295.237579 430.663788 2.292293 -4.706387
295.630310 223.639099 2.272684 -4.296480
298.111694 345.821594 2.495073 -1.204827
300.953094 514.674500 3.108274 -1.547796
301.340424 99.387383 2.629800 -3.589540
301.340424 99.387383 2.629800 -4.456743
305.342285 213.961044 2.515948 -2.012011
314.995300 435.395569 2.767078 -0.288088
322.381317 568.295532 2.658468 -1.664757
328.112610 26.752384 2.480971 1.031107
330.197662 500.776398 2.243312 -1.948438
336.035492 243.755890 2.530596 -1.465528
336.035492 243.755890 2.530596 -4.272171
340.373962 28.194847 2.789221 -3.725125
340.618896 70.269699 2.560148 1.479940
340.618896 70.269699 2.560148 -2.420588
340.978851 120.567558 2.655616 -1.585104
340.978851 120.567558 2.655616 -4.525786
341.480316 107.210922 2.642901 -3.919729
349.539825 247.929947 2.555507 -0.822324
349.539825 247.929947 2.555507 -4.617669
361.045410 109.372116 2.430589 0.773561
363.608002 528.393372 2.867902 -0.258841
363.608002 528.393372 2.867902 -1.506690
365.073578 48.298283 2.269672 -2.236921
366.792236 114.785675 2.305267 -0.238134
368.475922 254.144394 2.665020 -4.474825
369.161774 267.909515 2.409331 -4.576723
369.151886 331.861755 2.342131 -1.171947
370.207458 405.646301 2.541846 -3.213919
371.159332 516.841553 2.440241 -0.162767
376.060791 373.088196 2.400151 1.532043
376.572357 83.747314 2.528769 -3.319080
376.572357 83.747314 2.528769 -4.424164
380.453125 456.238525 2.488230 -1.463934
382.313782 119.138649 2.481093 -2.328472
382.212616 478.778961 2.703132 1.385472
385.885620 142.310776 2.533751 -1.963740
386.751068 374.680298 2.692320 -4.603395
396.114319 53.241760 2.396397 1.505064
396.425812 630.372314 2.328331 -1.592988
397.674469 87.476227 2.770561 -4.126575
399.225189 547.507751 2.405299 1.380070
399.225189 547.507751 2.405299 -1.791182
400.905762 376.041504 2.570905 -1.259828
400.905762 376.041504 2.570905 -4.567279
403.314240 266.083374 2.294255 -4.086739
405.547913 300.685425 2.829579 -2.978524
408.394867 64.345093 2.380690 -3.766274
409.138977 181.631958 2.622046 -2.200353
408.675201 342.539673 2.799266 -3.399082
411.469818 565.468262 2.267128 -1.597081
413.290283 412.431458 2.410609 -0.480049
416.501221 596.078003 2.519995 -1.669424
419.050110 21.396784 2.476578 -4.647783
420.971466 51.244125 2.526223 0.343901
420.602539 101.130699 2.372257 -1.507053
6.495590 475.663239 3.656099 -0.373124
8.893652 176.395813 3.253360 1.359292
9.153884 448.805054 3.324744 -1.596835
11.893509 508.080231 3.079836 1.484167
15.964344 528.632690 3.045916 -1.662286
17.559818 87.893936 3.277696 -4.337817
28.076790 508.258820 3.345008 1.456613
30.742392 535.058167 3.389166 -1.739517
36.379444 449.511932 3.094673 -1.554447
38.827232 96.108124 3.044599 -4.056948
56.144344 173.095200 3.257499 -4.230727
61.303596 116.544876 3.004872 -4.313524
63.804882 255.982224 2.987698 -2.864331
66.388680 397.050842 3.284199 -0.073956
67.080750 368.300568 3.321087 0.040774
66.580887 384.032562 3.308130 -0.009357
67.901802 73.244987 3.445920 -4.105325
71.624176 84.557762 3.122430 -3.444497
74.494797 360.027618 3.432039 -0.001175
73.778595 375.986786 3.301042 0.034137
78.745163 258.434021 3.515437 -0.242006
80.057060 332.130371 3.062964 -1.570885
80.057060 332.130371 3.062964 -4.536347
82.716446 149.436996 2.981441 0.260815
82.724533 161.774384 3.314917 -0.314940
86.368240 94.139397 3.275977 0.013449
86.679260 562.656921 2.899834 -3.121954
111.405518 301.261108 2.850240 0.299076
121.188721 121.391861 3.373436 0.505772
126.333122 54.634991 2.957950 -2.370362
126.333122 54.634991 2.957950 -4.441950
126.798332 192.869843 2.868423 -4.375522
135.587158 140.572266 2.966335 -1.048687
141.886276 536.003479 3.354507 -0.006308
143.267960 355.293427 2.959895 0.012354
152.622437 597.282532 3.197786 -1.497309
153.518723 624.475891 3.094312 1.106894
153.518723 624.475891 3.094312 -1.028028
162.445419 362.100098 3.400435 0.301219
166.580795 496.511444 3.541436 1.415827
170.702728 414.752502 3.505335 -1.633111
171.646286 335.739258 3.041008 -1.509457
184.720596 413.348663 3.274297 -1.324308
185.336746 527.050171 3.413148 -1.433323
193.500595 602.108948 3.257981 -1.924541
201.925980 40.169876 3.039190 -1.259575
201.925980 40.169876 3.039190 -3.846818
204.456314 540.042419 3.588357 -1.790740
206.828339 169.075912 3.098868 -4.213010
207.992584 427.093903 3.406926 0.275233
215.873459 286.390015 3.132735 -1.608519
218.392929 448.143738 3.433496 -0.469968
218.392929 448.143738 3.433496 -3.082575
219.143677 458.657379 3.079525 -0.285824
232.012253 343.735199 3.044460 -1.524179
232.012253 343.735199 3.044460 -2.723737
234.229263 227.816650 3.503564 -4.345802
237.229401 578.513428 3.173359 1.320352
237.229401 578.513428 3.173359 0.119081
242.148285 604.372803 3.363856 -1.333589
245.698914 300.808136 3.503870 -4.665182
247.934296 47.637783 3.154089 1.097131
250.277603 12.998225 3.237241 -2.320035
249.957397 359.877258 2.840701 0.214046
249.957397 359.877258 2.840701 -4.698028
252.475555 422.178772 3.159172 0.007936
258.110229 446.843567 3.026375 -1.684016
258.072632 593.305359 3.077011 -1.162045
266.509430 470.428741 2.828564 -1.900424
268.861847 332.458221 3.276024 -4.552325
269.890839 624.677002 2.986909 -1.345777
272.866272 430.227814 3.373045 -2.201682
272.866272 430.227814 3.373045 -3.210575
274.105530 176.773087 3.315301 -2.327766
279.754974 63.787769 2.868976 -4.613131
278.549927 607.764038 3.149410 -1.340286
284.338776 119.486855 3.583193 -3.035854
284.610199 621.286011 3.214746 -1.572242
289.812927 373.785431 3.392563 0.016775
292.364807 169.496475 3.402607 -2.158285
297.916748 136.903152 2.965895 -4.542691
297.929382 438.417938 3.133321 -1.569954
299.860443 155.635895 3.178746 -2.271740
303.488678 576.002258 3.182445 -2.238797
305.662048 233.529373 2.922537 -4.258631
308.112823 502.885742 3.029660 -1.690006
308.571564 21.323999 3.170119 0.035086
311.319153 465.931122 3.074783 -1.746941
317.794342 157.517670 3.231033 -2.260139
323.516205 254.445908 3.060546 -4.084849
330.642334 570.266541 3.273970 -1.516678
331.763824 266.058807 2.814104 -3.226185
337.239655 532.884277 3.275367 -2.134660
337.468231 59.377846 3.440749 -2.227104
344.675598 253.791473 3.163855 -0.654685
349.004730 96.516876 3.463392 0.113029
351.861786 264.099823 3.150907 1.318733
351.861786 264.099823 3.150907 0.466370
359.399200 396.877167 3.059858 -0.021693
358.880249 536.415405 3.372771 1.133351
364.153229 527.534363 3.166205 -0.297367
364.153229 527.534363 3.166205 -1.400704
368.924194 68.606178 3.284183 1.367162
369.300934 398.187927 2.903965 -3.181015
371.566681 56.744221 3.359313 1.566394
373.805573 507.060120 2.838501 -1.077014
381.365753 98.944435 3.222521 1.490092
384.297180 292.662842 3.171400 -1.296516
385.728577 86.814270 3.439867 1.542839
394.412506 426.225281 3.016457 -3.215736
397.937958 153.108521 3.232192 1.414888
402.121948 103.204163 2.877010 -2.992877
405.120239 414.236847 2.930080 -0.596691
412.795746 603.997375 3.246874 -1.676291
414.038147 93.790199 3.424922 -3.580590
415.889954 443.910828 2.898351 -2.933865
8.541255 423.098938 4.263708 -1.301727
16.842464 87.770935 3.525713 -4.326581
29.027929 425.679199 3.949697 -3.199111
30.072908 92.395233 3.664721 -4.357281
32.197533 390.830658 3.651172 -0.325285
32.197533 390.830658 3.651172 -2.577734
40.287506 440.415863 3.987447 -1.647553
45.228329 243.135605 3.646127 -1.717277
44.929890 381.315186 4.221626 -3.062283
46.232658 354.290558 3.940404 -3.058546
48.966469 87.892570 3.924904 -4.035513
47.801220 339.709229 4.157088 -3.270898
74.699875 360.144897 3.477160 0.000362
74.565117 391.946533 3.879540 -0.071030
76.435257 342.871460 4.300045 0.252942
83.406891 160.808426 3.808785 -0.588841
87.371277 93.772873 3.826845 0.045938
88.293892 173.000839 3.902083 -1.430305
88.293892 173.000839 3.902083 -4.348584
93.049271 375.815857 3.549995 -3.229142
92.800003 392.324463 3.968716 -3.283554
105.813652 68.128311 4.005920 -2.787918
105.962517 98.238014 3.974378 -4.086424
108.880745 190.739151 4.193529 -3.925334
114.764984 12.960485 4.329493 -4.221206
125.122162 29.294132 3.753859 -3.375921
124.828110 473.054718 3.782754 -2.879351
129.029907 53.236362 3.853170 -4.120623
130.289871 110.666969 4.130492 -4.593504
152.973328 203.594894 3.911028 0.250567
152.973328 203.594894 3.911028 -4.667854
158.786789 36.665863 3.780404 -1.320266
162.009033 333.111237 3.815239 -1.391529
187.614471 335.378479 4.422653 -1.434110
187.614471 335.378479 4.422653 -4.592102
187.307190 377.989349 3.753419 0.296849
187.307190 377.989349 3.753419 -1.069147
187.830261 437.889343 3.459278 -1.558842
195.724197 473.778564 3.380678 -1.781588
203.423340 557.708313 4.297187 -1.812275
209.729706 338.190399 3.948479 -1.585102
208.371094 601.591431 3.932245 -1.980662
210.566956 482.791077 4.586695 1.435757
210.291214 616.855225 4.613976 -1.884067
218.583115 553.708191 3.937606 -2.330609
220.959915 196.300964 3.819087 -3.477888
223.899734 235.453247 3.808581 -3.128402
229.180267 314.447693 4.426788 -3.133961
234.540237 228.930145 3.886867 -4.338975
237.428696 248.830124 4.203343 -0.036914
240.875778 108.758072 4.581576 -2.024040
244.437973 614.788940 3.961683 -1.794033
247.517609 301.730713 4.039973 -4.663648
249.889633 276.759613 4.520163 -1.144928
249.171814 547.526123 4.184505 -0.239669
253.980301 156.644943 4.068687 -4.020932
256.307617 329.452698 3.727418 1.547745
277.370941 363.615570 4.076435 -4.636702
283.516724 118.301994 3.604481 -2.930882
289.609283 374.355713 3.610405 0.075392
289.046295 610.305481 3.900106 -1.538591
292.107056 504.837769 3.924622 -1.619657
301.155670 405.472534 3.832771 -0.901672
301.155670 405.472534 3.832771 -2.777270
310.371033 593.744995 4.129879 -2.014457
312.203430 418.374268 4.003378 0.107660
322.058868 369.381165 4.714877 -4.160559
322.468414 387.481842 4.387415 -3.249105
324.834595 294.705750 3.930865 -1.582051
343.757935 216.569916 3.692849 -1.676630
355.287659 48.526524 3.804941 -2.294490
354.488129 309.232513 4.115556 -0.226749
360.299744 91.877617 4.678838 0.249629
374.975708 601.101746 3.669327 -2.213433
377.612396 35.668335 4.753175 -2.162312
387.267273 72.920624 4.044838 -4.438843
391.446014 111.992722 3.814965 -2.429010
400.542938 386.230164 3.783283 -1.152165
402.877106 9.001078 4.085531 0.032612
402.701294 281.110321 3.814519 -3.638946
406.459991 345.321625 4.707675 -3.381535
408.383759 378.526550 3.848351 -3.451049
413.003021 55.464344 3.806539 -3.626946
414.157196 93.635551 3.480455 -3.583562
414.922791 291.256805 5.063428 -3.217546
416.409882 190.470795 4.389746 -1.939870
416.409882 190.470795 4.389746 -4.533047
416.074158 574.960022 3.408069 -1.703561
17.494038 36.523674 5.401389 -1.058712
23.524536 78.633110 4.543806 -4.393187
24.612154 533.681091 5.087991 -1.696300
39.692818 328.073090 4.847452 -1.510717
39.692818 328.073090 4.847452 -4.572433
53.832821 55.237572 5.083364 -1.161070
78.037193 319.032135 5.022073 -0.395049
88.814857 620.726379 4.688706 -1.488977
88.814857 620.726379 4.688706 -4.599779
92.799667 243.674637 4.666239 -3.185091
93.407448 355.268463 4.655271 -3.263835
94.185150 222.217850 4.662326 -3.120514
110.608635 554.135742 4.548489 -3.281621
155.519958 437.600525 4.986432 -0.009634
155.519958 437.600525 4.986432 -1.455986
169.247650 472.807068 4.602218 -1.906480
182.114105 467.842285 4.962072 -1.862055
183.465591 538.516418 4.626473 -1.237636
186.006699 449.765778 4.927045 -1.554110
188.771271 78.273544 5.279502 1.220474
206.313293 220.995575 4.639443 -4.043874
206.852982 450.998993 5.100153 -0.817895
212.745758 77.369576 4.890162 1.568461
212.745758 77.369576 4.890162 -3.700928
215.052353 408.020081 5.003602 -3.176453
228.589523 41.021027 4.589468 0.975331
228.589523 41.021027 4.589468 -1.390461
235.178360 602.176147 5.291725 -1.439838
240.605240 143.148117 4.621139 -4.258106
240.064819 558.673096 5.840063 1.270598
240.064819 558.673096 5.840063 -0.609926
247.902985 179.189896 4.595948 -2.606102
247.828506 570.557312 4.441166 1.079460
252.185120 462.987152 5.291474 -0.192936
252.185120 462.987152 5.291474 -1.701150
264.744843 143.391037 4.813822 -4.526957
272.251099 88.638908 5.672725 -2.154832
272.487915 309.255402 5.511569 -3.697203
272.277069 446.952576 5.188766 -1.697189
276.592377 463.090302 4.793253 -2.157040
288.171509 336.563934 5.329855 0.083730
292.987122 270.348389 4.602951 -1.304085
292.840118 590.806763 4.936269 -1.571363
298.580078 104.211189 4.484939 -2.368218
310.596710 392.015259 4.914506 -2.235656
317.938171 473.368042 5.173665 1.361156
329.429749 587.682922 4.852961 -1.939342
397.923248 92.726501 5.380561 -3.657373
409.588715 396.700439 4.946259 -0.932932
409.588715 396.700439 4.946259 -3.059700
9.023114 454.636047 6.754817 -1.571696
28.595697 247.262131 5.623286 -1.619520
34.409210 586.059509 6.945187 -2.817670
59.225002 27.414354 6.861508 -3.219619
70.870659 167.661819 7.037312 -3.906503
76.122459 74.570724 6.111434 -0.352474
76.122459 74.570724 6.111434 -3.911902
94.989967 525.700684 6.132962 -2.058879
156.825562 179.073364 6.685895 -0.484871
156.825562 179.073364 6.685895 -4.576845
188.748199 360.754364 6.358410 -4.496963
204.256714 194.780975 6.528685 -3.945914
203.202621 582.213257 6.680633 -4.710086
213.123123 362.100647 5.760613 -3.511796
213.271149 497.382111 6.903875 1.523128
215.889572 438.714966 5.625862 -3.128091
229.300781 96.162529 5.784374 0.107037
229.300781 96.162529 5.784374 -3.521853
245.571289 289.175659 6.481302 -1.173061
254.112000 495.141602 7.303562 1.277047
256.174316 390.114563 7.332160 -0.000237
254.785461 404.058563 6.211601 -0.091140
266.253265 600.438965 5.687613 -1.122825
272.565155 512.423889 6.621790 -1.495090
276.520508 386.899811 7.179439 -1.727491
287.166351 351.817902 6.831775 1.543578
295.833984 510.935577 6.780391 -1.618086
323.170471 98.425011 5.683851 -3.881246
322.381134 320.379913 6.036678 -3.550900
324.384796 407.968262 5.938669 0.026089
324.384796 407.968262 5.938669 -3.280987
341.573608 280.628143 7.975487 -0.013696
341.573608 280.628143 7.975487 -3.191524
366.440277 379.046295 6.251369 0.278392
366.240784 419.340454 6.145828 0.037771
367.146454 460.209869 6.438536 -0.092696
388.312073 245.854126 6.619179 -4.324733
398.652802 410.856384 6.023673 -0.986613
398.652802 410.856384 6.023673 -3.095267
398.926392 432.165222 5.707551 -3.726356
12.642329 538.616333 7.241160 -1.666138
24.850536 244.381378 7.818545 -1.604814
32.727173 583.418823 8.130342 -2.820715
35.106411 513.634888 8.261006 1.570244
52.409779 144.901474 7.735312 -4.126978
55.618542 593.813843 8.757062 -2.814714
63.754154 333.102997 7.473029 0.455372
63.754154 333.102997 7.473029 -3.637384
68.845520 488.760559 7.879895 0.140724
72.152245 616.032776 8.386744 0.990264
76.075020 42.921989 8.194408 0.162428
76.075020 42.921989 8.194408 -3.214546
125.410065 36.079224 7.902556 -3.583272
151.524673 126.621460 7.692873 1.495076
160.006134 360.798279 8.864901 0.034513
177.672516 163.673874 8.504607 -4.474608
180.257446 241.169281 7.213596 -0.101735
180.257446 241.169281 7.213596 -2.393004
207.720627 276.520477 9.053255 -1.486459
222.536102 43.388977 8.000929 -3.102972
233.140625 257.927948 8.961029 -0.116973
233.140625 257.927948 8.961029 -3.061717
234.273468 511.262573 8.542937 -0.113536
234.273468 511.262573 8.542937 -3.055318
235.188751 556.415100 9.403914 -0.407584
235.188751 556.415100 9.403914 -2.811575
277.650726 210.406998 8.021500 1.327090
274.904114 514.973633 7.274671 -1.480083
286.983643 154.915176 8.214283 -4.465945
288.022522 301.152557 8.244744 -1.351602
288.889648 417.047363 8.770225 -1.934978
302.776337 373.338287 7.627095 1.549068
314.692963 200.538773 8.787976 1.540246
324.393921 428.346466 7.866263 -3.142803
327.249695 489.201172 8.517454 1.413729
327.249695 489.201172 8.517454 -3.105383
337.231903 310.443024 8.196908 -0.402210
342.156494 280.188599 7.518583 0.022604
351.249084 479.890930 8.963250 -0.023943
352.009247 534.344788 8.490927 -0.413663
352.009247 534.344788 8.490927 -2.783081
354.468170 608.617249 8.904317 -1.958120
385.357056 571.764832 7.694881 -1.547380
396.889496 59.245407 7.810051 -4.027369
233.622757 129.142075 10.501251 -2.669850
234.967804 353.849060 10.595472 -3.361922
326.916748 39.116375 10.779317 -2.398737
371.757996 444.602814 9.126328 0.027539
390.026550 324.588257 10.232393 -1.857598
397.661743 352.940308 10.508209 -2.921210
397.661743 352.940308 10.508209 -4.462949
397.473633 423.029968 11.196972 -3.577687
43.305138 37.024715 13.465910 -3.328942
86.155350 440.204865 11.965880 -0.199606
86.155350 440.204865 11.965880 -3.146783
129.246872 234.805771 13.588371 -0.019586
182.944473 302.353363 14.343371 -1.334585
204.247711 107.196991 12.191803 -2.831009
204.247711 107.196991 12.191803 -4.419705
300.410828 465.748291 12.785319 1.415605
341.841461 356.760162 13.520578 0.091767
341.841461 356.760162 13.520578 -3.614109
366.462219 50.308750 11.964790 -2.479814
377.197205 109.022980 12.860098 -2.855070
377.197205 109.022980 12.860098 -4.332816
129.837051 194.084152 14.824425 0.351950
130.518539 485.783264 16.822512 -3.278123
265.269501 79.693573 16.380735 -2.417169
337.573029 230.397705 17.219925 -4.075848
341.926666 357.930115 13.672914 0.085126
341.926666 357.930115 13.672914 -3.723407
383.622955 285.979919 16.288876 -4.225832
285.011688 261.155670 21.289194 -1.405058
285.011688 261.155670 21.289194 -4.199905
396.786652 484.365570 19.820612 -1.054886
396.786652 484.365570 19.820612 -4.685776
181.621506 236.888123 26.798800 -0.834354
181.621506 236.888123 26.798800 -3.959169
181.176315 370.495331 23.560751 0.019087
246.654175 195.266907 21.787699 -4.155267
251.441544 318.401886 28.039240 -1.495558
253.191528 178.359360 28.306124 -4.186461
111.312828 120.274231 40.286861 -4.223666
107.468697 302.465393 37.391510 -1.997092
