5.178317 364.171539 2.031841 -3.086905
6.796100 308.983307 2.027319 -3.607388
8.177467 209.682205 2.186672 -3.056207
8.778054 392.452454 2.086494 -3.345458
12.420610 229.103439 2.068743 -3.056809
13.239447 216.287262 2.118047 -3.114512
12.514765 402.493103 2.061721 -3.168376
15.000467 184.938705 2.080676 -3.160762
16.414028 465.208588 1.624450 -3.123201
16.627485 243.904480 2.130858 -3.378935
19.516092 215.882446 2.175379 -3.030321
20.308151 307.489441 2.152960 -4.390925
20.878950 456.026306 2.017466 -3.108710
21.407619 324.714172 2.205318 -1.549936
25.878836 264.122864 1.950402 -0.799090
25.878836 264.122864 1.950402 -2.959441
33.845108 128.236298 1.858937 -3.281934
36.385376 103.546577 1.961962 0.252205
35.766479 338.104919 1.943535 -4.488131
36.042118 378.158997 2.254792 -2.256832
36.042118 378.158997 2.254792 -4.523545
37.883244 462.774872 2.126395 -3.930999
41.347580 467.741821 1.812941 -3.089395
42.462055 101.535423 2.183500 -0.112889
45.221569 273.735382 2.061357 -4.409198
45.000481 538.109863 1.862443 1.032632
46.491814 68.194847 2.257817 -3.811610
46.752003 499.065704 1.800741 -1.119251
48.624287 305.160492 2.177463 -2.382610
54.007584 525.789917 1.992252 -0.961028
60.022327 29.814362 2.086149 1.007063
60.396866 45.081921 2.153347 -1.861732
61.283306 281.579254 1.909372 -1.240605
60.754196 549.880005 1.986164 -0.898551
62.993187 394.531189 1.933618 -0.017935
62.788464 603.059082 2.058337 -1.310954
65.407997 321.559540 2.121219 0.206263
68.315079 376.088776 1.898704 0.029658
71.318161 195.287354 2.126605 -4.552320
71.907402 57.313148 1.817670 -3.555887
74.415283 544.042175 2.155124 0.837743
74.415283 544.042175 2.155124 -0.646951
75.439529 83.700485 1.918311 1.172468
75.511543 51.914169 2.057521 -2.997466
76.341896 438.983643 2.130263 -1.532919
78.241760 319.460846 1.702657 -4.548444
79.121094 518.777649 1.924659 -2.216017
78.730827 524.739380 1.816768 -1.174093
82.960419 346.833557 2.031376 -4.454616
83.793396 508.618652 1.903785 -1.287098
86.795128 101.320557 1.980286 -0.935400
87.118828 370.118225 1.860603 -3.654245
87.875954 39.296158 2.113627 -1.881512
91.456650 276.329376 1.864737 -1.184040
90.609383 335.011261 2.147400 -1.480056
91.375038 349.670776 2.037840 -4.522698
95.597023 535.843933 1.957708 -1.459322
98.089905 251.248688 1.828075 -3.571635
100.085686 349.186127 1.935194 1.552248
99.145119 383.614960 2.274497 -1.246853
101.105156 354.805206 1.884075 1.269330
100.884186 368.874084 2.067114 0.869339
100.884186 368.874084 2.067114 -1.262439
102.719940 282.946167 2.123161 -1.364281
103.982422 596.293457 2.006590 -2.013827
107.500381 635.890686 2.074389 -1.802440
109.872887 458.505371 2.269005 -2.893287
115.023048 462.697449 1.870293 -2.947856
116.358170 532.540222 2.030020 -1.503102
116.297653 592.854492 2.047499 -1.849350
117.012650 282.182495 1.912666 -1.180920
118.080376 352.648804 2.020832 -4.522211
119.012047 244.857635 1.874727 -0.068531
119.588028 306.780945 2.018542 0.978309
119.588028 306.780945 2.018542 -0.947153
119.588028 306.780945 2.018542 -1.607305
121.881042 78.775803 1.956409 1.149999
122.968750 518.924927 2.021889 1.547300
126.343109 171.686203 1.911300 -4.248110
125.685844 385.416748 2.058401 -4.543549
126.357407 298.274506 2.138980 -1.313570
128.541306 284.874207 2.050758 -1.405248
130.846817 201.521255 2.290590 -1.314594
130.793030 216.144730 2.055007 -4.232833
134.160049 533.978027 1.860058 -3.128917
137.571594 131.560364 2.105453 -3.234938
148.115616 120.771408 1.898583 -1.701076
148.115616 120.771408 1.898583 -2.838975
156.742447 245.216766 1.938949 -0.000391
156.742447 245.216766 1.938949 -1.983693
156.742447 245.216766 1.938949 -3.197516
161.305908 169.577209 1.923777 -0.715172
161.068680 298.325470 1.926793 1.547917
161.068680 298.325470 1.926793 0.253528
162.590347 579.384949 1.912072 -0.856087
167.324127 368.723572 2.326700 -0.001958
167.027634 375.701569 2.193883 -0.026678
167.621490 455.895386 2.232957 1.219162
167.621490 455.895386 2.232957 0.272541
172.474609 634.768738 2.087660 -1.172905
176.352493 148.419785 1.906386 -4.665076
175.809341 161.172089 1.831384 1.369311
176.886520 629.772400 2.023091 -1.328822
181.301163 565.264282 2.022461 -1.452765
181.887039 506.739197 1.987499 -1.551745
183.552582 384.352875 2.200676 -4.703255
186.368408 84.170464 2.131765 1.531001
186.396332 408.240234 2.248346 -1.575752
187.503876 63.911297 1.948840 1.240059
187.414368 235.840897 1.744489 -4.635205
188.992371 179.823273 1.822474 -2.014299
191.219711 621.992432 1.894488 -1.637508
192.560791 428.470642 1.889618 -1.927242
193.861588 454.707916 2.110945 -2.579402
193.861588 454.707916 2.110945 -4.527439
194.707275 41.368729 1.659133 1.404132
194.829727 158.471512 2.046968 -4.506721
195.332779 590.945862 1.797548 -1.433095
197.478561 252.304718 1.867321 -2.108006
200.931686 590.824524 1.881388 -1.582485
207.134567 10.716340 1.963970 1.089777
208.266541 78.168434 1.769936 -4.218811
213.216751 6.609873 1.836938 1.044994
213.620743 105.724358 2.013073 -4.128737
213.649185 599.914124 1.913903 -1.721331
215.414963 41.613113 1.982772 -4.064966
217.399384 470.881348 2.034537 -1.382030
216.677200 565.505127 1.710085 -1.532738
218.372894 623.456726 2.072684 -1.741951
219.678574 129.954269 1.940809 -3.739314
219.765060 146.905960 1.819918 -4.337833
221.078232 589.195496 2.168952 -4.320035
226.075714 217.034836 2.231142 -2.050832
226.014038 566.277039 2.024254 -1.730448
228.236511 10.466461 1.891597 -0.080577
228.176315 456.697144 2.097658 -2.968555
228.675934 251.075150 2.176184 -4.209803
229.138870 295.790894 1.965957 -1.383477
228.989365 428.202881 2.181716 1.149940
230.625168 408.279938 1.963055 -0.035929
232.781189 7.536346 1.960368 -0.052268
232.781189 7.536346 1.960368 -4.230662
234.317657 75.991058 1.964019 -0.046692
234.233948 269.843201 2.160399 -3.131987
235.283768 127.315025 1.918613 -3.814436
235.687927 439.897003 1.662772 -0.210234
235.837845 559.636414 2.040780 -1.620758
243.709442 613.080322 2.024162 -1.847388
246.002792 621.402283 1.873918 -1.847257
250.658966 296.592438 1.697837 -3.131162
254.402100 65.568359 1.965462 -2.247686
255.440567 561.769287 2.021890 -1.490870
256.639587 124.956123 2.102246 -3.139570
259.187073 25.094765 1.888527 1.154009
261.127777 29.756742 2.114619 1.173572
262.530670 148.502365 1.860637 -2.027957
262.530670 148.502365 1.860637 -4.405269
264.486053 36.465672 2.189540 -3.704852
265.165588 615.804749 1.788827 -1.764790
268.372192 151.030823 1.882460 -2.183487
278.389252 82.888069 1.937282 0.153962
278.197998 555.093506 2.002824 -1.760348
280.519989 373.134674 2.178518 1.517909
280.890991 451.292267 1.905526 1.312699
280.890991 451.292267 1.905526 -0.274296
280.890991 451.292267 1.905526 -1.984551
286.375671 334.792542 1.777497 -1.163865
288.351624 311.816437 2.137084 -1.575201
289.289978 511.038177 2.077614 -0.891373
290.163330 401.943420 1.917094 -3.092195
293.160309 598.384888 2.118901 -1.319049
299.001495 97.382851 1.746032 -3.456959
300.742249 54.534405 1.709934 -4.406225
301.082336 622.041931 1.963547 -1.532540
305.159607 98.737305 2.067151 -3.466722
308.684387 35.717655 2.007120 -3.211938
308.671387 501.257294 1.833783 -1.421661
309.139587 467.110809 1.798007 -1.919059
313.934875 167.227554 1.968305 1.469120
314.620972 81.843994 2.225432 -2.883215
314.929260 179.372375 2.129493 -4.561201
317.606445 415.041321 2.251320 -0.423031
319.554626 272.009369 2.142925 -4.063252
319.524567 428.010773 1.963709 -0.317356
322.278381 98.140907 1.888465 -4.450024
322.851532 177.532547 2.044637 -4.505100
322.833618 345.323792 2.170632 -3.384192
323.981537 38.552929 1.723266 -3.616989
324.325470 115.912773 1.899841 -2.839357
324.507050 588.777771 1.808241 -1.573772
325.521118 414.406769 1.893211 -0.407932
326.539001 427.327942 2.403990 -0.247857
326.539001 427.327942 2.403990 -2.901767
327.438904 79.027885 1.772671 -3.914746
330.117828 275.923157 1.908633 -1.338475
330.117828 275.923157 1.908633 -4.222416
331.031006 287.410339 1.820976 -4.225231
333.117065 70.967796 2.170434 -3.064445
333.117065 70.967796 2.170434 -3.824685
333.119934 575.557190 1.756707 -4.224494
339.017334 66.184296 2.065783 -3.633734
339.994781 279.717438 2.113017 -0.757697
339.994781 279.717438 2.113017 -4.489548
340.537811 95.046371 1.822489 0.628982
340.537811 95.046371 1.822489 -2.816043
340.537811 95.046371 1.822489 -4.348675
342.116791 624.119263 2.025050 -2.105458
344.029877 70.977501 1.818360 -4.226719
347.687164 119.138908 1.680870 -2.083077
349.966370 67.301292 1.929804 1.284532
353.162384 381.930634 1.768512 -4.425774
353.518860 131.818649 1.755701 -2.004677
357.220276 415.248413 2.100196 -1.867913
361.040710 320.519257 2.145766 -2.027761
361.040710 320.519257 2.145766 -3.192967
361.202972 439.990173 1.785841 -0.046498
362.098511 208.268982 1.688435 -4.366143
362.242096 318.807373 1.782525 -1.941826
362.242096 318.807373 1.782525 -3.047985
363.583435 136.251816 2.107613 1.479285
363.348328 268.294495 2.091893 1.476271
365.019196 289.479706 2.027112 -3.890977
366.898926 387.571564 1.933748 -2.688776
368.780457 190.263809 2.146112 -3.029554
368.607086 295.459106 2.034603 -3.325485
372.216492 124.829987 1.990704 -2.010811
372.608093 456.803528 1.882506 -2.495608
372.608093 456.803528 1.882506 -4.409150
373.864166 21.887712 1.838149 -3.521869
376.055817 208.120255 1.939936 1.569428
380.214813 252.701157 2.199171 -3.181374
383.364258 187.251328 2.092624 -2.083196
385.240479 559.150879 2.180409 -3.230680
386.998627 127.826782 1.852882 1.304091
387.078400 180.221466 2.218927 -2.038103
387.159851 605.007568 1.943695 -2.812358
387.955719 104.710098 2.324606 -2.053920
389.794342 97.523819 1.894997 -2.253262
390.037170 281.625153 2.074026 -4.494528
391.883423 250.618011 1.983086 -1.865949
392.076111 401.471100 1.972867 0.649261
393.574951 34.943851 1.945264 0.866634
393.574951 34.943851 1.945264 -3.757217
393.972046 601.050293 2.163532 -2.736629
395.979584 61.293240 2.586232 -3.609329
395.979584 61.293240 2.586232 -4.306900
395.814789 205.583847 2.130195 1.145145
397.955231 5.963979 2.055862 -3.459658
397.955231 5.963979 2.055862 -4.482990
398.022247 67.139915 2.003247 -4.465590
400.166016 165.875122 2.037249 -3.857866
400.078613 304.942841 1.826935 0.940181
399.918030 384.933716 2.227738 0.815691
399.918030 384.933716 2.227738 -0.707783
401.109375 271.650177 2.182449 1.151163
404.406219 43.038227 1.739945 0.529274
406.629059 183.943314 1.901170 -1.845971
407.267609 287.479065 1.717421 -4.253599
408.144318 351.194214 1.841450 -0.183388
409.389618 211.184662 2.225124 1.564929
412.034119 191.595856 1.882798 -2.102007
412.105896 444.554138 1.764686 -2.356643
413.982025 10.982345 1.967560 -3.460802
413.982025 10.982345 1.967560 -4.468622
416.185547 85.398125 2.144496 1.479955
416.702728 262.817627 1.905409 1.132397
418.262482 38.106030 2.111053 -3.482882
418.317657 357.128448 1.845751 -1.568372
419.074524 511.167389 1.864875 -4.357143
420.474335 66.793823 1.751326 -4.175167
424.108063 577.914795 2.002588 -4.051555
4.228464 290.531342 2.846231 -3.572556
5.366744 438.382202 2.348906 -3.007930
12.157641 238.156097 2.483626 -3.268669
14.670675 197.777328 2.652784 -3.096604
17.064455 431.199646 2.280320 -3.080107
17.917328 301.176727 2.362964 -4.276137
19.026543 264.995026 2.649776 -1.355526
19.787188 365.943451 2.527692 -3.092649
21.672024 110.438324 2.429705 -4.047788
26.796230 296.158356 2.873584 0.519015
26.753834 550.207214 2.597264 1.459280
28.805891 489.013641 2.379530 -2.187775
30.777565 258.604553 2.145696 -2.973039
35.097012 115.264183 2.300328 -3.704201
36.452812 50.908966 2.495491 -2.946308
37.225765 386.772583 2.485164 0.331674
39.567635 17.749575 2.397391 -3.507713
40.841721 124.421448 2.622086 -3.416808
44.126705 300.122162 2.327621 -2.411951
51.429901 328.009735 2.622427 -1.354674
55.450008 138.916687 2.244610 -1.237087
56.042786 471.854767 2.388378 -0.220964
65.009834 358.893311 2.399400 0.064749
66.175926 290.134552 2.655400 -1.299758
66.406723 345.705994 2.846074 -4.675348
67.608490 331.303619 2.515106 -1.266495
67.825851 489.672791 2.473911 1.443690
67.688667 496.346741 2.394864 1.344939
69.335983 241.686234 2.706223 -0.058783
68.874817 262.011536 2.748513 -0.021054
72.441841 354.188385 2.451047 0.542969
74.631241 150.565399 2.782836 -4.578330
75.320427 69.030327 2.423094 -2.356632
75.217751 388.561249 2.461361 -3.130995
79.804512 481.366150 2.207659 -1.718479
84.055367 163.251724 2.774597 -4.348341
83.663742 76.262154 2.329537 1.016704
84.292931 279.122314 2.661215 -1.250725
90.696922 294.081421 2.535828 -0.924331
94.941742 238.778030 2.603920 -2.737008
95.532265 610.371704 2.559410 -1.896976
100.495407 361.498291 2.733071 1.099817
100.495407 361.498291 2.733071 -1.160700
100.050659 375.736267 2.552472 0.645360
101.003456 243.618729 2.917323 -2.677620
106.619751 350.612946 2.541851 -4.535249
109.819855 612.351746 2.312768 -1.943891
111.256760 253.926468 2.204791 -2.008696
111.246788 425.868195 2.694861 -1.253674
111.322220 285.316803 2.399893 -1.271626
112.566765 300.661316 2.882443 -0.968192
114.223732 413.015717 2.467001 1.283083
114.223732 413.015717 2.467001 -1.362768
115.881012 391.228516 2.772876 -1.601611
116.472435 272.339050 2.459927 -1.366319
117.234032 265.471252 2.239471 -1.419135
117.234032 265.471252 2.239471 -4.397304
116.709389 419.537537 2.543652 1.416456
116.709389 419.537537 2.543652 -1.398659
120.471916 238.512665 2.195948 -1.135388
120.044624 467.590302 2.458272 -2.262106
125.181656 413.689392 2.894148 -1.355129
125.649879 391.882629 2.589080 -1.523816
125.715202 398.669159 2.348046 -1.421982
125.715202 398.669159 2.348046 -4.646616
125.891373 445.630280 2.695486 -0.637734
126.906349 364.065094 2.542329 0.931547
126.906349 364.065094 2.542329 -1.436403
126.697983 378.040894 2.384276 0.765721
126.948044 452.689819 2.630538 -0.295263
127.986801 82.901260 2.258821 -4.550148
129.549820 153.498077 2.400781 -4.000428
129.116562 303.338959 2.244627 -0.811761
130.232330 167.145065 2.695735 -4.171515
132.990952 492.014343 2.810689 1.509381
134.227402 400.226807 2.783548 -3.174743
136.440521 64.362152 2.230832 1.258745
138.483459 203.493332 2.606504 -1.528302
141.056305 9.999811 2.824561 -3.271490
149.489456 137.485291 2.335180 -4.503569
155.010086 623.443420 2.838965 -1.855873
158.497009 178.572296 2.370908 -0.627577
167.491104 488.531403 2.496233 1.310887
167.957413 338.520660 2.354504 -1.284985
168.122513 359.581940 2.829882 0.155042
168.122513 359.581940 2.829882 -4.622609
169.135056 471.346863 2.454532 -1.837568
170.362946 72.374107 2.515512 1.038017
169.948135 592.313232 2.671683 -1.207283
169.991562 604.981384 2.525411 -1.434397
176.335251 248.501617 2.318020 1.183432
179.899307 341.182251 2.401979 -1.368141
180.328674 623.488770 2.891383 -1.388302
180.742020 454.457214 2.570465 -4.488794
183.651031 118.118774 2.475979 -2.024830
185.044556 369.343597 2.611675 -0.113095
185.081970 377.603394 2.703619 1.480664
185.081970 377.603394 2.703619 0.160626
185.118530 399.860626 2.545126 -1.515240
185.314392 631.791504 2.600001 -1.490135
189.190765 245.122543 2.224291 -4.428365
189.417068 162.911911 2.703601 -4.544797
190.956589 421.699585 2.485318 -2.038895
190.956589 421.699585 2.485318 -3.255390
192.430023 343.171326 2.485568 -1.524996
197.543182 565.731018 2.552272 -1.556194
198.177780 260.735443 2.312564 -1.996382
200.854523 464.900574 2.346339 -2.254620
201.903076 625.903687 2.403076 -1.511629
208.105316 382.912872 2.779657 0.013440
211.421448 430.145355 2.425518 -4.711059
215.091370 311.505157 2.558627 0.169811
215.576431 346.699615 2.580859 -1.184596
218.400558 2.128583 2.683224 0.980481
216.408463 225.730835 2.184634 -4.254080
219.507568 137.006027 2.388848 -4.332357
228.671570 348.903320 2.696652 -1.498280
230.719772 435.357910 2.525367 -0.294351
231.935318 618.058533 2.317221 -1.609582
233.741867 565.872192 2.812524 -1.668005
235.042969 40.892838 2.762089 -0.052683
234.989166 59.555378 2.576354 -0.035068
242.151260 77.808449 2.386393 -2.121642
243.953003 500.440125 2.168187 -2.019091
243.502335 242.558472 2.670298 -4.131151
243.594940 257.226318 2.822697 -4.071968
253.673355 35.484890 2.590969 1.060664
255.677795 247.448914 2.483491 -1.439463
255.677795 247.448914 2.483491 -4.216335
257.872650 261.705963 2.455348 -4.053160
263.087769 84.802765 2.287273 -3.681199
265.538177 564.851868 2.120122 -1.755398
268.130005 115.170601 2.359103 -4.217238
268.370758 251.987503 2.438600 -0.745159
268.370758 251.987503 2.438600 -4.588366
270.484894 239.339874 2.278809 1.198029
273.942200 126.428215 2.721228 -0.202672
274.510620 526.465271 2.650159 -0.256051
274.510620 526.465271 2.650159 -1.491889
275.160980 444.583130 3.124635 0.013575
281.745728 515.372925 2.366373 -0.047583
287.006622 259.075897 2.574231 -4.429789
291.392303 375.100006 2.307855 1.543496
294.463989 478.038177 2.596124 1.289280
294.463989 478.038177 2.596124 -1.314229
299.402954 296.882446 2.966808 -1.327314
301.348999 376.848846 2.605639 -4.567064
302.058289 130.321625 2.465632 -2.196419
302.475586 139.533585 2.749833 1.481170
302.475586 139.533585 2.749833 -2.045687
302.704712 629.102356 2.318614 -1.598006
307.485992 426.965851 2.829649 -3.232337
308.110291 118.166306 3.184914 -3.439643
311.116180 633.850098 2.299809 -1.646372
314.834106 378.352936 2.459580 -1.231582
314.834106 378.352936 2.459580 -4.538549
316.673401 597.273254 2.698954 -1.531875
318.557800 48.199139 2.500401 1.563647
320.055634 560.955017 2.313285 -1.617526
321.109283 545.334778 2.779160 -2.128586
323.728394 279.388550 2.628697 -3.827777
323.143188 367.411682 2.640265 -1.649690
323.143188 367.411682 2.640265 -2.978977
324.944366 57.093163 2.365990 -4.034702
326.839783 190.825897 2.545488 -2.142832
328.976166 513.515503 2.689442 -2.701834
333.934631 591.062988 2.387865 -2.279366
336.606049 284.788147 2.413604 -0.521921
341.448151 39.371964 2.297612 0.299901
341.448151 39.371964 2.297612 -3.996181
344.143677 162.756943 2.298069 -4.510089
343.725494 361.552002 2.099723 -0.034726
346.016815 383.344055 2.799157 0.114534
347.131531 408.736115 2.469817 -1.587734
354.012451 100.825455 2.280050 0.031288
354.309814 436.127655 2.475572 -0.962366
354.309814 436.127655 2.475572 -4.278788
355.432922 160.641785 2.677858 -4.556252
354.857269 398.306488 2.487960 -1.836790
356.038605 40.850540 2.539267 -3.433619
370.815063 586.001404 2.728522 -1.794965
371.767456 71.991020 2.343482 -4.696476
376.776520 156.447693 2.606716 -4.418880
376.563568 502.973541 2.636226 -2.994813
378.829224 73.669174 2.296044 -4.081299
379.830353 140.462189 2.792156 -4.636655
379.658600 218.965317 2.676760 0.607212
381.009216 587.593079 2.346692 -2.896572
384.365173 92.995071 2.512481 -2.302568
384.365173 92.995071 2.512481 -4.054430
388.206512 249.448929 2.765974 1.382220
389.249390 140.402573 2.433524 -4.593060
391.058807 574.421509 2.512084 -3.448987
392.067688 148.262314 2.731950 -4.358384
393.403595 363.087067 2.444440 0.701668
393.375519 567.865479 2.388689 -4.291180
393.401276 53.472515 2.621384 -3.608710
393.861176 545.009033 2.512988 -3.265417
395.881470 265.800079 2.761518 1.250993
396.100128 553.566162 2.442646 -2.366361
396.887146 124.985283 2.698056 1.465492
398.428345 407.031921 2.303119 -0.226489
400.405670 52.778881 2.337157 -3.033986
401.714874 166.099167 2.527319 -3.824303
402.257874 522.992737 2.714157 -4.056113
403.678802 363.007904 2.490407 0.587933
409.002533 251.255341 2.348184 1.244313
412.120544 119.432365 2.556429 1.347585
411.975220 334.743530 2.832301 -4.705346
414.211151 146.884766 2.205345 1.265522
414.495789 197.832733 2.383230 -4.640940
419.168365 417.485443 2.872453 -0.991090
419.168365 417.485443 2.872453 -3.969465
419.581482 571.357300 2.532508 -4.480232
420.228088 13.635639 2.420635 0.855503
419.960083 400.680115 2.605995 -4.510391
422.423126 82.629799 2.422515 -1.897069
422.423126 82.629799 2.422515 -4.712052
1.362366 119.891777 3.598003 -4.262844
27.207390 351.278961 3.462045 -3.204259
31.427372 38.050873 3.116639 -2.947413
37.207470 8.479246 2.973832 -3.693314
36.194111 443.626648 3.511016 1.491820
36.194111 443.626648 3.511016 -3.533107
37.884197 364.861755 2.947760 -2.172471
42.443100 112.783707 3.415552 0.605599
42.443100 112.783707 3.415552 -3.819925
46.761929 185.693176 2.980192 -4.303743
54.286922 190.328629 3.199226 -4.406520
65.018700 406.364319 2.937859 0.022954
71.775337 445.500031 2.957896 -1.532471
77.161110 544.486084 3.059552 -0.585476
79.258583 359.947968 3.466908 0.379581
86.358315 413.678955 3.602430 -1.617586
92.187813 70.867203 3.082473 1.430823
100.758507 412.385193 3.308984 -1.306590
101.489838 376.064819 3.116983 0.582504
103.334724 63.520336 3.067990 0.994080
103.334724 63.520336 3.067990 -2.393077
103.146523 437.362549 3.541936 -1.584866
105.607483 603.518677 3.381812 -1.966682
110.539116 59.059525 2.909895 -2.025298
123.443794 406.488953 3.059249 -1.295709
124.027802 426.427643 3.333311 0.272329
129.022705 35.791576 3.005727 -1.180371
129.022705 35.791576 3.005727 -3.751926
129.707870 216.883423 2.995265 -4.200486
133.955383 354.761963 3.080273 -4.195355
133.607758 447.933716 3.257709 -0.457040
133.607758 447.933716 3.257709 -3.053058
134.576752 284.723450 3.311091 -1.549236
146.328400 554.015564 2.889674 -2.310387
146.941711 578.706177 3.113537 1.380906
149.740982 343.141174 3.047108 -1.472620
149.740982 343.141174 3.047108 -2.702013
150.942093 156.425751 2.879012 -3.119700
154.047409 590.622253 3.237110 -1.481547
155.209702 226.095230 3.138616 -4.463433
155.821930 209.200577 2.881875 -1.120285
155.821930 209.200577 2.881875 -4.504579
161.085617 548.086060 3.698260 -0.146487
164.491318 300.539886 3.502161 -4.638726
168.839798 421.952545 3.199393 0.047941
173.995621 446.738708 3.315935 -1.652472
174.978699 532.383118 3.003336 -1.060160
182.716965 468.837982 3.102630 -1.882269
186.825760 332.414398 3.181901 -4.503118
189.591736 606.377991 3.235644 -1.293511
193.094360 467.538483 3.670524 -2.017302
195.442230 619.289429 3.275245 -1.528701
196.629364 380.302826 3.708781 0.487192
203.791138 390.944946 2.899748 -1.756997
207.590179 374.168365 3.284101 0.040329
209.084412 565.178650 2.981221 -1.636396
214.364594 573.443726 3.153845 -2.197264
222.591293 502.129517 3.024552 -1.708304
226.220978 465.521545 2.990557 -1.796408
227.236801 236.358932 2.879942 -4.140294
235.366028 27.301172 3.187338 0.039892
242.749161 161.887756 3.064096 -2.766816
244.055359 283.966522 3.292639 -3.239684
243.920349 297.861450 3.465158 -1.496392
249.804840 49.320869 3.684582 -2.592821
250.384476 252.515381 2.899729 -4.048793
249.213058 531.085938 3.195959 -2.162778
250.412262 252.584930 2.894241 -4.048825
259.306610 116.687141 3.100359 -2.936677
261.327026 67.352440 2.868254 -2.170003
263.532135 257.534821 3.002401 -0.586052
265.818359 129.049362 2.928223 -3.502597
270.187897 267.870117 3.081619 1.313986
270.187897 267.870117 3.081619 0.496702
269.741211 534.158691 3.313441 1.100174
274.065948 398.253510 3.040933 0.009413
275.270172 525.289368 3.100804 -0.263216
275.270172 525.289368 3.100804 -1.415977
277.456879 6.147395 3.093472 0.116933
280.675446 67.337852 2.908820 -2.814200
280.675446 67.337852 2.908820 -4.555034
294.831940 465.062561 2.960809 1.493521
301.996735 455.043427 3.512328 1.408547
305.672852 13.853960 3.246830 -2.944010
310.225891 59.197720 3.552904 -4.619377
309.739655 435.586548 2.869161 -4.092450
319.428070 87.730911 3.208987 -4.334278
322.586700 569.183105 3.331140 -1.652885
324.670319 66.688126 3.343474 -3.384502
348.636292 32.704987 2.835463 -3.327854
354.453766 458.745453 3.036128 1.484193
359.490540 428.229828 2.884134 -4.181310
363.946320 181.942535 2.874555 -3.103543
375.157379 81.842499 3.193005 -3.311424
375.157379 81.842499 3.193005 -4.678793
377.943787 44.753845 3.255228 -3.484606
377.943787 44.753845 3.255228 -4.687023
388.686096 20.246761 2.936930 -4.442818
387.962097 30.203611 3.474159 -4.030085
399.301727 371.028870 3.222081 0.406375
400.459198 183.864532 2.980817 -2.178632
402.256409 20.723158 2.935902 -2.899679
402.256409 20.723158 2.935902 -4.324871
402.284698 294.248199 2.710727 1.502650
402.290009 436.857056 3.386761 -0.563746
403.059784 509.302185 3.087056 -4.463255
405.845825 128.646576 3.175306 1.534155
408.528992 53.575150 3.118005 1.331880
412.050964 487.134064 2.908820 1.234267
413.261688 505.857666 3.154670 -4.098876
416.794647 92.573898 3.141411 -2.200605
21.753233 578.132324 4.212385 -1.802165
23.331747 457.720856 4.398778 -3.120044
26.302221 53.603260 3.694088 -2.702611
27.796844 371.461548 4.762727 -3.149394
28.246580 182.914215 4.202693 -3.905870
35.393276 443.583252 3.613500 -3.231767
37.052155 472.752930 4.391148 -2.796100
42.775501 112.643227 3.586945 0.598361
42.775501 112.643227 3.586945 -4.168567
51.147217 40.933910 3.833426 -4.015009
52.442314 101.572227 4.100615 -4.422939
53.233246 538.533997 3.692423 0.082213
79.686844 330.678711 3.899370 -1.397825
78.422516 374.864655 3.734220 0.100601
79.916359 496.974548 3.731466 1.385384
84.155472 27.631157 3.870495 -1.376766
102.415474 17.181097 3.804978 -0.844793
102.415474 17.181097 3.804978 -4.209312
104.525162 376.599365 3.896449 0.349181
104.525162 376.599365 3.896449 -1.087106
109.800240 472.356140 3.868111 -1.781817
111.012024 524.157532 3.740516 -1.853037
117.459732 85.103767 4.510130 1.172854
125.243217 482.738586 4.494516 1.428323
128.339264 336.652039 4.260132 -1.559218
130.950058 554.204224 4.034523 -2.279208
139.923325 348.155182 3.638162 -1.938429
139.923325 348.155182 3.638162 -3.896799
143.147781 195.113861 3.696916 -3.404790
144.627838 233.820450 3.984697 -3.125129
154.850388 614.729309 3.839365 -1.819929
161.537155 547.657104 3.863371 -0.236763
166.023148 301.469086 4.019042 -4.641216
174.458740 328.859406 3.756010 1.553278
187.245026 238.784775 3.888863 -4.655155
189.653183 431.021820 3.662205 -3.029259
188.015030 446.709442 4.353911 -1.610157
193.143173 465.344696 4.183468 -2.104615
195.552521 363.960785 3.957934 -4.616849
199.213943 609.144287 3.587889 -1.575068
207.280304 374.850250 3.554444 0.099807
216.945328 313.513397 3.951738 1.506601
216.945328 313.513397 3.951738 0.213299
217.765060 405.761200 3.814100 -0.928257
217.765060 405.761200 3.814100 -2.677465
219.058090 52.007717 3.833516 -3.230324
220.509933 591.661560 3.929594 -1.926583
226.538757 292.285400 4.313639 -1.380468
228.174515 418.681335 3.895054 0.144788
233.982162 136.271988 4.004653 -4.286839
239.524277 369.779236 4.156650 -4.136790
239.127991 388.561890 4.271755 -3.225857
243.402222 297.178253 3.837545 -1.549701
254.099213 107.016335 4.108341 -3.783604
263.766724 221.046738 3.633787 -1.666202
271.417450 312.323029 3.952548 -0.192187
277.157593 470.410095 4.144416 -0.142979
278.292816 59.103287 3.858084 -2.221348
291.765747 307.897705 5.161932 -1.633115
291.263550 386.693604 3.710141 -1.777666
300.317505 442.708893 3.964999 -4.174325
302.317169 454.938538 3.504802 1.280440
303.837158 47.764511 4.268416 -2.113021
322.033783 398.458069 4.475540 -3.082747
324.954895 25.073275 4.004443 -0.476341
324.954895 25.073275 4.004443 -2.009029
335.810211 200.001205 4.098696 -1.991917
335.810211 200.001205 4.098696 -4.175272
339.109772 189.332321 4.161959 -1.285732
340.911438 85.732712 3.683043 -3.988187
345.669006 345.001068 4.057860 0.263017
347.033142 590.586975 4.114927 -1.531752
349.046509 151.719604 4.398794 1.544298
353.535461 503.710144 4.733943 -0.283760
355.775787 84.991882 4.118313 -4.136701
356.020630 333.141113 4.024335 1.476478
356.247070 554.715332 4.274716 -0.994132
363.165344 152.327469 4.197866 -4.600259
370.594482 446.362976 3.947389 -3.114460
387.318298 30.710884 3.761987 -4.100481
386.998260 280.760315 3.919322 1.137387
387.803528 556.843750 4.295927 -3.233317
395.239166 307.315948 4.382263 -1.395506
402.542023 466.944366 4.048357 -0.224971
405.945526 223.127060 3.770109 1.463466
405.544983 269.847443 3.730311 1.132829
411.961060 281.220886 4.482346 1.183589
410.439148 549.813782 4.236370 -3.246271
410.439148 549.813782 4.236370 -4.345509
415.705658 261.307251 4.144952 1.185964
7.471689 79.833649 4.699991 -4.377042
8.915530 627.858521 4.589382 -4.665958
14.153797 135.267136 4.592390 -3.880071
15.193668 527.912720 5.355390 -2.019491
40.600723 153.645554 4.285293 -3.176224
55.137936 431.283844 4.832684 0.018744
69.926018 436.675354 5.459243 0.013481
69.926018 436.675354 5.459243 -1.472236
83.351357 472.683197 4.662642 -1.891827
94.916718 539.550110 4.821964 -1.235694
97.740997 84.428604 4.922665 1.115379
100.242752 449.728088 5.242379 -1.565411
106.012428 333.369171 4.570140 -1.407846
106.012428 333.369171 4.570140 -4.565550
120.298218 616.068909 4.977241 -1.820164
122.049660 450.819336 5.208498 -0.846770
130.981247 407.245636 4.710690 -3.147579
138.598007 73.920395 4.965662 1.479659
138.598007 73.920395 4.965662 -3.669334
144.408875 603.009583 4.891920 -1.519359
152.493591 558.480408 6.221056 1.239437
156.094208 39.652931 4.571799 1.090339
156.094208 39.652931 4.571799 -1.379992
160.644943 570.350281 4.494062 1.058378
165.009705 144.498810 5.327277 -4.418014
165.557999 463.371704 5.431959 -0.092289
165.557999 463.371704 5.431959 -1.732982
167.209610 107.386848 5.150437 -1.925138
171.002914 276.329956 5.070819 -1.096291
180.752304 228.051743 5.588665 1.479052
188.273468 143.616882 4.790725 -4.634983
191.382217 309.830078 5.459792 -3.642416
192.023895 463.021637 4.761476 -2.118683
205.885025 336.981354 5.208727 0.101852
227.417267 392.699432 4.752008 -2.192746
229.436966 442.388000 4.348114 -0.594975
228.673904 504.534760 4.898320 -1.844605
232.355164 472.997070 4.924857 1.343154
240.599594 321.392883 5.494356 -3.600566
279.920044 395.616638 5.606517 0.003522
308.966522 80.736923 5.125289 -4.227850
311.766327 412.236237 5.701887 -0.881522
311.766327 412.236237 5.701887 -3.049930
311.516388 433.620483 4.968658 -4.162855
323.427734 627.692932 4.630983 -1.875396
330.491608 285.318604 5.618711 -3.516047
330.582245 296.490143 5.207878 -3.203352
334.124115 356.312927 5.709295 -0.030604
340.483551 26.959028 4.398318 -2.134105
343.500793 542.253723 5.138942 -0.314698
345.783722 238.582306 5.066780 1.184478
345.440704 298.519867 5.225679 0.186295
345.440704 298.519867 5.225679 -1.486445
350.573578 181.982788 4.835379 -1.146412
359.235901 420.064484 5.538416 -4.468458
377.398895 551.337402 4.267825 -3.098117
407.851959 39.772930 5.179847 -4.283486
408.338989 97.070198 5.520127 -2.332221
408.859467 532.628540 4.721792 -3.897747
78.560188 173.776642 6.999927 -0.630388
78.560188 173.776642 6.999927 -4.491517
92.179428 228.531158 5.537941 -0.045190
92.179428 228.531158 5.537941 -2.175288
106.336861 359.218994 6.410542 -4.493455
113.022194 73.614700 5.999007 1.184505
127.323341 192.718369 6.488870 -3.781834
126.916687 497.556122 7.061404 1.514480
130.779312 360.987640 5.737437 -3.537729
131.633530 438.463715 5.582786 -3.101040
186.570786 511.684631 6.391539 -1.495797
204.502319 352.299835 6.764131 -4.712271
208.540970 508.339783 6.029288 -1.616898
220.302246 373.243500 7.269980 -4.615869
224.073013 287.712494 7.309797 -1.380350
238.433197 224.866333 7.054375 -3.867905
240.298218 408.659058 5.805779 0.039573
240.298218 408.659058 5.805779 -3.248283
260.340515 283.845673 7.189691 0.022226
260.340515 283.845673 7.189691 -3.149136
261.147095 551.906250 6.706369 1.344363
281.087616 381.041443 6.111134 0.319740
280.106598 419.655823 5.757556 0.071917
280.514893 461.887268 6.315406 -0.081739
306.239227 251.370636 6.424892 -4.259870
323.808777 586.740295 6.772871 -1.781699
334.020447 374.085266 6.473928 -0.438699
351.226196 267.306854 6.374849 -4.428395
354.006714 221.753769 6.373848 1.551753
354.006714 221.753769 6.373848 -3.376915
369.526978 234.824112 6.474967 -3.409531
381.760315 436.583466 6.015109 -3.152990
404.289856 436.837311 5.814929 -3.075625
75.585045 120.050163 7.676283 -4.682792
127.793327 275.282196 8.884382 -1.447954
148.186890 556.573914 9.177832 -0.385953
148.186890 556.573914 9.177832 -2.800298
169.907227 495.569122 8.088922 1.252882
177.805725 172.525299 7.468239 1.322575
177.805725 172.525299 7.468239 -1.211283
206.793839 302.117310 7.898734 -1.311310
205.602875 417.447845 9.002280 -1.853933
220.221954 373.845154 7.415886 -4.705110
224.011795 153.954620 7.553412 -4.156572
238.638794 616.030945 7.769750 -1.809076
239.665024 429.091553 7.621577 -3.112058
239.624954 489.043427 8.622596 1.419557
239.624954 489.043427 8.622596 -3.089701
255.151871 313.348083 7.876302 -0.370826
263.197876 532.634949 7.787979 -0.387783
263.197876 532.634949 7.787979 -2.757780
293.366089 567.475708 7.466373 -1.521791
318.959106 466.302002 8.608081 -3.393505
337.519928 567.985168 7.645900 -1.649845
340.641968 511.873840 7.953528 -0.436506
340.641968 511.873840 7.953528 -2.794996
344.704041 615.544678 8.441840 -1.909872
350.720032 201.357498 7.369625 -4.564962
362.698120 439.288086 8.267174 -3.302385
388.080048 172.760254 8.977943 -3.213259
393.542816 552.300537 8.895192 -3.246018
405.979156 335.051758 7.387245 -3.321908
408.341858 377.511627 7.264649 0.241359
76.329605 360.581207 9.798099 0.067725
104.360214 156.628571 10.090510 -4.380659
125.766403 396.151947 10.414384 -3.109903
153.296631 255.879700 9.133712 -3.033399
152.808182 353.048553 10.685107 -3.340232
232.347473 331.439697 11.669125 -3.263167
242.178772 201.156494 9.689172 -4.549273
252.410431 46.695835 10.274502 -2.343761
257.651733 607.942078 9.974396 -1.915984
286.081238 439.142914 9.806160 0.103028
307.075623 327.885864 10.108520 -1.923655
310.409943 355.707214 9.757882 -4.480770
352.081512 295.380127 9.374431 -3.785350
369.355591 534.468994 10.126490 -3.147125
47.987705 229.787018 14.040318 0.008254
128.657623 103.481659 12.810108 1.480711
128.657623 103.481659 12.810108 -2.540172
214.607819 465.807587 12.642079 1.422716
257.556061 358.681000 12.628625 0.110623
257.556061 358.681000 12.628625 -3.610446
300.772644 116.894150 13.185359 -2.763044
300.772644 116.894150 13.185359 -4.284377
330.599762 264.364990 11.444827 -4.186347
330.976013 326.388184 12.650941 -2.225956
330.976013 326.388184 12.650941 -4.412254
357.908295 356.811127 11.385328 -3.174924
364.265015 481.808319 11.496545 -3.274615
379.647308 322.662018 12.820599 -3.393501
41.190895 486.001587 18.151716 -3.219675
49.288795 185.866409 15.684620 0.395965
49.288795 185.866409 15.684620 -3.405576
100.127663 299.065887 14.398450 -1.277050
191.519394 80.386269 17.134695 1.397194
191.519394 80.386269 17.134695 -2.447594
258.813080 234.525421 16.512295 -3.967622
299.347870 290.177490 16.066784 -4.250816
306.642975 474.348541 17.240568 -4.105616
321.108704 38.628811 13.835525 -2.180259
372.854736 90.761124 14.738433 -2.853477
372.854736 90.761124 14.738433 -3.862961
162.691788 198.238907 19.511408 -3.879344
204.906815 261.466431 21.551632 -1.354571
204.906815 261.466431 21.551632 -4.083443
323.644104 417.222809 18.835928 -4.020282
97.601143 369.602783 24.106121 0.025641
100.981277 236.520844 25.987799 -0.797177
100.981277 236.520844 25.987799 -3.902883
