30 469
44 234
52 604
56 421
68 547
72 105
77 10
78 11
79 601
80 12
82 16
85 286
88 288
91 24
103 310
104 127
114 294
117 681
121 299
125 51
127 79
128 49
130 52
132 50
134 56
138 59
139 60
141 62
142 63
147 321
148 327
149 328
150 66
152 79
153 70
156 59
158 80
159 78
160 86
161 33
166 87
167 88
173 345
174 93
175 94
177 355
178 96
179 97
183 107
186 103
187 108
191 113
195 114
196 115
210 383
214 105
216 681
217 127
221 129
222 138
223 132
227 139
228 144
238 163
241 440
252 134
254 160
257 407
263 163
268 170
274 412
275 171
280 180
282 143
287 184
291 519
292 590
294 195
295 196
296 197
302 55
312 218
313 55
323 523
326 526
338 278
339 277
341 276
343 491
344 284
346 322
349 291
350 295
351 37
352 301
353 296
354 501
357 39
358 297
360 303
362 298
363 302
364 502
365 305
368 309
369 495
370 306
371 506
372 313
373 314
374 320
375 326
377 323
378 324
379 325
380 329
381 330
383 335
384 336
386 338
387 339
388 340
389 334
390 333
393 349
395 351
397 688
398 531
399 359
401 354
402 358
404 361
405 363
406 110
407 367
408 368
409 369
410 370
411 364
413 376
414 374
415 375
417 377
418 543
419 381
422 382
423 386
424 384
427 124
428 133
429 389
430 391
431 398
432 395
433 399
434 400
435 158
441 405
442 406
444 409
445 410
448 413
450 167
452 412
453 414
457 419
458 415
460 418
465 762
466 426
467 427
468 183
471 436
472 187
473 430
474 191
481 485
485 96
489 518
490 345
494 212
506 281
510 499
512 612
517 504
518 615
519 505
521 507
523 512
524 516
525 517
526 362
527 345
528 515
529 522
530 520
531 521
532 520
533 525
534 526
535 529
536 524
539 533
542 356
543 357
544 534
545 535
546 360
547 537
548 538
549 364
551 636
554 539
556 541
557 544
558 537
562 546
563 549
564 547
565 550
566 548
568 397
569 391
571 556
572 559
573 560
575 562
576 563
577 565
578 564
579 566
580 567
586 417
588 423
591 182
598 79
615 547
616 603
618 605
621 607
622 610
623 611
624 434
626 616
627 613
628 703
629 704
630 619
631 620
632 511
633 621
635 625
637 624
638 705
639 626
640 629
641 630
645 718
646 631
647 633
648 719
649 632
651 634
652 639
654 641
655 640
656 547
657 644
658 645
659 647
660 649
661 651
662 652
663 653
664 655
665 658
666 656
669 663
672 257
685 727
696 697
697 698
698 699
700 700
701 702
702 755
704 706
705 708
706 709
707 707
708 712
709 713
710 710
712 711
714 471
715 714
716 716
717 717
718 721
720 722
721 637
722 723
723 724
727 725
728 728
732 664
741 750
742 751
743 754
746 758
747 757
748 759
752 787
756 760
758 761
759 762
761 729
762 766
763 767
764 768
765 769
766 771
767 772
768 773
769 774
770 732
771 733
773 727
777 183
778 786
782 714
786 783
787 813
788 814
791 784
794 816
797 785
798 786
800 760
802 790
803 791
804 792
805 819
806 795
807 796
808 797
809 798
810 768
812 799
813 800
814 821
815 801
818 817
819 820
820 822
821 823
823 824
828 827
829 844
830 829
832 830
833 831
834 832
836 833
837 834
838 842
839 841
840 846
841 847
842 831
843 832
844 848
845 854
846 855
849 858
850 859
851 857
