7 563
9 219
27 589
39 495
56 3
71 4
72 3
75 403
80 7
84 332
86 15
87 18
88 19
89 24
90 25
94 345
95 17
96 31
97 32
99 28
104 310
106 35
108 305
110 40
113 37
115 43
121 51
122 56
124 153
129 54
133 331
134 58
136 62
137 332
139 327
140 63
141 74
146 65
147 64
163 71
167 352
168 89
170 90
171 87
174 91
176 106
183 107
184 104
187 108
189 570
195 116
196 117
199 124
201 384
202 125
203 126
205 386
208 205
211 415
213 131
214 27
220 143
221 139
222 140
224 145
225 141
233 685
235 405
266 417
274 563
276 219
310 454
319 275
325 474
327 277
328 278
329 274
330 273
331 281
333 478
334 279
338 282
339 283
340 280
341 65
345 286
346 479
347 284
348 287
351 289
353 27
354 295
355 298
357 495
358 296
360 294
363 300
364 498
365 299
366 193
367 302
368 303
369 304
370 301
372 41
374 308
375 309
376 311
377 310
380 312
381 315
382 316
384 317
386 321
388 330
390 322
392 520
393 72
396 335
397 336
398 342
399 339
400 340
405 346
406 347
407 348
409 344
410 345
412 602
414 357
415 355
416 356
418 359
423 362
426 364
427 365
430 101
432 370
433 109
434 110
436 374
437 368
439 376
444 380
445 381
448 387
450 388
455 393
457 412
459 144
463 398
464 397
466 545
467 399
469 401
514 476
515 477
516 484
517 485
518 332
519 482
520 480
521 481
522 483
523 486
524 487
525 489
526 490
528 589
530 359
531 491
532 593
533 594
534 494
535 497
536 530
537 499
538 502
541 500
543 505
544 507
545 310
546 506
547 513
548 514
549 335
550 519
552 517
553 518
556 516
559 525
560 343
562 528
563 529
564 521
565 527
566 344
567 345
568 531
573 538
577 536
580 546
581 390
582 392
594 554
601 72
603 595
613 365
619 787
621 514
623 652
625 653
626 584
627 587
628 588
629 488
630 591
631 592
632 593
633 594
634 597
635 599
637 598
639 600
641 507
642 512
644 603
645 604
647 601
648 515
649 605
650 287
651 609
652 607
653 610
655 522
656 612
663 616
664 618
665 620
666 621
668 623
669 624
671 626
672 622
674 627
675 628
679 629
682 685
686 563
697 493
706 697
707 655
708 658
709 657
710 656
711 590
712 660
713 661
714 659
715 706
718 663
719 662
722 665
724 666
725 668
728 669
729 670
730 671
732 673
733 674
735 675
736 677
738 678
740 680
742 681
743 682
744 684
745 683
750 125
751 126
756 140
758 701
759 700
760 707
761 709
762 710
763 753
765 713
768 716
769 717
770 715
771 719
772 718
773 613
774 721
775 722
776 723
777 724
778 727
779 726
780 728
785 776
787 749
790 752
791 781
792 753
794 711
795 712
796 754
797 755
798 756
799 776
800 757
803 760
804 762
805 763
806 761
807 725
808 765
810 685
816 747
817 779
818 783
820 784
823 785
824 787
825 764
826 792
830 804
831 805
832 806
835 789
836 807
837 808
838 790
839 791
840 810
843 677
845 816
846 817
847 818
848 819
849 820
850 822
854 829
855 830
856 808
