7.199714 270.402130 2.054059 -1.492566
8.738758 377.824432 1.886626 -4.114093
10.275392 348.407471 2.209356 -4.519422
11.451471 275.198669 1.990367 -1.130271
10.754986 457.830414 1.903410 -0.092017
12.261272 395.168243 2.187533 -1.539051
17.177549 382.614777 1.972906 -4.551852
17.794102 305.836792 1.912740 1.396781
17.794102 305.836792 1.912740 -2.353387
32.770954 117.224915 1.831496 1.174639
32.770954 117.224915 1.831496 -1.247273
33.557259 20.448486 2.579151 -1.016372
33.557259 20.448486 2.579151 -3.368193
36.551788 56.919670 1.848092 1.248350
38.756882 120.790016 2.188219 -3.208619
43.053349 108.065033 1.907511 -2.128734
49.090286 583.372803 1.917335 -0.846787
50.357655 110.808609 2.003458 -1.491911
50.357655 110.808609 2.003458 -2.869582
54.453064 28.021254 2.006148 -2.238119
54.453064 28.021254 2.006148 -3.958802
53.622894 587.702148 1.761407 -0.904709
55.081581 35.569172 1.757222 -3.929809
54.571659 239.513062 1.917370 0.047085
54.571659 239.513062 1.917370 -1.919947
56.002262 107.085182 1.845273 -3.066075
57.383358 170.563568 2.386105 -0.571697
58.540783 455.531006 2.158180 0.347688
58.964203 614.806702 1.888117 0.712191
58.964203 614.806702 1.888117 -1.735720
61.411537 366.196716 2.126448 0.036334
61.084877 373.399384 2.152878 0.013136
65.180428 405.848938 1.794091 -0.071555
65.180428 405.848938 1.794091 -2.476741
78.131699 382.403809 2.278523 -4.671132
80.960487 177.751648 1.918281 -1.698669
86.339584 427.737671 1.926219 -1.894388
86.766594 622.432861 2.274610 -1.630263
87.226433 109.349586 1.997444 -2.090802
87.231178 232.095337 1.969573 -4.528657
87.005043 314.880707 2.001061 -2.938233
87.362282 454.211121 1.859710 -2.368199
87.362282 454.211121 1.859710 -4.545821
94.536087 109.397667 2.263354 -3.124836
93.820129 254.958801 2.023633 -1.808240
93.725174 454.069397 1.951544 -2.024695
93.725174 454.069397 1.951544 -4.042832
94.293671 93.285759 2.185612 -1.907895
95.429901 222.527115 2.034139 -1.259474
95.856194 133.120422 1.882810 -4.463558
102.194206 11.677730 1.980240 1.262825
102.758698 521.322266 2.000484 -0.837690
102.758698 521.322266 2.000484 -1.619836
104.425667 625.847290 2.087393 -1.770429
112.127090 309.389832 2.370783 0.166371
114.444298 71.709099 2.017958 -4.209609
114.342834 561.632202 1.929164 -1.674488
114.522354 567.428467 1.960293 -1.689678
117.915245 588.329956 1.872688 -2.325848
117.915245 588.329956 1.872688 -4.678446
120.472229 32.784058 1.753223 1.471470
121.686096 456.509857 2.057285 -2.965744
125.270638 407.964355 2.037270 -0.018037
125.033157 560.385315 1.839950 -1.669929
129.953644 439.327911 1.861926 -0.197388
131.444901 11.018120 2.399033 -3.222296
132.435394 89.990562 1.915214 1.316387
132.745163 597.091980 1.858601 -1.942034
135.795959 118.409470 2.226742 1.556379
135.795959 118.409470 2.226742 -0.892179
137.725967 350.840759 2.143167 -1.662167
140.893692 58.898041 1.823600 0.000221
141.191177 100.662758 1.966886 -4.631248
142.144577 4.720004 1.909658 -0.053226
143.003983 114.663200 1.807542 -2.449641
154.592896 147.033829 1.992600 -2.566546
154.592896 147.033829 1.992600 -3.847640
160.616287 131.931000 2.166034 -2.782774
160.616287 131.931000 2.166034 -4.583955
168.724960 13.567173 1.837855 -0.212657
169.260254 121.208984 1.898937 -4.428507
170.280533 106.567612 1.913720 -4.123130
171.729019 557.673401 1.720702 -1.606828
173.947372 60.901577 2.080090 -2.085844
180.898468 431.988739 1.932451 -3.279247
181.312393 572.666870 1.821537 -0.991629
181.321732 596.779053 1.844206 -1.386298
185.176788 394.763367 1.914163 -3.171625
186.362549 312.871826 2.002909 -1.518355
185.625931 402.174225 1.937409 -3.062316
187.341080 619.862854 2.052316 -1.511708
190.207153 16.753826 1.877739 0.294280
191.913803 451.338348 1.984916 -4.571395
194.054581 501.031586 1.896066 -1.357634
195.928604 542.241028 1.886780 1.223527
198.488907 559.537231 2.015544 -1.502917
199.128708 26.901224 1.935839 -0.168905
199.128708 26.901224 1.935839 -1.565011
198.869217 50.509403 1.858283 -1.983741
204.159409 98.060715 1.905822 -3.383525
207.048889 558.466553 2.467183 -1.594799
212.468430 256.030304 2.190442 -4.215933
213.049362 499.740112 1.930810 -1.500703
213.727020 428.375580 1.895032 -0.305612
213.727020 428.375580 1.895032 -1.443737
215.552277 43.060886 2.176193 -3.181879
218.095566 274.729492 2.128613 -4.006183
218.754349 347.143127 2.182168 -3.341082
218.901184 369.692627 2.186580 -1.613459
218.901184 369.692627 2.186580 -2.890049
220.362244 89.372795 1.980408 -3.507799
219.850906 477.342346 2.150526 -3.042896
221.031479 41.033939 2.057913 -3.213075
226.377228 149.310562 2.386862 -1.936334
227.509155 58.271889 1.804911 1.504654
228.323990 279.118164 1.888024 -1.293925
228.323990 279.118164 1.888024 -4.179321
230.147919 573.032654 1.824216 -1.241988
232.633163 86.978500 2.143413 -3.634812
234.023590 123.656708 2.034081 -2.774970
234.421661 578.355164 1.780709 -1.516972
237.208038 514.846191 1.960862 0.868896
238.276199 79.218117 1.954288 0.228766
238.276199 79.218117 1.954288 -3.698109
237.754379 283.280670 2.072982 -0.662128
237.754379 283.280670 2.072982 -4.462697
244.217896 93.300018 2.613185 1.489301
244.217896 93.300018 2.613185 -3.403191
246.528732 584.654663 1.907782 -1.508512
249.558853 631.014160 2.198045 -1.251639
250.590057 416.325745 1.988045 -1.855737
253.297913 43.062084 2.067998 1.321639
253.952972 27.958029 2.153237 -2.012407
255.544479 112.623459 2.052287 -4.340165
258.052582 267.409119 2.268277 -1.705638
258.051147 519.497253 1.745957 1.417573
259.375977 74.525063 2.065203 -3.475190
259.375977 74.525063 2.065203 -4.672241
260.026398 273.205780 1.950574 1.539016
261.021759 293.695404 1.941529 -3.714806
264.313934 299.802765 1.958311 -3.284551
264.894073 628.019226 2.173989 -2.760377
266.076385 146.088104 1.857470 1.522178
265.962494 582.191284 2.299368 -2.774629
267.576874 197.102081 1.962948 -3.121953
270.923462 75.987610 1.871936 0.231976
270.923462 75.987610 1.871936 -4.635747
278.056580 49.886986 1.703336 -3.765139
275.117706 108.321953 1.905488 -4.531116
274.993042 282.400238 1.896608 0.984575
276.063568 228.424973 2.036336 0.824361
277.165497 271.704529 1.949741 0.518131
276.920990 292.056885 1.944696 0.868533
277.274811 418.550720 1.856141 -3.816068
281.743683 516.675598 2.049081 -3.922146
284.558075 145.920639 1.998004 1.554833
286.429230 513.513977 1.974089 -4.438494
288.103180 247.376007 1.906395 1.424864
288.250732 520.859741 2.176981 0.963451
288.250732 520.859741 2.176981 -4.184300
289.050262 484.254059 1.804327 1.160952
290.913452 33.886032 1.904186 -4.329668
292.078369 100.832169 1.981349 -4.609805
293.822510 310.623108 1.807642 0.592959
293.968964 613.913757 1.844854 -3.397362
295.762360 44.148296 2.103900 -1.621112
295.762360 44.148296 2.103900 -2.796181
295.855225 80.381241 1.696316 -4.136135
296.606354 447.126282 1.941896 -0.580704
299.017609 253.455673 2.241177 -1.526026
299.017609 253.455673 2.241177 -4.580913
299.627380 469.246460 1.958931 -0.339636
300.437012 529.241028 2.056774 -4.042088
301.590454 83.798523 1.858153 1.435672
301.724579 151.001770 2.127542 -4.613469
302.904266 50.189583 1.865105 0.928615
303.448914 305.081360 1.922748 1.366939
304.431213 161.421844 1.903580 -4.431460
307.173004 39.466595 1.611157 -2.527059
307.075348 290.750244 2.040302 -0.239124
306.989777 418.131683 1.909262 -0.513713
307.371796 456.955933 2.026330 -0.453484
307.225037 539.044922 1.890290 -3.880500
309.561829 173.809036 1.744966 -1.315172
310.160553 32.793129 1.825912 1.349442
309.746918 82.204010 2.053172 1.243283
309.642029 284.029999 1.995291 1.025508
310.317932 308.048401 2.098074 -4.334160
311.708557 53.998543 2.062311 -4.489214
311.749664 103.196617 1.942811 -4.605744
314.253448 157.657394 2.044374 -4.651048
314.572479 555.135437 1.907873 -1.356383
314.572479 555.135437 1.907873 -4.443128
315.654785 235.550064 2.130081 0.733397
315.654785 235.550064 2.130081 -4.272741
316.529327 447.004761 1.924554 -4.462096
318.122314 331.670013 1.863936 -3.296698
318.222137 403.203705 1.988297 0.865562
322.119629 93.208206 1.955783 -1.677406
321.986603 470.180878 1.990788 -3.766557
323.156830 443.213684 2.002784 -2.567046
326.873413 296.958527 1.945985 -3.338351
329.202332 65.943855 1.812972 -4.688983
328.891693 224.104233 2.209209 -3.481886
329.884827 30.295769 1.922985 -4.230525
331.081024 92.134750 2.150298 -1.891564
334.066650 81.697411 2.149390 -2.996810
334.077698 211.480545 2.135005 -3.471947
334.824890 150.745483 1.957791 -4.313906
334.762207 330.185760 2.025783 -3.189953
337.485382 97.013161 1.925595 -2.171191
338.015564 391.427338 1.817499 -3.224661
337.595001 615.798767 1.862459 -3.768691
339.410767 145.627563 2.232132 -4.363903
338.946014 562.762695 2.097227 -4.322219
339.612640 456.245544 2.360759 -3.144940
341.017151 473.692444 1.807422 -3.081428
341.173004 484.914856 2.164226 -3.240530
341.735840 498.265839 1.977823 -3.256628
343.897064 555.543762 2.285248 -3.088073
346.048431 137.002884 1.923556 1.557563
346.048431 137.002884 1.923556 -3.349617
345.886139 307.121124 2.103842 -2.830886
346.631561 32.423985 2.076519 -4.063836
347.612549 70.044014 2.109690 1.189932
347.612549 70.044014 2.109690 -3.834200
350.539001 204.784622 1.930549 -0.311577
355.456696 127.396591 1.955955 -4.517127
356.264465 485.155640 2.271839 -0.006775
358.709381 213.666611 2.046518 -1.542098
362.003906 290.059509 1.974385 -0.170451
362.188385 589.064087 1.997791 0.421396
363.708374 119.303238 2.445460 1.518343
365.754028 109.053902 1.992915 -2.260872
366.177063 463.883972 1.862248 -0.033214
370.041321 80.037819 1.822989 -1.507769
370.492767 136.807159 2.024731 -4.500029
369.807770 443.201935 2.152835 0.164585
370.810425 372.050507 1.915299 1.397977
370.810425 372.050507 1.915299 -0.035095
371.006378 475.302002 2.038243 -0.026763
373.208832 356.591278 1.747481 -1.714569
378.423553 356.595428 1.667789 -1.653801
379.591705 526.968872 2.081573 -0.102749
379.591705 526.968872 2.081573 -1.624691
380.467682 554.488586 2.073916 -1.167004
380.425110 10.503817 2.210235 1.349574
382.700134 71.131187 2.094340 -4.232008
385.172913 387.460449 1.678399 1.362267
383.800049 418.119415 2.052820 -4.022607
391.483185 384.371857 2.064806 -4.317275
392.887085 462.530579 1.924579 -3.408884
394.468201 100.035194 2.120595 -2.009659
394.528168 200.078369 1.817530 1.149677
398.779816 79.220108 1.842237 -2.566547
400.478943 25.627884 1.970210 0.821510
400.478943 25.627884 1.970210 -4.640382
402.703278 113.831596 2.145078 -2.145028
405.711639 196.254761 2.062570 -4.488009
410.301941 463.961670 2.095524 -0.194496
413.392487 302.079437 1.888855 -2.807176
413.125732 424.831360 1.899460 1.017707
413.125732 424.831360 1.899460 -4.403999
413.981689 19.358761 1.941079 -4.325702
414.445465 195.653915 1.888324 -4.676895
413.446472 437.997589 2.057330 -0.889205
415.584351 132.679352 2.696938 1.424638
418.685760 454.474335 2.067394 -3.347869
419.246490 545.722412 1.977488 -1.882698
420.980164 18.232830 1.769785 -2.568327
420.980164 18.232830 1.769785 -4.384392
421.636566 430.748718 1.708895 -3.302167
6.914369 417.839355 2.553548 -1.536006
6.914369 417.839355 2.553548 -4.682817
8.537308 245.112595 2.185616 -1.783942
11.472733 264.882355 2.536370 -1.313557
12.608649 257.843842 2.385231 -1.365934
12.608649 257.843842 2.385231 -4.430810
16.928127 389.257538 2.702192 -1.488736
18.471046 374.645966 2.478163 0.775720
19.962614 231.333832 2.200066 -1.044160
19.166862 360.373535 2.633603 0.935537
19.166862 360.373535 2.633603 -1.426857
25.189045 398.066895 2.732124 -3.134745
26.554531 30.689516 2.233215 -1.082203
29.671368 156.765991 2.644928 -4.102563
39.641609 50.431648 2.433692 1.345462
43.427227 138.724045 2.794908 -3.003388
50.464062 128.614594 2.326842 -4.508963
52.313469 143.969040 2.278341 -3.036343
54.209675 510.605133 2.255106 -0.186198
54.209675 510.605133 2.255106 -1.300834
54.458508 609.793457 2.845730 -1.244972
56.001896 596.669556 2.615315 -1.108998
57.911949 489.128204 2.654995 1.321040
59.420918 472.263763 2.385510 -1.813869
60.470573 635.466553 2.389870 -1.439431
63.490776 335.403290 2.625775 -1.245659
75.303711 453.841522 2.501213 -4.442598
76.290565 338.738129 2.587775 -1.340958
79.426773 398.528259 2.595848 -1.487315
80.316040 367.550507 2.685746 -0.076944
80.144661 375.626740 2.806911 1.511251
80.144661 375.626740 2.806911 0.156574
80.219055 406.862244 2.299004 -1.594644
80.219055 406.862244 2.299004 -4.573192
85.368370 149.513657 2.496987 1.211022
84.919456 420.787781 2.555622 -2.005642
84.919456 420.787781 2.555622 -3.228453
87.455399 567.471985 2.412768 -1.600156
88.074036 340.926239 2.704308 -1.496246
88.001106 628.697632 2.362739 -1.569952
91.871391 148.849228 2.666652 1.181850
91.871391 148.849228 2.666652 -4.009286
103.673378 381.604767 2.859308 0.041375
105.558235 429.657349 2.339114 -4.704516
111.599609 345.175079 2.631928 -1.149812
111.925880 129.084686 2.303286 1.513724
116.395546 146.553070 2.435057 -4.540313
117.628288 160.541458 2.860733 -1.943406
117.685608 223.442398 2.377296 -4.204956
119.298164 619.267334 2.573901 -1.500304
120.747757 519.380493 2.265998 -1.879209
120.425728 271.928162 2.655509 1.129423
120.425728 271.928162 2.655509 -3.147137
120.837662 525.922363 2.320037 -1.807440
123.456635 427.766663 2.259685 1.081685
123.770470 566.397095 2.424804 -1.708843
124.948845 157.588669 2.832853 -1.990937
125.657349 347.955841 2.803313 -1.467419
127.093529 215.154388 2.464496 -1.909872
128.789764 249.741745 2.377144 -4.202859
131.484772 590.640625 2.679006 -1.824925
142.784271 162.598663 2.619821 -1.966047
143.946365 241.766449 2.695574 -4.130973
143.704285 256.344116 2.718150 -4.043675
143.583084 281.679260 2.821236 -3.214735
150.268219 124.586304 2.496277 -4.577241
156.077972 247.304840 2.475141 -1.361344
156.077972 247.304840 2.475141 -4.193759
155.620392 541.551392 2.671001 1.316901
162.281265 35.050854 2.468205 1.180742
163.026657 257.143097 2.847042 -0.598943
165.769821 525.907593 2.646860 -0.212593
165.769821 525.907593 2.646860 -1.537957
168.184525 252.391220 2.367237 -0.642796
168.184525 252.391220 2.367237 -4.570639
170.646744 240.082108 2.254762 1.221766
176.681229 622.267639 2.467000 -1.650749
177.577759 498.155823 2.340861 -0.981436
179.796921 406.668793 2.474929 -3.149631
183.038330 335.203094 2.343603 -1.091545
186.941864 274.027802 2.379160 -4.486788
187.070251 465.557861 2.658663 -1.484495
187.512894 477.797363 2.599192 1.275137
187.512894 477.797363 2.599192 -1.297831
187.551208 375.683929 2.260126 1.569310
187.884613 633.607483 2.728044 -2.004881
197.255783 377.624817 2.586937 -4.540343
198.835495 81.208611 2.358240 -4.540439
201.906189 409.358246 2.716288 -3.084042
202.007904 427.246124 2.603067 -3.169428
203.119049 446.575195 2.517432 -4.582440
210.648376 379.406891 2.401117 -1.183714
210.648376 379.406891 2.401117 -4.525508
218.031113 287.084900 2.334514 -3.759573
217.731400 307.699036 2.752786 -2.883984
219.746902 512.515869 2.561192 -2.576530
221.366394 72.467850 2.456210 1.524320
222.835617 282.752472 2.628791 -3.772993
223.566330 375.686401 2.619492 -2.246997
223.566330 375.686401 2.619492 -3.740118
226.643997 84.325264 2.439836 -3.643573
227.620331 195.688828 2.505398 -2.149561
227.758194 609.004639 2.344703 -1.796419
234.180267 287.947784 2.285033 -0.434910
235.278793 147.653290 2.569571 -2.050474
234.912018 176.431870 2.735374 -4.305764
236.055145 41.027489 2.318873 -1.978743
240.251099 385.056549 2.840015 0.156174
240.778488 409.498505 2.680482 -1.674878
241.236084 450.643921 2.523991 0.009457
244.361252 74.943710 2.456762 0.175819
244.361252 74.943710 2.456762 -3.519264
244.355057 103.192680 2.496707 1.483887
244.355057 103.192680 2.496707 -2.832356
247.580704 436.067902 2.458944 -4.341521
248.785980 399.721985 2.202451 -1.870506
252.020981 35.145771 3.184595 -1.955252
252.317154 428.690796 2.622680 -4.131908
256.844360 141.280350 2.547546 -1.956243
263.237152 188.897919 2.591565 -3.034899
264.856689 501.521637 2.578035 -2.951162
267.064606 204.563095 2.213198 -1.226881
268.207397 440.322784 2.468598 -3.371538
275.254883 67.288956 2.258272 -4.374409
275.366669 569.471741 2.535077 -3.417127
278.072235 156.513443 3.028737 -4.512868
278.318817 562.924500 2.349947 -4.344010
279.978699 196.471680 2.560111 -2.022737
279.838013 543.002197 2.345439 -3.218540
281.267731 44.444122 2.462936 -3.909004
282.381073 297.274048 2.634602 0.428319
282.163513 548.385437 2.324322 -1.372677
282.866516 189.087509 2.437276 -2.049553
283.813690 289.575745 2.630733 1.082673
286.745178 39.426411 2.810010 -4.245707
288.752441 90.594772 2.544818 -3.430578
291.161987 503.945740 2.514754 1.302407
294.255157 550.976135 2.371548 -0.916926
298.348480 422.053436 2.531270 0.258110
299.515503 143.705933 2.612640 -4.626161
300.448212 266.970184 2.527174 1.248856
301.665222 68.402618 2.932044 -4.280325
304.145508 314.084442 2.710801 -1.547856
308.917755 11.940648 2.356431 -4.563186
309.541199 270.650452 2.321672 1.259822
313.296082 70.599625 2.430467 -4.666479
312.218567 195.803955 2.527217 -3.755243
314.338928 415.117920 2.595491 -0.378876
319.194977 107.740211 2.851240 -1.865153
319.906464 527.813293 2.666301 1.378871
319.906464 527.813293 2.666301 -2.795411
320.631897 270.367249 2.367094 1.331456
321.756500 305.097321 2.474849 0.557373
321.756500 305.097321 2.474849 -2.252047
322.964508 128.752197 2.293137 1.444926
323.664032 80.955063 2.653571 1.432723
324.941833 519.419800 2.509848 -3.456887
328.627045 198.512070 2.378775 -3.805858
328.956268 561.748230 2.722800 -4.317757
331.399048 137.041534 2.311234 -4.538828
332.150757 276.358246 2.398067 -3.210604
332.937256 300.436615 2.596758 -3.188546
333.088745 311.112915 2.638512 -2.862494
335.263214 341.390045 2.252062 -3.151876
338.654114 275.484619 2.794054 -3.264727
340.701416 9.152140 2.557235 -4.692953
356.970825 36.539104 2.395205 -4.038951
361.500671 273.456543 2.993054 -0.295034
364.003876 5.806373 2.894923 -4.524762
369.981628 590.435852 2.415126 0.005106
371.728271 210.584625 2.574229 -1.717213
377.057556 45.800438 2.680078 1.487593
382.157990 470.263031 2.432280 -4.475312
383.757172 42.509007 2.698142 -4.677453
383.034210 139.728439 2.338292 1.489824
384.210297 74.609581 2.639132 -4.295916
384.454102 118.892593 2.469470 -4.365949
386.691071 240.360992 2.705531 -1.488903
386.926758 519.034363 2.811827 -1.774193
388.018982 112.158295 2.422011 1.209769
387.926514 398.293091 2.356273 -1.689324
389.883240 133.708527 2.546012 -4.486367
390.010376 496.511261 2.528686 -2.061460
391.776367 31.876724 2.516934 -4.571812
392.713501 312.757050 2.406679 -4.321742
397.043701 107.776306 2.812765 1.372640
397.043701 107.776306 2.812765 -2.142525
399.133087 253.046188 2.778978 1.392708
399.133087 253.046188 2.778978 -1.578122
399.440216 404.923645 2.372221 -1.741262
399.880341 422.406189 2.582290 1.561290
404.407074 123.266487 2.965674 -4.598372
403.860168 352.673706 2.610489 -1.470103
410.346069 65.959984 2.479439 -2.386619
410.790619 335.199280 2.693913 -3.314549
413.095276 203.197495 2.653874 -1.731393
412.568359 359.562195 2.733533 -3.181830
416.044617 591.459412 2.820076 -2.247940
419.101471 62.159397 2.354136 -2.617166
420.472839 38.640869 2.284437 -4.625899
8.250702 361.620972 3.014140 -1.682909
7.046279 388.351898 2.980909 -1.586536
7.443798 40.978916 2.860750 1.413525
14.292057 404.373657 3.120596 -1.306381
13.761468 425.156769 3.493831 0.316060
14.846642 411.830109 2.982596 -1.282981
20.076921 493.358917 3.223718 1.487653
22.878525 447.351074 3.236367 -0.443537
22.878525 447.351074 3.236367 -3.010230
26.717096 351.100098 3.074939 -4.209371
29.754562 278.707336 3.411332 -1.498744
32.490738 18.870586 3.147187 -1.052352
32.490738 18.870586 3.147187 -3.667052
32.827209 557.532410 2.957850 -2.343769
32.804604 583.171265 3.113832 1.212207
40.999023 188.056900 2.973036 -3.372426
43.427090 339.529388 3.241831 -1.382026
43.427090 339.529388 3.241831 -2.726530
54.992989 202.526260 3.002544 -4.436792
57.734341 170.557770 2.921630 -0.699158
59.708004 435.859070 3.530233 0.066710
61.389263 420.761108 3.308426 0.068811
63.014004 357.256866 2.952783 -4.656581
64.318115 224.149918 3.012751 -4.261636
65.729935 446.161438 3.260047 -1.667316
66.630653 627.936707 3.109016 -1.351930
73.589401 469.415009 3.134391 -1.855795
78.715988 623.889282 2.885863 -1.593753
81.660721 180.551071 3.588100 -1.604943
82.605682 329.367218 3.267183 -4.470616
93.025604 438.944214 3.371784 -1.492006
97.446274 614.887207 3.193104 -2.099010
99.168335 389.642975 3.046647 -1.744897
103.478615 574.930786 3.177700 -2.063972
103.500664 372.588287 3.273776 0.076170
110.235176 437.027771 3.544010 1.461888
110.235176 437.027771 3.544010 -1.699010
112.847748 118.895851 2.952873 0.112385
113.073647 310.553497 3.276968 0.217920
113.073647 310.553497 3.276968 -4.679140
113.202866 502.307648 3.130295 -1.679770
119.245308 465.357178 3.129244 -1.857204
126.093895 291.818085 4.068968 -1.329915
140.274948 531.450806 3.080564 -2.164973
143.320663 282.297577 3.025954 -3.211835
142.536911 297.456299 3.387519 -1.458023
144.204727 25.200607 3.311788 0.068522
143.546341 37.855377 3.019007 -0.012250
160.605652 533.846069 3.175346 1.065805
164.593750 221.666107 3.678853 -1.491749
167.098801 24.436588 2.950686 1.283443
168.631439 472.223816 3.600846 -0.109799
168.897720 68.797806 3.243250 -2.113653
169.447372 79.353569 3.241122 -3.159557
168.961716 398.973755 3.014614 0.041481
169.236359 267.995209 2.977509 1.244253
169.236359 267.995209 2.977509 0.652670
179.865952 505.373474 3.386204 -1.036481
185.799911 10.096818 3.393782 0.095850
187.421616 274.756470 2.702103 -4.537297
197.387238 95.749954 2.846644 -3.986012
209.619766 113.479683 3.142900 -4.195682
209.759308 388.733429 3.447279 -1.119297
210.550644 567.374634 3.451253 -1.657487
211.110153 544.369141 3.631860 -2.218416
213.852875 20.711613 3.131749 -2.934441
213.668335 127.367752 3.117500 -2.541276
213.668335 127.367752 3.117500 -3.362471
239.966919 206.109573 2.792450 -3.902288
244.337357 629.775757 3.329156 -1.854491
244.406311 93.369873 2.949782 1.561057
244.406311 93.369873 2.949782 -3.671250
247.358627 56.387535 3.010699 -4.375800
246.574295 458.395660 3.205830 1.519638
262.152466 404.287933 2.900273 -3.272830
264.270386 629.768311 3.103221 -2.616739
277.383667 628.473816 3.545677 -2.799476
279.655792 94.859711 3.183978 -3.515170
283.738800 232.172379 2.936535 0.864197
284.486298 216.536133 2.950591 1.419287
290.365387 271.875214 3.429360 0.930199
290.961334 436.937195 3.040687 -0.489093
295.465607 300.419830 3.058693 0.669318
294.841980 549.019043 3.152751 -0.869038
298.319550 77.753677 3.574161 -4.203893
299.385437 502.395844 3.892190 1.164986
304.863464 127.954613 3.166528 -2.045334
308.994202 354.992584 3.478047 -0.217823
311.157654 471.301056 3.046283 -0.313291
310.847351 505.618256 3.204633 1.341248
327.346771 345.869415 2.961327 -3.293127
329.351135 250.048767 3.309734 -3.394477
337.379181 249.816315 3.094748 -3.367691
341.509460 337.141693 3.338953 -3.179728
344.272614 613.093689 2.964700 -0.919330
346.503113 98.539940 3.152535 -2.103678
347.196869 50.153248 2.909110 -4.155342
352.837341 24.278358 3.038057 -4.081610
360.055878 243.198074 3.580528 0.075332
360.055878 243.198074 3.580528 -4.093278
368.040131 579.346008 2.888441 0.247011
371.995941 290.406250 3.111243 -0.994769
382.198120 297.216614 2.927529 -1.067502
386.571594 528.568909 3.005007 -1.811316
388.940369 478.407623 3.676597 -3.676513
391.241730 303.656311 3.344290 -0.967624
406.434601 105.804993 2.852972 -2.411239
414.908295 110.391724 2.854238 -2.436040
415.348602 633.474731 3.398554 -2.533747
417.980652 477.277100 3.304677 0.413778
417.573120 574.362732 3.391984 -4.367423
15.928302 558.528198 4.129509 -2.279999
16.281754 58.454395 4.248394 1.242075
21.710228 390.047180 4.133788 -3.133337
33.014732 344.642761 3.684887 -1.838623
33.014732 344.642761 3.684887 -3.918244
38.001282 595.298950 4.130244 -1.373429
40.326912 563.425476 4.181455 1.172353
42.070141 227.444687 4.126241 -3.088084
42.091625 619.517395 4.214014 -1.818304
48.771595 550.343689 4.093507 -0.155816
61.626652 297.252350 4.074203 -4.599098
63.697426 508.818268 3.949891 -1.502573
66.195999 446.478729 3.476938 -1.684195
69.934921 325.447388 3.815537 1.568604
80.904243 445.626465 4.363956 -1.670404
87.553818 235.021637 3.949626 -4.514795
91.592445 362.553223 4.244043 -4.592859
108.675591 593.724915 4.423457 -1.897189
112.220230 273.298492 3.604630 -1.226034
112.910263 405.548828 3.828273 -0.849343
112.910263 405.548828 3.828273 -2.638782
122.809898 418.147675 3.928248 0.170898
129.950699 212.756760 3.792851 -2.022186
134.723221 388.175873 4.275918 -3.189892
137.274673 135.121414 4.082040 -4.573620
135.823822 369.564362 4.408772 -4.137033
141.988342 296.850342 3.598168 -1.507663
146.344788 384.017303 3.657924 -3.248709
169.502319 312.640808 4.221272 -0.166536
169.712540 457.226868 4.057030 0.017362
169.652451 470.979889 3.983243 -0.138741
209.289200 388.947205 3.590715 -1.130879
210.002609 53.688484 3.894954 -2.004317
216.761932 399.489624 4.137130 -0.864591
216.761932 399.489624 4.137130 -3.031508
231.850494 4.661889 4.370284 -0.346620
232.065353 34.129929 3.985725 -0.439905
232.065353 34.129929 3.985725 -1.883796
232.574997 587.299683 4.461889 -1.616242
237.054443 205.282700 3.757664 -3.954238
240.242310 195.172699 4.063281 -1.203671
241.446777 347.501801 4.250905 1.056640
241.446777 347.501801 4.250905 0.277282
243.772308 501.977936 4.691596 -0.266653
256.748596 98.195869 3.919947 -4.171774
261.045013 445.292755 4.186729 -3.152188
263.061676 487.897797 3.966909 -3.095269
262.145172 497.440765 4.923898 -3.009234
275.808594 62.982197 4.274392 -4.205464
295.539795 543.774170 4.329694 0.122428
295.539795 543.774170 4.329694 -0.582513
295.539795 543.774170 4.329694 -4.605634
298.979614 501.853546 3.429659 1.154676
301.676422 231.116165 4.207561 -4.649432
309.295135 311.340973 4.101975 -1.997373
309.295135 311.340973 4.101975 -4.503433
319.479767 121.073997 4.294961 -2.060691
329.183624 249.856369 3.360572 -3.466703
339.298126 107.665962 3.781528 -2.178920
348.105438 603.832947 4.112078 1.442651
360.399933 176.883591 3.855336 -1.626147
361.225006 245.764114 4.422734 0.086166
361.225006 245.764114 4.422734 -4.120921
363.230194 17.610294 3.940833 -4.337696
362.755585 272.313446 4.073189 -0.273399
376.435455 434.651276 3.714344 0.674881
388.804962 478.380920 3.697348 -3.758219
12.364200 483.199493 5.107390 1.407383
19.393017 69.121918 4.891676 1.298066
21.858932 331.939148 4.756871 -1.606626
21.858932 331.939148 4.756871 -4.401487
21.489285 405.135406 4.640872 -3.104175
28.179766 607.844238 5.800607 -1.582125
42.130478 60.014988 5.157752 -3.560649
42.130478 60.014988 5.157752 -4.667503
46.213055 573.996460 4.532505 1.055376
60.878757 27.284964 4.967550 1.142808
60.878757 27.284964 4.967550 -1.327220
68.475616 272.228058 5.205536 -1.063546
71.155693 98.748322 5.484281 -1.827930
79.315262 386.622345 5.040728 -1.503612
88.144157 307.024933 5.557323 -3.579933
102.125824 334.241730 5.382685 0.123317
115.080727 313.123932 4.677599 0.283156
122.897484 392.018677 4.730803 -2.152051
125.550056 473.183350 4.681172 1.333243
138.307114 320.580261 5.439963 -3.572276
175.219772 396.369843 5.551025 0.038925
188.518021 102.965302 5.096367 -4.075669
206.075806 412.172333 5.439891 -0.897590
206.075806 412.172333 5.439891 -2.977407
209.414856 624.893494 5.138571 -1.860332
222.709335 109.072708 5.365625 -3.761129
228.204559 287.361084 5.271763 -3.527062
229.231400 357.931030 5.478323 -0.005785
231.059875 396.483490 5.467186 -3.109927
232.577057 539.946289 4.729985 -0.295290
242.737396 301.996307 5.244830 0.288135
242.737396 301.996307 5.244830 -1.424772
251.468491 420.850311 5.185809 -4.322577
252.180511 188.759674 5.037522 -1.140622
275.345856 552.194763 5.249555 -3.215121
307.493896 286.959625 5.283212 0.858438
340.154846 591.065430 5.173264 -2.541515
359.295868 98.870155 4.490222 -2.133468
375.168549 242.844635 4.995642 -4.040206
385.722656 251.592651 5.705910 -3.986904
386.929474 560.422058 5.101385 -1.103664
399.062347 97.967705 4.934077 -2.000665
397.385559 264.044464 4.840575 -3.963855
399.062347 97.967705 4.934077 -2.000665
403.792236 479.716003 5.243217 -3.821686
408.746216 275.083160 4.639829 -3.986101
8.369756 451.629944 6.561588 -0.931962
10.796376 482.618591 5.856119 1.418247
14.307020 498.811737 7.148280 1.507248
20.936365 437.832672 5.710648 -3.061530
23.498117 357.217102 5.819048 -3.554850
26.703434 183.924301 6.658257 -3.588496
58.216133 85.612297 5.955069 0.153131
58.216133 85.612297 5.955069 -3.362270
59.931503 283.899689 6.443502 -1.065293
65.596428 136.704865 5.764759 -4.511285
76.808105 512.261414 6.596869 -1.504763
93.497543 32.994972 6.516284 1.248004
100.003448 350.217590 6.901988 -4.662879
101.455544 508.442291 6.041412 -1.620528
123.530159 618.836975 6.233967 -1.739228
133.694016 428.942871 7.294264 -3.086316
137.927643 223.330063 6.775102 -3.964782
145.692123 105.292023 7.071649 -4.312301
151.314194 551.118225 6.465839 1.330603
159.556824 283.711700 6.711120 0.072136
159.556824 283.711700 6.711120 -3.114215
174.910233 419.624664 6.018194 0.090666
177.032288 381.441101 6.112303 0.353202
205.499161 434.035004 5.566234 -4.323125
206.393509 253.624268 6.190067 -4.182579
210.549667 584.356079 6.452683 -1.752473
228.847229 376.012207 6.145474 -0.426122
248.891678 271.286591 6.000802 -4.368143
251.488434 208.516724 7.189076 -4.488293
252.903641 227.543671 6.214285 -3.325294
252.903641 227.543671 6.214285 -4.546873
267.168945 240.337631 6.169365 -3.307168
298.403931 308.144470 6.792767 0.686615
296.595428 438.593323 6.462074 -0.426348
304.222900 112.352180 6.191835 -2.250091
316.492310 182.726547 6.705801 -1.439330
324.065399 617.272461 6.312666 -2.669420
329.987946 56.315670 7.230505 -4.601082
338.820160 544.199280 5.643724 -3.189664
361.429230 589.929382 6.278885 0.269357
367.452362 203.719177 6.917654 1.045129
372.908783 387.471771 6.633020 -0.218630
376.224579 453.111908 7.551383 0.142995
378.851685 539.461304 6.309176 -0.271782
390.990784 434.272430 5.866265 1.182932
412.787994 492.409943 5.705054 1.181607
12.769813 499.992188 7.903906 1.545625
24.070082 269.173157 8.909704 -1.481439
35.793957 514.198486 9.162951 -0.050447
51.355545 250.295593 9.249700 -0.018059
51.355545 250.295593 9.249700 -3.015831
54.619049 601.030823 7.249150 -1.055874
58.568909 496.593018 8.069183 1.223572
72.645676 268.929657 7.895548 -1.049120
78.067184 514.736511 7.303886 -1.489095
104.348694 300.237122 8.340617 -1.273634
116.449196 373.071045 7.698965 -4.629634
131.547882 489.234741 8.647059 1.422977
131.547882 489.234741 8.647059 -3.041058
152.625946 313.079620 7.774639 -0.333624
154.106049 532.724854 7.588241 -2.712068
203.260651 7.420771 8.859040 -0.224518
203.260651 7.420771 8.859040 -2.362803
225.484131 564.663879 7.977969 -1.668126
225.340607 615.316223 8.509912 -1.885450
230.991486 509.724792 7.863096 -0.428776
230.991486 509.724792 7.863096 -2.718059
249.364670 298.956573 9.498358 -3.435145
252.911194 442.168762 8.290794 -3.394332
304.958160 574.341736 8.640621 -4.311301
376.051544 453.572174 7.439332 0.202504
379.653290 538.807495 6.903922 -0.321775
381.949768 578.226807 8.023540 0.527171
395.193512 411.988129 8.544851 1.326935
395.193512 411.988129 8.544851 -1.715460
404.111084 337.872223 7.721697 -3.285580
404.111084 337.872223 7.721697 -4.516104
15.472075 147.892410 10.243616 -4.259700
16.876389 389.191254 10.281475 -3.089970
34.701370 559.741333 9.699825 -0.366002
34.701370 559.741333 9.699825 -2.774329
35.651508 96.250916 10.080515 -2.555197
47.089554 349.571930 11.135235 -3.315375
85.303444 160.105988 9.824009 1.503114
101.564651 415.268646 9.791489 -1.822357
127.399963 333.065948 11.254270 0.287158
127.399963 333.065948 11.254270 -3.209185
160.667770 46.471630 10.391262 -2.327786
203.074615 329.380951 9.879818 -1.855140
206.249023 356.940308 9.652817 -2.192411
206.249023 356.940308 9.652817 -4.444360
207.866547 466.471008 10.229003 -4.067144
229.692261 268.480713 10.508284 -4.084149
251.814117 358.890472 11.092642 -3.144704
254.125473 481.064148 10.892186 -3.220550
256.877167 532.198853 9.782112 -3.115029
295.215118 599.953613 9.856125 -2.735550
314.511932 339.961060 11.028996 -3.283137
328.037903 469.108795 9.363123 -3.124101
332.170837 24.805210 9.823125 -4.530063
366.119232 45.248638 9.969343 -4.426743
372.771454 269.341766 11.016183 -0.311707
372.771454 269.341766 11.016183 -4.040624
380.624603 483.711853 9.538714 -0.045360
393.014862 313.563995 9.414010 1.551943
401.594513 463.449188 9.501354 -3.864893
96.841690 113.121689 12.776846 -1.921216
106.623497 465.912659 12.895123 1.421728
153.431168 358.498840 12.158815 0.125852
153.431168 358.498840 12.158815 -3.628726
226.766891 328.650330 12.232080 -2.236265
226.766891 328.650330 12.232080 -4.311862
276.928925 222.284195 13.228958 -3.434379
275.150513 326.989868 12.652296 -3.337628
279.984100 106.622711 12.918924 -2.489001
317.987762 286.098419 12.333191 -3.362617
325.183044 416.270782 11.462626 -3.190325
333.534332 192.437561 13.023565 -1.341318
358.534943 550.573792 12.949875 -0.244720
97.523407 72.876801 17.983112 1.354320
97.523407 72.876801 17.983112 -2.122393
157.363815 232.893417 16.278727 -4.003884
197.525497 292.224274 15.842656 -4.172050
198.660645 471.233307 16.513100 -4.214204
205.122253 117.078529 14.848267 -3.875108
227.128143 48.666714 15.262557 -2.032252
253.088303 145.119278 14.436724 -4.158726
340.612732 82.705940 15.048333 -2.403976
355.597717 419.055420 16.219393 0.006526
385.959137 72.854683 15.277605 -2.219651
384.262238 344.380493 15.216040 0.008988
63.825890 189.594849 20.448835 -3.811637
102.046066 258.853210 21.434549 -1.301318
102.046066 258.853210 21.434549 -4.162119
334.869507 206.739517 21.707218 0.853474
59.816616 317.545898 30.574806 -1.574977
221.314011 483.883331 32.954739 -3.253129
317.111298 428.648804 42.455349 -3.236684
