5 355
8 107
40 409
56 288
57 10
61 488
63 16
64 10
71 27
76 31
77 32
85 40
88 45
89 99
90 46
91 41
96 588
99 59
101 54
103 427
104 61
105 62
107 65
108 465
109 576
110 577
112 63
116 71
117 72
118 418
121 66
122 74
125 78
126 79
127 342
128 343
129 80
131 86
133 159
135 94
139 97
141 104
144 92
145 106
151 357
153 357
155 110
156 132
160 123
180 841
192 614
201 155
204 159
206 391
209 396
211 170
212 162
214 420
215 158
216 165
217 162
218 390
219 165
229 398
230 180
231 181
237 384
238 184
239 190
241 185
245 414
246 195
252 204
253 215
258 431
259 216
261 583
265 216
268 217
274 469
287 521
293 418
299 529
310 604
317 486
318 285
320 290
327 286
329 290
331 292
335 297
336 493
339 301
340 302
342 310
343 306
344 303
345 304
346 308
347 309
348 500
349 307
351 312
353 320
354 315
355 316
356 317
357 319
359 323
361 324
362 325
368 329
370 334
372 333
374 335
376 77
377 635
378 82
379 521
380 518
381 339
383 238
386 345
388 85
391 635
392 352
393 96
397 354
400 127
401 355
405 358
412 132
419 539
421 382
424 379
426 380
430 385
431 158
433 161
435 386
436 162
440 409
445 413
447 430
450 419
453 202
454 420
455 661
457 422
458 584
459 432
460 425
461 426
462 209
463 423
465 427
468 433
472 484
507 485
513 284
514 487
516 491
517 492
520 495
521 496
522 612
527 497
530 498
532 320
535 507
536 618
542 512
543 342
544 343
547 347
548 522
549 524
554 527
556 529
559 374
561 536
564 541
568 545
572 549
573 546
574 550
575 416
576 414
577 554
578 555
582 561
590 496
593 303
603 601
604 602
605 603
606 490
607 689
608 691
609 688
611 606
612 693
613 692
615 507
616 697
617 620
618 621
620 629
622 623
624 630
625 627
626 628
628 710
635 644
640 647
641 541
645 651
646 652
648 409
650 554
657 36
665 690
667 682
668 685
669 686
670 690
673 694
674 695
675 617
677 699
678 701
679 704
680 698
681 705
682 706
684 709
687 714
688 653
689 719
690 721
691 720
693 724
695 723
699 769
712 771
713 773
716 739
718 740
719 741
720 696
722 742
723 744
724 708
727 745
728 746
731 748
734 752
735 751
736 754
737 757
738 758
740 717
741 759
748 777
753 768
754 769
755 770
756 775
760 779
761 780
762 781
763 782
764 804
766 786
768 717
769 787
770 788
771 789
772 791
774 794
775 843
782 818
783 819
784 797
785 799
786 800
787 801
789 802
790 805
791 803
792 784
793 806
794 807
795 809
797 691
798 810
799 811
800 812
802 790
805 795
806 796
807 821
808 822
810 823
812 808
814 824
815 825
818 826
819 827
820 841
833 843
834 844
