4.571380 471.978882 1.967609 -1.428813
5.599049 526.066162 1.954464 -1.644698
5.493591 572.598083 2.029615 -1.686779
8.068710 375.076447 2.023929 0.110638
6.631741 566.643982 2.491397 -1.733320
9.169560 13.719899 1.728436 1.568340
8.771873 595.089600 2.040382 -1.863427
9.642027 103.061722 2.218192 0.432722
14.405680 153.524399 1.639427 -1.740914
17.825937 564.484802 2.070370 -1.666589
19.271303 263.059601 1.894566 -1.826041
19.573072 72.235046 1.892837 -1.875477
21.974756 586.024048 2.175956 -1.664612
23.122416 432.707092 2.002178 -0.191134
23.122416 432.707092 2.002178 -1.492252
23.736368 406.065338 2.033034 0.015995
26.899117 519.538025 1.848324 -2.023449
26.899117 519.538025 1.848324 -3.450839
29.364346 56.068241 1.918822 -4.306874
29.125885 84.084366 1.800688 1.282476
29.684956 154.650040 1.975986 -1.888821
30.637892 289.636536 2.159511 -1.286747
34.879833 135.081284 2.002573 -4.354883
36.036964 118.269806 1.899731 1.414592
37.440266 256.987030 1.936743 -3.052373
39.352463 79.530037 1.984369 1.233454
38.884308 347.714966 2.177542 -1.637227
46.406445 174.314941 1.852141 1.480389
50.714489 134.236801 2.017437 1.512103
55.095730 559.931641 2.034830 -1.992642
61.709301 139.454453 1.986665 -2.404880
61.709301 139.454453 1.986665 -3.803798
63.666233 256.937866 1.986716 -3.701452
69.820938 143.025467 1.832748 1.341407
69.820938 143.025467 1.832748 -2.469486
71.262634 369.474365 2.059223 1.409519
72.851906 19.350794 1.738273 1.257797
72.888199 96.120857 1.948538 -3.901103
80.916496 146.363541 1.966566 -1.801140
81.290001 430.775482 2.054473 -3.240478
80.680016 623.518005 1.779564 -1.407114
82.243637 629.063110 2.272388 -1.505506
86.736023 89.776375 2.030669 -3.344080
87.480827 387.243042 1.854508 -2.860209
86.740387 393.013062 2.033872 -3.114945
87.173737 401.116455 2.062573 -3.047844
86.775925 409.612640 2.231145 -3.170011
89.183731 455.781250 1.824677 -4.575204
91.951759 51.200588 1.890813 -2.054744
92.496674 450.873291 1.986253 -4.323374
94.095398 115.353317 2.068498 0.842562
96.829788 538.206238 1.908051 -1.373005
99.898788 440.977417 2.179980 -4.020916
104.248932 559.788025 2.163506 -1.615013
105.471039 434.778015 1.740598 -4.170414
109.098183 170.022507 2.122036 1.570278
110.063606 58.916317 1.780198 -4.564378
112.388924 21.964134 2.199332 -1.010948
112.936577 44.720879 1.833495 -1.897214
115.169945 95.887100 1.928721 1.110885
115.537338 428.028137 1.998943 -0.217370
115.537338 428.028137 1.998943 -1.521817
119.834343 477.543823 2.122186 -3.030945
121.272461 58.391918 2.250781 -4.623669
124.315826 273.055695 2.134593 -3.962808
130.603912 578.723389 2.035806 -1.527817
132.954803 234.101685 1.776608 -1.635455
133.222641 54.787930 1.896905 1.077916
132.911255 86.779083 2.176586 -3.065503
132.925995 532.726746 2.070830 -0.044273
134.048203 277.714935 1.917306 -1.221761
134.048203 277.714935 1.917306 -4.136995
135.834122 147.188950 2.084210 -1.802466
136.171127 515.146790 2.040957 0.868506
136.775742 71.808830 1.909461 0.942255
138.432571 89.483475 2.208610 -3.063114
139.873001 286.538086 2.096013 -0.508146
143.473557 282.226746 1.972508 -0.547488
143.473557 282.226746 1.972508 -4.438687
143.639069 583.975281 2.005310 -1.597030
145.580841 85.138306 2.214462 -3.937567
146.750748 177.150696 1.962757 -4.238235
146.870972 540.169434 1.876710 -1.064701
149.274109 436.444580 2.254667 1.441892
151.864761 399.258026 2.207660 -1.928082
153.188614 415.995758 1.947814 -1.832088
155.036865 62.510620 2.228520 0.816443
155.036865 62.510620 2.228520 -4.172069
155.831436 109.477295 2.059199 -3.015457
158.094757 433.131042 2.147618 0.972181
159.636719 440.926971 2.125767 -3.557434
163.206894 581.417297 2.076060 -2.806399
164.060059 278.011902 1.932412 -4.230537
164.768265 267.481384 2.216380 -1.668357
164.818192 419.502197 2.256998 -3.132190
164.640549 501.887421 2.192266 -2.938476
166.012390 273.224182 1.924462 1.558519
166.075699 303.324005 2.056448 -3.129094
165.623779 376.713959 2.058382 -2.875659
169.080093 425.160797 2.096182 -3.469816
169.096054 450.187744 2.023985 -3.041349
168.886230 463.940369 2.014353 -3.323105
169.288055 554.648621 2.216577 -3.200680
170.063980 299.115204 1.824781 -3.194456
171.490097 10.415038 2.314320 -3.128373
176.197891 198.361298 2.005784 -3.051298
175.215958 503.359833 1.837591 -3.408508
177.604095 138.948975 2.178765 -1.820305
177.014771 522.961548 1.991001 -3.901251
180.113770 515.360474 1.852406 -3.792937
182.124374 104.849098 1.995758 -4.259097
182.904297 263.124573 2.046834 0.656179
182.904297 263.124573 2.046834 -0.884809
183.326370 271.863373 1.871663 0.915745
183.338150 392.133392 2.071969 -0.485460
183.401123 525.177002 1.763821 -4.127350
185.560440 137.430313 2.082979 -1.802052
185.634323 227.267380 1.925157 0.436034
186.125519 386.154114 1.821375 1.049957
186.125519 386.154114 1.821375 -0.488257
186.010025 483.433594 1.997652 1.192457
186.648239 167.326981 2.085576 -4.256885
186.639297 519.976379 1.946049 -4.151364
186.724640 604.428040 2.219629 -3.411481
188.504135 290.519287 2.057676 1.481652
189.219757 232.579803 2.189594 0.449585
190.000793 197.258209 1.951670 -1.936324
190.027435 263.138519 1.818900 -0.898528
193.108658 425.662079 1.892106 0.224912
193.904343 258.498901 1.892236 -1.014975
195.824478 38.810215 2.039798 -4.373352
199.369537 149.068695 2.276910 -4.552850
201.289246 92.832520 2.286577 -3.583166
204.349930 243.371368 1.969092 0.475703
203.875854 436.642578 2.068197 0.783461
203.875854 436.642578 2.068197 -0.286116
203.875854 436.642578 2.068197 -1.758072
205.290909 431.002502 1.873131 -0.433861
206.617813 296.077301 2.042244 1.368476
206.617813 296.077301 2.042244 -0.280316
206.847610 491.910919 1.877397 -0.664191
215.161850 82.240051 1.821165 0.718702
215.161850 82.240051 1.821165 -4.218076
215.830826 272.432953 2.185337 1.107624
216.279205 429.414551 2.139682 -0.455312
215.857178 599.518555 1.672076 -1.802927
217.125565 412.945557 2.040717 0.092890
217.252182 526.149292 2.078112 0.965564
217.563614 11.197577 1.903019 -3.906480
218.165955 18.784882 1.814969 1.416929
218.462830 587.121216 1.829082 -2.091862
218.637833 211.433655 2.245065 -4.679622
221.594467 255.867905 1.832229 1.134080
222.346588 429.174591 2.175200 -0.483222
222.109940 443.867554 1.880503 -2.485459
230.204071 210.772018 1.977822 -3.756032
230.502441 277.271332 1.907647 0.680232
235.399765 560.300293 1.983866 -4.338523
235.686981 229.206543 2.097262 -3.347176
236.405624 263.191132 2.146176 -3.299549
236.797119 279.110718 2.299449 -3.164175
237.940704 371.814667 2.122219 -3.146249
238.657150 48.079876 1.856386 -3.653460
238.844437 449.568054 1.956434 -3.113498
238.973648 456.731079 1.912135 -3.115201
242.723633 398.904541 1.726546 -3.204649
244.464615 21.449045 1.905389 1.508224
244.435974 481.732513 2.646508 -3.186585
245.270966 550.897705 2.339021 -3.036148
246.910950 105.070007 1.853710 -2.075541
248.195953 604.657593 1.935225 -2.235530
248.677887 35.396725 1.891064 0.694983
253.418228 403.082794 1.874585 -4.021375
253.809387 423.109955 1.945121 -0.098253
253.809387 423.109955 1.945121 -2.518371
257.853851 78.543037 1.856559 -4.149936
257.933502 229.838394 1.946375 -3.612485
262.264862 51.281437 2.098561 -4.597361
265.532745 27.745020 1.709977 -4.269557
265.171875 219.561172 2.134573 -1.517418
265.147888 294.125397 1.951802 -0.153639
265.362701 6.346437 2.006387 1.216991
267.316956 104.479401 1.719730 -1.821482
268.172821 443.505249 2.193558 0.187267
268.298248 474.549469 2.043916 0.004486
268.918793 18.200043 1.990302 -3.369941
270.162537 119.745613 2.042773 -1.862695
269.939941 139.965424 1.901199 -4.459410
271.821289 267.983673 2.040422 1.505974
271.936859 374.267975 1.925896 1.492876
273.519806 102.685318 1.850327 -1.963857
273.141632 291.936859 2.190762 -0.928518
274.397064 132.284714 1.986929 -4.567408
274.979553 286.505463 2.348189 -0.908369
274.551331 550.925598 1.790376 -1.115063
276.081970 597.833496 2.186068 -0.233879
282.962128 125.215355 2.158081 1.352084
283.568298 388.775146 2.181031 -2.001974
283.568298 388.775146 2.181031 -4.449519
285.123657 86.898735 2.004737 1.216937
286.514374 27.100153 1.907857 -4.252209
287.467255 400.549957 2.164244 -1.692553
289.119476 304.115845 2.139235 -0.939429
290.124084 461.995361 1.840393 -3.351421
293.999420 609.811462 2.129998 -1.580694
294.970215 103.150841 1.851872 -1.743562
295.593384 287.060822 1.865160 -4.218341
298.520630 123.953323 2.089440 -1.764431
298.723450 406.584290 2.192917 -1.555713
304.906036 19.186699 1.798291 -3.642551
305.856293 136.713394 1.746951 -4.479565
310.209320 264.719879 2.031952 -1.835928
309.996796 270.651794 2.208595 1.479025
309.996796 270.651794 2.208595 -1.157207
314.921021 110.777939 2.138371 -1.905060
314.682129 204.776169 1.807537 -4.662776
314.658112 455.015656 1.857360 -3.383728
316.161987 541.857849 1.919803 -2.121656
316.566071 397.337189 1.753414 -3.070371
321.400635 204.536728 1.781014 1.474640
323.753815 11.238096 1.857676 -3.246540
323.531464 30.832800 1.883293 -3.470781
325.787415 308.242035 2.422690 -3.890679
328.652039 470.239441 1.999610 -3.471594
330.205200 27.043440 2.116347 0.167493
330.074219 129.259827 1.831120 1.535222
333.240936 4.709211 1.819380 1.039644
333.074127 70.363861 1.831712 0.325985
333.074127 70.363861 1.831712 -3.255139
332.563202 542.877808 2.187341 -2.115239
335.933594 368.644440 1.660203 -4.328730
335.862000 261.967682 2.097400 1.500281
335.862000 261.967682 2.097400 -1.720214
337.423737 73.067909 1.661498 0.261342
337.771118 529.245361 1.949941 -2.198419
340.264069 345.855316 1.856779 -2.210860
340.264069 345.855316 1.856779 -4.017891
339.412720 620.172668 1.960848 -4.356438
342.139709 636.130920 1.933905 -1.805232
344.517212 80.871895 2.030317 -1.530897
350.198730 516.675720 1.757930 -2.032228
352.277679 35.315174 1.817524 1.236677
354.191223 427.505219 2.322335 -0.046834
354.191223 427.505219 2.322335 -2.854274
354.812653 443.327820 2.180728 -3.133917
362.134705 335.671722 1.965066 -0.447467
362.134705 335.671722 1.965066 -1.094905
370.543945 130.301163 1.838749 1.418495
373.090027 9.512327 1.953686 0.996724
373.090027 9.512327 1.953686 -4.247880
375.241119 27.660990 2.077856 -3.613532
378.415436 139.378143 1.896353 1.534124
380.086365 22.182665 2.014638 -3.481432
380.169678 319.307556 2.169903 -4.645481
379.560333 531.028870 2.025215 -2.021850
381.211792 30.213997 2.070167 -3.766282
382.019165 68.831024 2.286777 -2.023131
387.209381 150.559418 2.104379 1.350686
387.209381 150.559418 2.104379 -1.289699
387.853394 475.868256 1.803238 0.125280
389.047028 273.888763 2.006798 1.468010
389.047028 273.888763 2.006798 -1.694049
390.378113 452.285919 2.000811 -0.074895
390.378113 452.285919 2.000811 -3.633974
395.275726 432.125671 2.003584 -0.336829
400.404907 537.966309 2.042772 -2.088132
401.574524 494.571350 1.942919 -1.224629
402.328491 558.084351 1.954852 -1.765423
404.999023 92.990158 2.006848 -4.547025
406.721985 23.612762 2.013132 -4.471140
406.990662 108.086975 2.100456 -2.388428
406.990662 108.086975 2.100456 -4.581087
408.652008 513.876465 1.766045 -2.105046
413.280518 458.753418 2.171780 -0.237674
412.574371 547.004028 2.040336 -2.180798
416.934875 443.575043 2.232066 0.188672
420.455231 186.544006 1.793692 1.460010
421.944702 385.285187 1.944617 -1.548591
6.250259 116.097977 2.732200 -4.511510
7.116287 7.568952 2.797745 1.325366
7.396263 504.830139 2.741810 -1.716794
6.965555 627.851746 2.558262 -1.411145
8.521287 207.682053 2.575572 -4.606726
13.988492 571.418701 2.872700 -1.689260
17.783995 117.203033 2.274913 -4.548548
20.824532 426.626984 2.411756 1.095587
22.496447 15.678321 2.329700 1.384307
22.085485 55.365383 2.417195 -4.357145
22.851727 215.514099 2.750106 -4.176859
24.147186 150.457565 2.876662 -1.826755
30.285704 501.457886 2.267007 -1.934729
31.567572 207.682343 2.612952 -1.853704
32.128304 615.900024 2.658432 -1.685401
32.759563 21.599899 2.571060 1.247196
32.759563 21.599899 2.571060 -3.788828
47.671722 275.567780 2.564605 -3.164638
48.886372 235.884140 2.752371 -4.094010
55.039272 122.423866 2.652706 1.510974
55.720970 246.924240 2.855114 -4.039847
59.541351 115.639938 2.671561 1.120244
61.016239 241.982788 2.561707 -1.312046
61.016239 241.982788 2.561707 -4.160583
62.045654 527.631104 2.652580 -0.154986
62.045654 527.631104 2.652580 -1.588287
66.633873 58.163944 2.336289 -1.879565
68.135269 252.363541 2.693440 -0.503196
69.172325 627.233887 2.632051 -1.677013
73.645226 247.995193 2.478744 -0.592687
73.645226 247.995193 2.478744 -4.505705
75.340820 24.226774 2.612583 1.290022
79.078804 371.900482 2.310884 1.502934
80.943329 405.345917 2.569946 -3.112361
84.797112 298.833008 2.743186 0.025370
87.479355 29.482157 2.546779 -3.567119
86.895287 465.690277 2.626285 -1.500238
86.851967 477.828308 2.659348 1.326829
86.851967 477.828308 2.659348 -1.346411
88.227219 596.532166 2.489134 -1.589161
89.876610 374.130981 2.435220 -4.653021
92.391197 270.753632 2.406456 -4.411790
99.495232 596.268799 2.836530 -1.550695
99.826134 24.490601 2.395316 -0.116516
99.996933 376.358856 2.693669 -4.517616
104.173264 408.192566 2.868749 -3.056734
103.434479 426.624329 2.728896 -3.143106
108.811058 597.999573 2.537298 -1.552851
110.548988 112.168076 2.619614 1.440901
117.709663 588.760010 2.537819 -2.333543
118.710373 512.751099 2.534511 -2.456513
121.549004 100.152855 2.231201 1.428169
121.549004 100.152855 2.231201 0.982911
121.771187 572.203674 2.431880 -1.657694
126.703377 375.017548 2.569453 -3.780445
129.093079 281.424652 2.526602 -3.761939
136.500809 194.061417 2.490754 -1.993505
137.417603 136.244370 2.495891 -1.731217
139.696014 56.290325 2.597751 -4.524743
142.578857 124.410301 2.450070 -2.583932
143.007370 408.768250 2.837492 -1.708493
144.490631 100.758186 2.241991 -3.448579
153.835876 581.057312 3.014479 -1.736213
155.632217 93.030441 2.818578 1.452348
155.632217 93.030441 2.818578 -3.492040
154.421936 428.235352 2.485161 1.087685
156.164963 105.325386 2.544343 -2.896265
162.527115 56.615799 2.636312 -4.303577
164.600098 405.563660 2.633242 -3.121239
164.499786 430.402985 2.596892 -3.135675
165.592392 617.301147 2.564088 -2.561013
167.877319 199.251831 2.106744 -0.969233
169.312408 78.094368 2.505872 -4.501317
172.642532 190.037140 2.630363 -3.052460
174.401947 64.049515 2.642281 -4.587555
173.665741 568.626953 2.494311 -3.376385
178.421814 544.156860 2.356679 -3.154160
184.720169 240.790482 2.488551 0.006080
187.451645 297.253876 2.474899 0.917644
193.956726 190.568527 2.815868 -2.024361
195.954941 274.144012 2.678544 0.726839
197.515854 119.317215 2.821464 -1.696414
197.853912 367.312653 2.808752 0.632298
198.270416 463.263794 2.431584 -0.616947
198.919891 478.009827 2.451538 1.144808
198.919891 478.009827 2.451538 0.009243
199.161514 528.743958 2.571968 -4.085009
199.858002 302.057892 2.281926 0.982627
204.905563 142.961731 2.446898 1.540574
205.586533 351.173431 2.363600 -0.632971
211.765015 117.746635 2.575260 -2.029453
212.739334 102.769402 2.642753 -3.719268
213.449295 146.343628 2.331884 -4.372525
214.965164 139.428238 2.437324 -4.632825
215.848206 56.908779 2.524334 1.429549
215.962189 131.439713 2.605248 -1.980708
218.148682 284.364807 2.338350 0.781045
219.170212 163.430984 2.224268 -4.305499
218.900040 354.339264 2.878930 -3.428996
225.145432 145.267059 2.513145 -4.371044
226.118683 272.536377 2.569001 1.229762
226.066360 307.707275 2.635594 -2.464809
227.343140 381.237366 2.255785 -3.607266
228.323013 113.850105 2.733599 -1.870188
229.175735 136.052704 2.496484 -4.394732
234.007172 148.444183 2.769468 -4.329778
235.911087 204.239578 2.303121 -3.811677
236.604004 313.728973 2.574291 -2.891904
237.886658 417.435883 2.632751 -3.153216
238.023590 439.662262 2.699170 -3.052065
238.529449 27.903845 2.655688 1.186885
239.200562 485.219177 2.213767 -3.224430
240.998199 99.838097 2.579211 -1.864183
241.930374 35.312225 2.624993 -4.277298
242.079391 253.687454 2.345062 -3.205365
242.798676 278.487915 2.317176 -3.204795
243.300781 340.172028 2.505142 -3.139140
245.614624 153.291702 2.325754 -4.089575
250.697815 312.548645 2.541642 -2.918342
252.376099 383.373077 2.257065 0.023786
252.376099 383.373077 2.257065 -3.418881
253.907562 132.823959 2.457849 -4.186322
254.480728 620.756897 2.783473 -0.532635
256.750122 573.783508 2.509059 0.759869
258.167572 121.766533 1.954292 -2.149473
259.653381 41.876991 2.310770 -4.121186
260.714325 314.914825 2.537539 0.127346
264.545380 73.123985 2.814604 -4.496342
264.508270 247.025360 3.111205 0.070221
264.508270 247.025360 3.111205 -3.995961
265.419647 277.599152 2.956962 -0.270912
268.395050 127.841690 2.452378 -4.481403
269.272888 289.281067 2.290395 -0.893301
276.374359 90.790123 2.659496 -1.716049
280.221680 469.640472 2.353007 -4.449723
280.043579 525.510620 2.920082 -1.733265
284.365875 1.886636 2.819535 -4.491266
284.877197 301.968231 2.765994 -0.990972
290.012817 69.095375 2.342473 -4.639194
289.967987 130.110764 2.313625 -4.524994
290.316681 246.951050 2.543726 -1.396298
292.067139 143.013657 2.714946 -4.549775
293.427307 18.841339 2.461567 -3.649372
294.287018 317.159393 2.426567 -4.244285
298.229462 423.303009 2.432323 1.548128
301.469727 38.274353 2.446134 -4.471155
301.954407 259.784698 2.706390 1.451685
301.954407 259.784698 2.706390 -1.559802
304.304474 356.368256 2.310757 -1.467488
306.390259 92.014557 2.684210 -2.380845
306.540161 100.287483 2.574953 -1.909910
308.963165 145.373978 2.584901 -4.641424
310.150818 126.833260 2.260573 -2.017408
312.134583 119.774551 2.894139 -2.028775
315.784485 213.058258 2.422516 -1.657996
317.844940 17.451591 2.367187 -3.243607
320.608978 81.981903 2.468297 -2.285199
322.515533 124.972000 2.451090 -2.146628
325.280945 134.785385 2.580061 -4.598030
327.962555 16.879822 2.564713 0.908618
327.962555 16.879822 2.564713 -3.251578
329.506195 242.602646 2.717516 -1.729837
335.171997 114.138763 2.393062 -4.273427
334.905975 417.442017 2.515950 -3.404910
336.012299 248.711624 2.659450 1.480829
336.012299 248.711624 2.659450 -1.693872
336.077393 318.823181 2.645042 -3.702049
335.442627 480.741547 2.489066 -3.202460
336.319092 47.032574 2.438595 0.411314
339.173981 351.070068 2.378653 -4.313150
343.928833 317.387848 2.389195 -3.703644
345.230072 40.162704 2.892925 1.160965
349.102356 138.874023 2.515355 -4.539472
349.521973 48.924908 2.502238 1.073010
350.481720 523.277100 2.476817 -2.113344
350.859924 529.684326 2.570213 -2.037852
353.754059 406.205292 2.391331 -3.259767
355.070648 72.918861 2.665188 -1.831166
354.979370 440.306671 2.519997 -3.182170
357.078033 582.061279 2.492430 -2.249903
357.078033 582.061279 2.492430 -2.970741
360.066040 246.260559 2.749974 1.414905
360.066040 246.260559 2.749974 -1.642202
362.411865 206.013519 2.459379 -1.725381
365.085754 486.940430 2.511186 -0.474336
366.162109 137.462570 2.243089 -4.707177
366.063171 385.919861 2.782042 -0.274457
366.831879 523.465210 2.303453 -1.751188
367.448395 539.688477 2.383543 -1.858167
368.852692 573.696838 2.354026 -4.342706
370.320343 476.481506 2.802149 -3.300864
371.000366 72.009285 2.416472 -2.725518
372.505402 122.228798 2.486415 -4.581651
378.358246 325.327423 2.806452 1.532092
379.157379 113.526611 2.420089 -1.828482
382.771881 580.606018 2.713762 -3.801562
384.094849 426.581146 2.983394 -1.085457
388.478180 514.628174 2.387513 -1.827532
400.798340 47.432419 2.474082 -4.363216
405.596924 68.532104 2.405322 -1.305505
406.694031 541.640564 2.564453 -2.109881
412.131561 42.806114 2.798221 -4.508187
413.463287 430.764740 2.677338 -0.005292
413.939850 486.363983 2.695626 -1.546889
419.382568 618.280579 2.585584 -1.774854
420.279877 46.513084 2.471145 1.538412
1.728810 368.442535 3.093689 0.094104
11.071009 340.825043 2.981643 -1.091893
15.947837 466.766937 3.092338 -1.925285
21.695013 45.373131 3.120818 -4.505100
23.231594 215.508926 2.798524 -4.128325
32.190445 207.253204 2.917998 -1.899838
35.187046 533.922363 3.114550 -2.143199
46.861916 277.263031 3.177843 -3.160628
48.000980 251.003708 2.984061 -3.961737
48.014149 577.967407 3.419168 -1.845944
54.531162 24.695988 3.213288 -0.013977
56.786167 535.689209 3.209462 1.031927
70.107033 396.956696 3.237415 0.071817
75.361488 506.096344 2.944769 -1.058541
80.828430 121.685585 3.157515 1.073662
79.244713 235.289505 2.756512 1.316802
89.244820 624.920044 2.962622 -1.647082
105.177803 407.940948 3.340886 -2.993796
108.634567 91.821007 3.148799 -4.544019
109.664177 78.124603 2.982673 1.513135
112.371338 67.723595 3.385193 1.542264
111.717316 636.375305 3.359541 -2.014675
112.827866 387.973022 3.368830 -1.027806
115.509621 132.071274 3.023836 -1.835326
119.417961 380.660004 3.333825 -3.710639
124.377815 125.052811 3.419825 -2.076144
131.119156 73.215660 2.848396 1.328542
139.418991 630.162476 3.776892 -1.826716
140.896927 264.865906 3.468015 -1.067886
140.896927 264.865906 3.468015 -4.424329
141.176880 520.814636 3.117430 0.832703
142.648453 468.116577 3.641855 0.146805
142.648453 468.116577 3.641855 -4.131007
143.215439 384.955963 3.059848 0.238796
142.711578 450.547028 3.056590 0.104458
144.439026 71.529068 3.161651 -4.241568
156.607391 38.162968 2.955332 -1.913398
157.832535 630.066772 2.937013 -2.421513
169.988495 505.933105 3.192388 -3.046834
171.740891 626.660706 3.503917 -2.717846
178.321411 112.252403 3.129949 -1.861684
188.102402 330.711975 3.127228 1.457067
191.577255 436.878815 3.160527 -0.399692
192.935333 219.508102 3.328468 0.923759
192.660446 547.919250 3.105570 -1.028570
193.561539 94.632988 3.281128 -3.815041
195.314423 628.525269 3.189490 -2.585421
196.840012 500.731506 3.412801 1.467258
199.765518 357.491821 3.308439 -0.579595
198.916779 463.404449 2.856328 -0.484940
208.140472 443.478821 3.140457 0.673227
210.963150 469.885925 2.852034 -0.330458
216.944275 35.862946 3.159995 -4.710582
216.504517 47.061813 3.232621 -4.599472
219.432785 199.139999 2.785705 -3.709556
221.989304 389.068054 3.187549 -3.632040
235.099182 253.153000 3.344621 -3.284393
234.624481 325.803802 3.388382 -3.235877
235.956772 335.389374 3.262275 -3.132107
256.029602 620.955078 3.077863 -0.508754
258.656128 106.292564 2.997934 -2.046817
260.884888 574.865540 2.884767 0.401283
260.587738 584.840454 3.256953 0.144441
265.095551 248.541534 3.568843 0.084481
265.095551 248.541534 3.568843 -4.020294
274.803925 294.643219 3.072514 -0.951584
275.152405 435.909149 3.421160 0.983460
277.301544 50.905422 3.087816 0.926696
277.301544 50.905422 3.087816 -3.870142
286.084473 477.493164 3.499732 -3.658911
293.137421 308.479004 3.122761 -0.894142
293.869995 587.401123 3.330995 -1.809931
302.926300 621.885071 3.212765 -2.344026
305.327698 583.250244 3.373623 -2.283062
310.026123 568.113403 3.448602 -4.272977
311.476898 589.308716 3.025023 -2.428428
313.184418 476.588409 3.355812 0.417232
314.844635 41.258129 3.044395 -3.879965
319.971863 292.383331 3.543087 -3.887860
320.992432 596.314514 3.552395 -2.913530
322.378876 485.682709 3.347936 -3.533727
326.496643 47.325851 3.485518 -4.152270
331.276093 304.165741 3.279975 -3.869985
332.134186 479.088226 2.883010 -3.177977
332.620056 571.713867 3.017673 -3.973400
336.973755 28.146900 3.070942 0.310093
337.329407 310.261322 3.079627 -3.802055
342.264771 471.511108 3.432278 -3.144353
351.516602 400.554932 3.381154 -3.181885
355.928192 111.013405 3.205814 -2.046603
362.841187 444.981110 3.276246 -4.296407
365.377960 356.343933 3.352944 1.329759
365.377960 356.343933 3.352944 0.127029
367.827148 410.468231 3.545644 1.306294
367.827148 410.468231 3.545644 -0.068973
367.426758 515.545288 3.269551 -1.799925
383.698792 59.592537 2.944782 1.435315
385.157867 620.565857 3.207879 -2.072183
387.760773 369.648560 3.216855 -3.612581
391.447998 103.584862 3.309397 1.494723
391.447998 103.584862 3.309397 -1.871079
392.396454 59.490925 3.432676 -2.473725
394.497162 112.538849 3.373819 1.128387
396.575134 555.605591 3.062590 -1.678466
402.309082 613.080811 3.248813 -1.948767
402.489716 100.598579 3.676475 -4.458252
404.334839 524.316589 3.056592 -2.080971
410.483246 467.508728 3.475693 -0.901677
410.483246 467.508728 3.475693 -4.554938
414.796722 430.071442 3.329611 0.380793
414.796722 430.071442 3.329611 -1.101290
418.742584 97.399437 2.942061 -4.540588
420.175903 273.500092 3.225018 1.514395
420.175903 273.500092 3.225018 -1.286053
422.428223 547.178101 3.598403 -1.981075
4.501648 45.021053 4.278360 -4.663017
10.988866 403.786835 3.896922 -0.947277
10.988866 403.786835 3.896922 -2.615109
20.680603 416.417419 4.157935 0.162228
22.045044 573.348511 4.779412 -1.559740
45.708298 390.445740 3.872682 -3.191434
46.341297 381.153320 3.707283 -3.196764
48.111961 578.328918 3.671237 -1.857288
52.685383 604.819824 4.498962 -2.072509
63.443333 66.581696 3.849285 -1.824785
65.852585 81.116287 4.422963 1.395237
72.293610 75.616959 3.746402 1.340709
70.966507 216.327286 3.731669 -1.505094
75.622292 226.703720 4.497767 1.407682
84.480225 70.551743 3.652760 1.275946
87.268692 442.628296 3.662582 -4.196299
99.278587 100.162376 4.232128 0.362676
103.887413 628.061096 4.481109 -1.872974
107.116898 568.470520 3.815432 -1.705582
113.184227 249.554947 5.245483 -4.207031
119.182442 398.885956 4.025598 -0.821687
119.182442 398.885956 4.025598 -2.976136
120.140923 303.956268 4.891013 -2.907615
129.013123 587.329407 4.314950 -1.615015
132.788589 63.105404 4.391603 1.560114
142.563293 468.381470 3.645205 0.206798
142.563293 468.381470 3.645205 -4.313476
145.866364 347.291931 4.739884 1.164187
145.866364 347.291931 4.739884 0.230539
147.123199 32.188843 3.924716 -0.370863
148.361679 194.108185 3.969202 -1.151620
151.238297 460.442108 3.909613 -1.311190
151.238297 460.442108 3.909613 -4.408528
152.943604 158.598114 3.937093 -4.669252
155.699173 145.118423 4.358573 1.553882
155.699173 145.118423 4.358573 -1.996558
154.248108 335.724274 3.802490 1.528378
157.356842 122.614044 4.596753 -2.268333
161.875778 468.357483 4.190105 -3.308467
170.688751 439.058167 3.782099 -3.073013
189.024139 161.092209 4.494929 -4.415428
192.660858 314.384460 3.765359 -1.187334
193.241394 542.675964 4.261591 -0.924684
193.241394 542.675964 4.261591 -2.321904
193.241394 542.675964 4.261591 -4.620176
196.963074 284.257538 3.640752 0.681165
205.782547 384.389191 3.931775 0.150218
229.871094 126.963242 3.825397 -1.962158
236.240479 501.098114 4.456884 -3.237267
246.687012 83.557671 4.141507 -4.685002
253.330673 217.483444 4.340109 -0.288552
265.480927 249.448273 3.798626 0.132172
265.480927 249.448273 3.798626 -4.087793
269.391235 108.004211 4.276570 -1.980204
271.783905 490.925964 4.992049 -0.061287
308.484039 558.196594 3.276369 -1.796883
310.188080 281.319550 4.416668 -3.935424
309.845886 567.804321 3.277954 -4.100004
322.106995 293.899689 4.019235 -3.861891
323.063538 485.157135 3.759277 -3.585736
324.451508 96.029198 3.986302 -2.191924
329.088715 510.814575 4.362519 -2.376785
344.714478 409.270294 4.098983 -1.622126
346.764618 88.924782 3.771554 -1.729929
350.593842 399.694641 3.722282 -3.105896
359.648407 86.500618 3.999519 -1.929865
361.703888 344.964447 4.463882 -1.051846
365.022583 548.743652 3.789556 -1.768050
366.678467 606.920288 3.966660 -2.254468
368.878601 411.109314 4.143495 1.244517
380.505005 484.970367 4.423775 -0.015067
381.913330 548.423279 4.251560 -1.709310
389.019379 439.323425 4.187180 -0.699815
392.462311 113.624931 4.029409 1.287439
399.446747 18.283506 3.821010 -4.051208
398.673553 409.832336 3.860493 -4.523173
399.668304 435.430634 4.115109 -0.640459
410.733612 75.480675 3.848333 -1.961369
411.034149 578.350403 3.534859 -3.041314
415.672302 456.289001 4.175517 -0.003403
418.861084 477.006958 3.904584 1.544621
418.861084 477.006958 3.904584 -1.542062
15.016523 307.468933 4.870158 0.276372
18.426601 591.180664 4.845929 -1.573471
19.881895 98.476341 5.077416 1.153346
21.884727 389.928162 4.909335 -2.129126
22.023109 473.911194 4.651871 1.325419
32.200943 64.383514 5.257289 -2.227981
35.178780 367.982605 5.465005 -4.126723
34.688999 385.281921 4.717719 -3.170666
40.605843 315.750519 5.234213 -3.619782
44.031212 125.504532 4.278006 -4.476274
70.290009 457.246735 5.144380 0.041465
73.559563 309.070099 4.950325 -0.190033
108.024277 410.564178 5.386283 -0.868934
108.024277 410.564178 5.386283 -2.904800
107.648201 433.089752 5.306173 -4.308580
119.684875 50.544052 4.658230 -1.890913
130.708588 540.601685 4.927220 -0.386339
133.790283 285.339600 5.051883 -3.552723
133.568558 299.424103 5.097714 -3.115820
132.629791 356.941528 5.568589 -0.004195
132.629791 356.941528 5.568589 -3.089965
136.201447 150.770081 5.265488 1.535616
133.913330 395.857300 5.425049 -3.050864
147.905304 301.314514 5.264765 0.371888
147.905304 301.314514 5.264765 -1.278700
153.772217 421.533203 5.123389 1.480013
155.044250 270.639374 5.496913 -4.363245
161.038910 188.740326 4.909952 -0.993523
170.341873 98.512924 4.847354 -4.251666
174.067581 161.459625 5.298514 -4.563959
173.724411 551.034363 5.734726 -3.175829
234.759369 408.594208 5.383519 -3.212155
236.164871 587.343384 5.439569 -2.511842
266.538391 252.168030 4.706149 0.147463
266.538391 252.168030 4.706149 -4.103787
273.545227 537.675903 5.901533 -0.214654
277.751190 34.348740 4.703430 -4.410792
279.358337 248.632904 4.720061 -3.967970
282.506531 556.878418 4.514670 -1.087845
288.831940 257.391174 5.422283 -3.927650
296.057007 525.990295 4.629087 -2.053776
299.778778 479.130310 4.656191 -3.876139
299.917480 270.367401 4.521264 -3.908178
303.539948 408.277588 4.774056 -1.677937
304.903839 320.387421 5.151128 -4.539510
349.964111 457.530884 5.573577 -4.397935
360.584106 22.131481 5.186381 -4.611787
360.066559 578.245239 4.982594 -3.853442
371.406464 499.163239 4.848143 -4.472084
387.537933 116.082001 5.658762 1.456045
392.739044 478.441071 5.222358 0.205605
392.708893 600.936340 4.582740 -2.685135
402.883026 345.516541 5.150712 1.511722
402.638824 451.360077 5.114349 -0.121222
15.594253 508.876129 5.876175 -1.886657
34.025253 406.921753 6.014191 0.056567
34.025253 406.921753 6.014191 -3.167149
63.751846 279.757843 6.487465 0.096784
75.492165 418.817139 6.347546 0.119102
78.804947 379.519714 6.154436 0.386688
109.333054 587.439209 6.307895 -1.767437
110.231300 157.060593 6.497200 1.527044
131.618362 375.606628 6.039335 -0.368542
160.379379 227.229401 6.356016 1.568432
174.505096 240.403748 6.218807 -3.154742
208.712585 55.658672 6.395582 -4.211786
218.724808 116.984909 5.674143 -2.212077
223.448395 186.201279 6.475972 -1.420099
223.448395 186.201279 6.475972 -1.420099
234.421112 541.148438 6.038225 -3.141443
241.851990 64.654846 6.585646 -4.549588
252.506958 265.940308 7.047244 0.000036
253.883698 586.842041 6.281112 0.340728
265.570221 231.403732 6.175153 1.179874
265.570221 231.403732 6.175153 0.016873
274.348358 210.332718 6.830101 1.154116
273.228607 388.838348 6.902558 -0.201632
290.007477 435.257050 5.978471 1.148805
311.272339 489.642120 6.787346 -3.856690
319.685211 604.021973 6.835705 -2.547458
344.028351 395.852325 5.934949 -1.919624
350.608673 322.894745 5.864206 0.592051
352.948486 231.361618 6.463315 -1.716369
364.609131 397.621735 5.912066 0.934165
364.609131 397.621735 5.912066 -0.933544
418.717834 380.456299 6.394463 -1.453905
15.200689 369.613251 8.023255 -4.589424
28.213745 489.919891 8.567497 1.434492
28.213745 489.919891 8.567497 -2.981679
32.043331 428.136353 7.690654 -3.046979
39.744572 609.550476 8.578907 -1.745894
46.340050 216.413406 7.416713 -3.913838
54.735527 476.554260 9.637272 0.057547
55.178860 309.359619 7.662956 -0.298864
60.561806 95.944115 7.966299 -4.607392
77.445107 568.192749 7.191982 -1.459989
111.565453 468.030182 8.411416 -3.230200
122.058800 564.834900 8.485150 -1.685143
122.577827 616.058533 8.091609 -1.844292
130.402954 511.237061 7.290770 -0.420815
130.402954 511.237061 7.290770 -2.667946
156.414078 440.916626 8.463372 -3.186614
156.074890 530.673950 9.091537 -3.090252
177.637451 548.171692 8.562899 -3.203285
201.300385 572.559570 8.593878 -4.338398
274.638458 573.463623 7.778378 0.538199
293.593384 413.601685 7.937356 1.272303
293.593384 413.601685 7.937356 -1.670416
297.589111 461.166809 8.341442 -3.685688
303.601562 342.110901 8.013810 -3.266097
305.771332 388.174683 8.549311 -2.835640
307.997894 432.283661 8.284146 -3.302186
10.154789 199.186020 10.775885 -4.626516
53.674175 356.017212 11.440913 0.130010
53.674175 356.017212 11.440913 -3.759335
71.374222 35.661049 10.636845 -2.007241
71.374222 35.661049 10.636845 -4.635282
104.880280 328.262329 9.713600 -1.781215
109.324471 355.215057 9.761036 -2.197024
109.324471 355.215057 9.761036 -4.407775
128.936707 256.612244 10.485688 -4.090312
153.637253 486.923950 10.781390 -3.164385
155.035004 298.402039 9.543367 -3.496346
155.306534 358.823090 11.101444 -3.093947
193.116226 597.900513 9.550489 -2.691562
218.436829 342.827911 10.953036 -3.225909
226.574310 281.263641 10.378113 -3.287235
226.616333 468.378540 9.199314 -3.093864
274.734131 272.134277 10.188288 -0.231619
274.734131 272.134277 10.188288 -3.976721
277.916504 484.075348 9.963637 -0.013864
375.292664 370.827087 11.192590 0.095364
377.580414 441.191895 10.210108 -0.875325
400.131470 307.737152 11.635203 -4.664329
403.739746 149.767349 9.153668 1.476993
4.769956 466.393768 13.074684 1.414001
27.477419 328.624603 11.695511 0.388169
27.477419 328.624603 11.695511 -3.188361
107.185310 425.401215 11.569798 -4.173032
131.067215 327.854248 12.034041 -2.269349
131.067215 327.854248 12.034041 -4.150223
180.065735 327.032440 12.430809 -3.292062
242.733658 197.476105 12.593478 -1.358171
254.760193 548.918396 11.757348 -0.189014
63.716145 225.678253 15.975671 -4.044980
100.889786 289.382965 17.444782 -4.177607
124.896477 112.947250 16.152073 -4.440700
190.141602 104.746567 15.558700 -2.720407
190.141602 104.746567 15.558700 -3.983694
254.684723 417.892883 15.278416 -0.039312
278.239716 131.540314 16.521412 -4.564010
287.716278 350.292908 16.936180 -0.015241
287.716278 350.292908 16.936180 -3.306280
296.645355 218.503571 16.080263 0.661218
301.747803 82.300911 17.439123 -2.183774
337.882538 349.876038 15.523021 -3.340254
349.430511 562.732910 16.966503 -2.196940
384.072693 238.270050 16.124098 -1.391509
384.072693 238.270050 16.124098 -4.525189
97.363464 476.299042 19.212536 -4.071743
367.456268 61.274883 20.551069 -2.184463
118.967934 484.727264 33.884064 -3.224087
215.340652 434.219147 40.407677 -3.216081
