33 308
46 278
54 8
56 42
65 28
71 33
72 34
74 322
75 494
76 44
77 41
78 45
79 46
85 49
86 51
87 59
88 60
95 62
96 58
97 67
98 796
99 64
103 63
104 69
106 73
107 192
108 348
109 71
114 81
117 348
122 57
130 559
142 487
144 113
145 108
148 105
151 110
152 366
155 120
157 130
158 129
159 135
160 134
161 377
162 132
165 132
166 139
174 146
180 159
181 158
184 157
185 387
187 391
190 161
192 165
197 397
198 169
199 170
202 171
203 173
209 176
212 186
213 409
214 410
215 414
217 187
222 193
225 199
226 263
230 191
232 197
233 198
243 210
244 211
245 212
247 213
254 217
258 229
259 230
266 451
269 241
274 238
276 240
281 498
301 33
302 34
306 41
308 45
309 46
320 501
323 305
324 502
328 306
329 308
331 319
333 317
334 320
335 323
339 514
346 337
347 336
349 329
352 346
360 531
366 353
372 364
379 371
382 374
385 138
386 376
389 382
392 394
396 541
399 149
407 538
408 539
409 540
410 392
411 388
412 546
413 393
414 390
416 395
419 398
420 142
422 400
423 402
425 403
426 404
427 182
428 408
431 185
433 413
440 418
441 424
442 419
443 421
444 422
445 420
446 560
449 430
457 431
458 208
460 438
461 439
463 436
465 569
466 437
469 571
472 449
473 221
476 220
479 451
493 29
496 322
503 506
504 617
507 504
509 508
510 510
513 515
514 516
515 511
518 517
521 153
522 328
523 523
524 522
525 270
528 634
531 629
536 357
538 533
539 532
540 673
541 536
543 535
547 385
548 538
549 539
550 543
551 542
554 547
555 550
556 102
557 556
559 552
561 554
563 558
564 556
565 557
566 658
567 561
568 560
569 559
571 563
572 564
573 565
574 570
575 435
576 440
577 441
580 567
583 574
587 575
588 666
590 578
592 579
593 580
616 702
618 616
619 618
620 619
621 620
623 621
630 623
632 711
633 715
634 626
636 624
641 632
644 630
645 635
647 640
648 637
649 537
653 645
655 651
656 652
658 655
659 557
660 657
661 656
663 566
664 565
665 662
666 661
667 659
668 660
670 665
671 666
672 667
675 670
676 671
680 676
681 677
687 569
698 704
699 708
700 709
701 744
703 710
704 707
705 789
708 712
710 716
712 713
713 639
714 717
716 642
717 720
719 721
720 755
721 724
723 648
724 650
725 725
726 726
729 559
730 732
732 735
734 736
735 672
743 703
744 743
745 748
746 749
748 752
749 753
750 753
751 754
752 756
754 755
756 757
757 760
758 759
759 723
762 764
763 729
764 765
765 730
766 731
779 771
780 770
781 772
782 773
783 793
784 795
785 799
786 777
787 778
788 780
789 780
790 781
791 627
792 782
793 783
797 62
802 790
803 794
804 797
805 796
806 800
808 801
810 802
811 803
812 804
813 805
814 806
815 807
821 811
822 812
823 814
824 818
825 819
828 263
832 827
833 828
834 829
836 830
837 831
838 832
842 835
844 840
