6.033023 97.132614 2.060378 -3.809297
6.110289 450.286530 2.083172 -4.671614
5.484277 502.286133 2.035801 -1.387159
8.440422 304.470490 2.543364 -1.495037
11.125690 113.845161 1.917655 0.205598
11.363174 175.239288 1.794080 -4.147789
13.068604 611.583740 1.716780 -1.640066
14.565359 563.308533 2.213894 -1.597343
13.794627 625.305298 1.852404 -2.005996
15.443060 40.973461 2.193885 -1.881546
18.820337 64.965843 2.069057 0.244152
23.794893 154.467087 1.915553 1.558256
28.410351 58.837070 2.246159 1.356071
27.489010 460.287079 2.231274 -0.115839
27.489010 460.287079 2.231274 -3.449259
30.182140 422.042847 1.959616 1.170371
31.733955 624.951904 1.935078 -2.009934
35.160294 110.771324 1.953134 -2.937457
36.081890 449.216003 1.966176 -2.345260
37.159660 5.614542 2.080552 -2.293442
36.903996 17.674273 2.084238 -3.229056
39.488571 84.981308 1.969374 0.964497
39.488571 84.981308 1.969374 -2.632689
40.752220 602.695435 1.869451 0.620944
40.752220 602.695435 1.869451 -1.636824
41.745319 30.839273 2.136033 1.006371
41.750198 570.848572 1.920277 -1.043020
44.428497 268.060638 2.161571 -3.934867
43.779755 280.332306 2.143695 -3.730042
45.906414 174.913696 1.987837 -4.581997
49.554897 368.884491 1.920691 -1.180003
51.528320 40.936615 2.341854 -4.418045
54.547432 273.245605 1.955766 -1.173784
54.547432 273.245605 1.955766 -4.125713
54.582027 588.288818 1.872508 -1.476377
55.736034 461.369812 2.003440 0.136896
55.736034 461.369812 2.003440 -3.255768
57.093529 428.094879 1.929510 -1.145261
57.093529 428.094879 1.929510 -4.708588
59.064026 380.231567 1.904537 0.295406
60.049427 282.221741 2.038257 -0.439278
60.883862 157.410492 1.665764 -4.630332
62.198460 27.888870 1.908526 1.492283
62.891479 81.941093 2.194049 -2.938899
64.113434 278.168182 2.106800 -0.523698
64.113434 278.168182 2.106800 -4.407816
65.079758 470.341766 2.041149 1.542047
65.398430 74.355446 1.872117 -2.958846
69.941795 397.381287 2.193130 -1.947275
71.483711 77.021133 1.928084 -3.659510
70.936577 414.614166 2.076039 -1.810144
71.406029 433.967560 1.826894 -2.207735
71.406029 433.967560 1.826894 -4.293747
74.834335 460.467804 1.848786 -1.435399
74.834335 460.467804 1.848786 -4.591921
77.276421 70.786194 1.857918 0.607086
77.546501 166.585663 1.930181 -4.316865
79.628151 501.963074 2.444837 -2.948097
81.004684 55.024483 1.875770 0.691895
81.004684 55.024483 1.875770 -4.114759
81.617546 120.237038 2.013988 -1.574724
82.440887 418.569855 2.279654 -3.107540
83.294525 555.987732 2.203865 -3.165853
83.926224 374.836548 2.152949 -2.870483
87.151840 290.249969 1.980756 -3.484785
86.509178 619.788025 1.827122 -2.611197
87.550659 269.719086 1.914881 -4.670119
87.520828 386.788727 1.799369 -3.142871
90.872963 296.653595 2.254374 -3.174183
93.742943 94.482193 1.736009 -0.831060
95.582687 415.649536 2.123631 -3.765267
97.795029 375.090271 1.962333 -2.849448
99.901192 195.100739 1.892797 -2.999352
100.763893 251.668427 1.818411 -3.132792
103.669777 508.563202 2.020898 -4.697745
104.259560 585.771729 1.921088 -1.976377
105.237801 73.986664 1.955573 0.291675
105.237801 73.986664 1.955573 -3.393113
105.022316 213.118332 1.881479 0.426227
105.022316 213.118332 1.881479 -4.700370
104.744713 268.846405 1.864352 0.859156
105.904327 117.828941 1.891146 -1.749360
110.169777 614.247498 1.851644 -4.007605
111.700577 115.951927 1.908442 -1.813312
112.231750 427.970398 1.935045 -0.094536
111.803337 454.905670 1.885084 0.156606
115.014267 34.457069 1.786460 -4.676043
115.595657 469.205597 2.226196 -0.276115
115.044106 528.292053 1.973308 -4.119557
121.943085 501.135712 2.099777 0.866973
122.636276 431.355682 1.838129 -0.103168
125.345993 104.758827 2.161436 -3.860595
124.939514 184.560211 1.823027 -1.892131
126.159271 418.164490 1.976993 -0.557201
126.948532 285.309113 1.807919 0.692005
127.002228 332.257446 2.097047 0.611701
128.273361 253.218491 2.193916 -1.295782
129.209473 268.080170 2.113591 1.046032
129.939163 82.841400 1.960092 -4.147185
129.641937 275.148804 1.897722 0.104671
129.630875 304.926270 1.850285 1.386655
130.965836 408.109375 1.846836 0.312226
132.084900 355.924957 2.094253 -0.725699
133.144516 32.966644 2.079713 -4.398102
132.435013 525.801758 1.898300 1.151553
133.919785 95.326134 2.026918 -2.584614
133.919785 95.326134 2.026918 -4.580121
133.612518 428.082672 1.904379 -0.473144
133.767563 465.126007 1.839092 -3.893520
133.988602 586.928833 1.970753 -2.164407
135.868561 157.355377 1.884334 -4.129332
136.129425 195.838806 1.869781 -1.671431
137.578629 271.715912 1.733667 1.154470
137.098389 453.297852 1.810685 -2.784530
137.079758 513.043518 1.885282 -3.750451
138.052734 403.080750 1.989316 0.746632
138.052734 403.080750 1.989316 -4.544696
138.207886 204.511841 1.954134 -1.763374
138.746399 518.570251 2.092004 -3.380217
139.779251 444.252258 1.748774 -2.702389
143.326797 476.336853 1.731983 -2.475811
143.432251 73.547211 2.211050 -4.060549
144.536011 605.465393 2.124367 -1.265973
144.536011 605.465393 2.124367 -1.727258
146.270355 53.110455 2.119639 -4.535663
146.106857 380.510406 1.959600 -3.506411
146.674316 46.938881 1.947242 -2.504900
146.871231 521.233826 1.878387 -3.165172
150.560715 560.125916 1.967832 -4.375468
152.153290 276.341431 1.893347 0.832693
152.616669 37.747047 2.048385 0.880070
156.029587 526.807068 1.990490 -3.125239
157.558563 105.692184 2.080797 -4.705630
159.060883 262.220123 1.992486 -3.253565
159.596893 227.803024 2.038689 -3.333289
160.819901 20.396179 1.930551 1.287867
160.922852 98.933517 1.863456 -1.319193
160.889847 204.136963 2.002057 -3.671986
161.982025 398.281494 1.928978 -3.212037
164.742966 55.198826 1.946004 -2.079438
165.598801 147.909851 2.132859 -4.618975
166.350174 153.682022 1.976671 -4.455989
167.268097 194.271530 2.091746 -1.611259
167.993958 99.518257 2.037801 -1.654064
167.500885 591.712585 1.741876 0.584184
171.027786 392.747162 2.131134 -3.265706
171.935059 34.262501 2.131279 0.659582
171.257385 454.332520 1.874041 -1.234277
172.905655 406.613007 2.037759 -3.343728
174.790375 57.062702 1.864813 -2.304422
176.171249 47.881088 2.236550 -3.508660
179.897308 636.041809 1.803750 -0.793883
182.268066 337.570923 1.754105 0.112918
181.752090 398.546478 2.034045 -0.173972
185.489700 80.188255 2.232913 -4.642863
185.992523 378.710876 1.819220 -0.049568
186.093765 443.144226 2.153765 0.191931
186.985703 294.136505 2.027091 -0.152349
189.008545 219.915985 2.207551 -1.414126
191.145325 52.016861 1.817053 -4.291496
192.123764 374.120880 1.941811 1.526938
193.153137 136.187653 1.958262 -4.519065
195.468582 85.069199 1.827110 1.130341
195.468582 85.069199 1.827110 -4.003683
194.988541 292.181030 2.134915 -0.894785
195.542221 39.189514 2.079726 -4.071524
202.171539 419.003601 2.007451 -3.953704
203.228912 144.840256 1.939526 -4.361041
204.065125 388.903595 2.067922 -1.964227
204.065125 388.903595 2.067922 -4.502602
206.875000 400.365875 2.237227 -1.661909
209.808746 134.923706 2.264862 -4.423488
210.843002 305.052734 2.135000 -0.896917
211.669754 22.269934 1.632188 -3.862188
214.042328 41.858288 1.962007 -0.817303
217.860031 406.596191 2.220008 -1.507598
220.246719 62.616062 1.901476 0.171945
220.246719 62.616062 1.901476 -3.984293
220.372818 68.359276 1.989251 -4.536087
222.399490 91.038849 2.175824 1.377331
225.174316 4.160378 2.121893 1.094910
224.789764 357.011932 2.203426 -1.421517
225.443787 386.300659 2.088416 -2.014703
226.926666 539.705933 2.117840 -1.975254
229.905914 131.742874 2.135128 -1.905692
232.409698 266.683685 1.997254 -1.793866
231.599136 453.976349 2.086547 -3.305867
236.169205 68.300705 1.848990 1.394180
243.303375 502.111328 1.935143 -2.259997
246.630783 88.581078 1.867660 -2.209832
245.759323 540.373352 2.088410 -2.125213
250.752228 432.354553 2.177969 -3.634407
251.833130 33.755810 1.906244 -3.315973
251.591064 521.275085 1.849551 -2.335447
254.527237 129.447906 1.869894 -2.068702
254.527237 129.447906 1.869894 -4.632011
257.227325 264.820831 1.970909 1.513322
257.227325 264.820831 1.970909 -1.666105
257.968933 34.400467 2.005594 0.304704
257.765228 426.460266 1.937554 -3.633028
258.287598 593.784058 2.036494 1.467804
258.287598 593.784058 2.036494 -3.377679
263.746704 393.594238 1.880910 -3.380702
264.506531 80.699387 1.803565 0.055033
268.228607 376.132263 2.175853 -2.916289
268.228607 376.132263 2.175853 -4.099868
268.885834 577.445679 2.138836 1.399738
268.885834 577.445679 2.138836 -2.309549
268.885834 577.445679 2.138836 -3.722431
271.188538 428.504608 2.105956 -0.027115
271.188538 428.504608 2.105956 -2.792720
271.384674 443.512329 2.027478 -3.112675
281.178253 337.920319 1.955201 -1.071491
282.605164 263.489777 2.199702 1.468842
282.605164 263.489777 2.199702 -1.587291
283.731415 211.788773 2.170880 -1.670309
298.512543 322.431488 2.109767 -4.615868
299.696869 39.612953 2.005844 -3.244949
300.842957 199.834915 1.826311 1.383075
301.914429 512.242126 1.975301 -1.837020
303.316437 124.067856 2.228894 -1.787066
303.640594 133.275177 2.098235 1.269912
305.428284 35.020355 1.865434 -3.391540
304.491241 363.721558 1.874513 -3.411514
305.948578 451.543945 2.149395 -4.117337
307.018799 51.712868 1.970883 -4.275336
306.834442 630.666870 1.851583 -2.355420
308.828278 9.138715 2.220845 -4.328440
309.236511 159.140396 1.982150 1.411412
309.236511 159.140396 1.982150 -1.216391
310.874573 449.335663 1.881400 -4.061735
311.788147 553.927490 1.984901 -1.617934
317.491119 64.561081 2.147415 -4.376081
320.304169 630.913025 1.933783 -0.722405
323.195496 36.365005 1.920693 -4.191812
324.162384 127.116508 1.983658 0.801022
325.217316 18.641842 1.854329 -3.487428
327.140076 458.245880 2.211381 -0.169991
329.893005 504.867981 2.052022 -4.137071
330.854401 443.352631 2.102618 0.228532
334.055878 103.220940 2.107117 -4.553700
337.438080 387.209625 2.045769 -1.628052
339.994293 196.848312 1.892757 -4.667554
342.013336 14.690313 1.998090 -3.821107
342.260162 605.287354 2.167008 -2.584717
343.600586 54.862240 2.073565 -4.266767
345.623627 80.460060 1.974435 -1.838099
348.135284 613.831421 1.797433 -1.716454
349.537994 433.767059 1.772337 -3.282973
349.537994 433.767059 1.772337 -4.513434
352.226990 573.128479 1.828053 -1.463592
352.226990 573.128479 1.828053 -4.410454
353.223602 8.812181 1.953132 -4.202014
352.852020 258.511383 2.236835 1.517774
352.852020 258.511383 2.236835 -1.683777
354.524506 529.911621 1.961046 -1.802556
355.486603 61.415138 2.044074 1.374186
356.329163 135.106552 2.210536 1.534671
360.281372 4.805536 2.001812 -4.231002
361.983032 485.475433 2.256940 -1.606824
362.083557 583.037964 1.919418 -1.749679
362.083557 583.037964 1.919418 -4.268410
362.315247 588.518860 1.944827 -4.264260
364.335358 125.314430 2.322431 1.508421
365.825348 196.420441 1.814426 -1.932347
366.195526 594.890747 1.831194 -4.044613
366.564850 351.673340 1.687504 1.546991
366.572784 508.660156 1.823291 -4.386981
369.462769 485.569153 1.969783 -1.552705
373.709808 614.221008 2.011709 -1.758733
377.888672 20.474331 1.952040 1.433550
377.888672 20.474331 1.952040 -1.987105
378.265106 609.751770 2.068884 -3.915774
381.581512 490.593933 2.148580 1.553256
382.533142 600.136353 1.964504 -2.628772
383.420044 526.999634 2.063588 -1.742699
383.420044 526.999634 2.063588 -2.734888
384.774292 485.598694 2.146032 -1.521738
386.006927 431.582642 2.237681 -1.749475
392.307617 525.102661 2.177012 -1.824317
393.546936 411.030212 2.142813 1.455366
395.230347 124.753693 2.216426 -4.477672
397.614014 49.874367 2.097666 -4.247589
398.937469 35.358231 1.849901 -4.400069
398.608032 524.130493 2.094868 -1.770873
405.577271 467.949371 2.148704 1.533667
404.680511 496.237457 2.039952 -1.574562
406.047302 544.803101 2.040318 -2.344006
405.804199 556.534485 1.926623 -1.734331
407.710266 326.822968 2.171084 -1.522476
412.200256 332.199188 2.035814 -1.380211
413.575562 191.823242 2.241403 -4.587004
413.454895 379.605652 2.300319 -3.199043
415.204498 271.951447 2.106560 1.503301
415.204498 271.951447 2.106560 -1.632333
417.261475 33.131924 1.977110 -2.925454
417.261475 33.131924 1.977110 -4.668336
417.955322 577.505554 2.218240 -1.691858
417.980560 582.982788 1.844884 -4.239728
419.158752 486.129913 2.081241 -1.616312
1.638040 110.563469 2.831410 -4.613449
5.816231 370.836060 2.382591 -4.602528
8.271938 36.977516 2.320612 -1.748717
13.461864 470.592560 2.497252 -2.976352
16.141109 373.287842 2.759386 -4.491733
26.964661 592.901917 2.305293 -2.231114
29.908861 32.622509 2.367312 -1.560792
31.745619 513.846313 2.673334 -2.494498
34.316765 442.927338 2.534551 -2.411959
34.172287 461.250732 2.540234 0.077152
34.172287 461.250732 2.540234 -3.308584
35.108440 93.659065 2.429645 -4.616319
35.719700 426.963501 2.567889 1.338658
36.182159 450.458435 2.440569 -2.390652
37.829678 576.271851 2.500867 -1.135229
41.526623 301.760345 2.932125 -2.860188
43.635231 372.240082 2.572238 -3.774460
45.879986 45.925442 2.352315 -4.481258
46.067783 90.187004 2.835048 1.213960
49.034649 276.737366 2.608647 -3.732027
49.786106 143.074402 2.771336 -1.843087
49.813347 515.999939 2.483906 0.880003
59.143192 187.795029 2.497413 -1.921743
62.013840 61.754211 2.592808 1.528446
64.458603 572.052307 2.331355 -1.890524
65.958000 429.362213 2.413808 -4.463892
69.333008 62.237503 2.657736 -3.343296
68.507248 633.527466 2.805686 -2.173155
77.212471 620.083618 2.752846 -2.419579
77.441940 31.348421 2.469513 -1.887830
79.104927 62.479706 2.439572 -3.267001
81.675575 76.694397 2.506891 0.908715
81.675575 76.694397 2.506891 -3.923797
82.635101 84.830544 2.372062 0.889243
82.635101 84.830544 2.372062 -3.494562
82.598351 404.086700 2.574439 -3.094431
89.492538 50.024132 2.531423 -4.123828
88.825615 634.893311 2.426842 -2.902362
91.948135 167.816147 2.413274 -4.448396
93.798172 106.240959 2.358459 1.541020
93.798172 106.240959 2.358459 0.283870
93.798172 106.240959 2.358459 -0.788922
95.449036 71.870430 2.578182 -3.736779
95.449036 71.870430 2.578182 -4.689052
96.148300 36.447563 2.713096 1.543926
96.180458 185.170334 2.494389 -3.006654
101.632790 59.709984 2.543812 -4.408225
103.350594 134.913788 2.581685 -1.709587
107.642509 363.977539 2.386607 0.784687
113.845200 231.075836 2.500731 0.285841
114.495850 141.081406 2.306148 1.442160
115.136429 485.214172 2.646974 1.002743
121.430809 299.963470 2.753910 0.886132
121.905624 279.949371 2.772096 0.659984
123.160995 139.862534 2.370312 1.425361
125.827904 292.424347 2.542251 0.437017
127.337570 470.205536 2.606112 -0.217462
129.534760 139.169724 2.570808 1.519263
130.607117 145.896225 2.477318 -4.413238
131.810425 517.318298 2.535804 0.423180
132.524811 195.987152 2.620990 -1.907189
133.788147 413.338654 2.619426 -0.177881
138.987122 114.251907 2.533313 -1.759226
140.287720 137.328339 2.508998 -4.583559
141.807190 144.101410 2.754722 -4.318993
142.487198 209.844421 2.466777 -4.506891
144.277710 247.872299 2.690365 0.819331
146.801300 34.269524 2.454037 1.069841
146.801300 34.269524 2.454037 -4.407799
147.235275 306.555145 2.638455 -2.073984
148.247299 271.628479 2.322031 1.190455
151.859909 136.233521 2.734758 -4.529915
152.826187 197.764008 2.378551 -3.777542
154.619827 111.999031 2.685659 -1.812048
157.053619 404.250824 2.434423 -3.225488
157.599258 313.233948 2.583428 -2.880635
158.629196 278.847229 2.637559 -3.121604
161.443039 603.160156 2.371858 1.175429
161.443039 603.160156 2.371858 -0.246673
162.069565 133.992325 2.339740 -4.651040
163.864685 291.928223 2.231633 -3.085746
165.538834 28.146824 2.590052 1.338536
168.408386 60.071087 2.294511 -4.478020
175.836563 139.166550 2.342343 1.564813
177.757309 583.757935 2.689065 0.101397
179.745148 132.676117 2.558504 -4.311238
185.858978 474.077148 2.254314 0.032528
191.296341 289.454376 2.309162 -0.853147
192.739685 524.128113 2.329935 -0.068046
192.739685 524.128113 2.329935 -1.650259
194.562820 122.417397 2.758603 -1.813557
197.353149 129.151123 2.335891 -4.634055
198.226059 469.093048 2.309396 -4.446097
205.454056 24.961477 2.628849 -4.178678
206.407166 302.581207 2.742582 -0.958078
208.456451 283.838715 2.551713 -4.099657
213.524902 128.105621 2.806147 1.443680
213.446884 248.333664 2.579565 -1.343427
213.626678 140.754730 2.295955 -4.465241
215.506042 317.943237 2.420441 -4.183693
216.305603 30.617485 2.276560 -4.456113
217.001633 422.972382 2.291430 -4.620709
224.662079 261.496857 2.726174 1.492927
224.662079 261.496857 2.726174 -1.527317
229.559631 44.473888 2.486061 1.529099
230.337021 125.748482 2.457971 -2.031463
230.962021 363.688721 2.735465 -3.131059
233.233185 95.973793 2.335180 -2.265333
232.502930 272.615173 2.268590 1.502220
232.502930 272.615173 2.268590 -1.182177
235.680908 468.837067 2.416448 -3.422365
237.898438 131.238419 2.437162 -2.225008
239.784042 215.851990 2.445346 -1.635170
241.344284 115.831047 2.428416 -1.879411
251.045135 123.042648 2.669453 -2.158377
251.304184 141.203812 2.413702 -4.308340
253.251740 114.913651 2.682295 -1.973114
252.702225 245.737061 2.700152 -1.698846
253.481674 419.273651 2.446098 -3.487674
256.637512 320.783997 2.457574 -3.659840
258.041595 251.875534 2.556336 1.518146
258.041595 251.875534 2.556336 -1.666643
259.139496 121.011429 2.437989 -2.230165
259.139496 121.011429 2.437989 -4.102508
263.557190 113.641075 2.554537 -1.958515
262.858795 138.298874 2.640985 -4.286690
263.848022 27.773151 2.688386 1.276453
264.388428 127.658905 2.736337 -2.146185
264.388428 127.658905 2.736337 -4.247829
263.968292 319.579529 2.349984 -3.669073
271.667084 440.242737 2.490241 -3.142491
272.450562 535.988037 2.787350 -1.934852
274.676483 9.148392 2.686271 -3.941970
278.472870 444.444611 2.809660 -3.206966
278.472870 444.444611 2.809660 -4.224034
280.443939 485.558472 2.252057 -0.456701
280.061096 521.207764 2.324742 -1.777203
281.775848 250.425781 2.646107 1.468931
281.775848 250.425781 2.646107 -1.597661
283.228333 357.551025 2.786901 1.360463
283.228333 357.551025 2.786901 0.137573
288.503693 46.768230 2.446499 -4.708508
291.272156 124.938972 2.590403 -1.944358
291.083954 575.212524 2.439501 -3.934856
292.332581 138.169342 2.475545 -4.680468
291.930725 605.709778 2.548920 -2.106343
295.736786 575.422974 2.571036 -4.071529
296.570618 194.772705 2.311085 1.384895
297.576660 328.566437 2.991817 -4.706148
304.263916 621.981628 2.628302 -2.258482
305.225891 542.671387 2.687791 -1.853995
307.139221 607.066223 2.327050 -1.742507
312.447052 512.873230 2.688018 -1.919035
321.051422 456.485138 2.282819 0.014382
324.025360 144.051529 2.237545 1.556808
327.129669 554.531372 2.905827 -1.771156
330.324707 589.531982 2.741592 -3.676764
330.548889 49.236862 2.364108 -4.184553
338.637299 512.528931 2.765767 -2.413743
349.010040 211.481277 2.691203 -1.662702
347.964172 579.621521 2.851305 -1.678337
349.581238 15.077815 2.509412 -3.925165
352.091492 245.146317 2.687490 1.531650
352.091492 245.146317 2.687490 -1.706518
357.150696 411.914062 2.618176 1.534159
358.876831 20.491283 2.348310 -4.148043
364.111572 601.828979 2.792833 -3.824824
365.088989 135.830948 2.608688 -4.685684
366.032837 316.561218 2.387233 1.212935
366.032837 316.561218 2.387233 -1.643786
365.591125 326.094604 2.626914 -4.627811
370.649719 129.359650 2.364053 1.522561
375.049500 507.495483 2.426656 -4.257148
376.174866 531.139771 2.451396 -1.758275
378.270233 8.994720 2.330515 -4.691467
378.069611 85.481750 2.546787 -1.745804
378.587067 125.441910 2.950263 1.445656
380.124908 353.806091 2.704962 -4.687288
380.849579 32.965202 2.714251 1.483661
381.451843 411.711121 2.649418 -4.637687
383.185791 567.332947 2.565648 -1.792857
383.994629 538.073914 2.786837 -1.795508
386.018555 242.567322 2.826459 1.501067
386.018555 242.567322 2.826459 -1.639856
386.941559 361.914307 2.255337 0.012064
386.941559 361.914307 2.255337 -3.020560
390.617279 549.476624 2.435811 -3.345809
391.528320 40.263229 2.432745 -4.367467
399.207703 531.351929 2.713768 -1.916297
399.219360 613.774780 2.583519 -3.356552
404.166595 581.764526 2.300705 -1.682085
404.166595 581.764526 2.300705 -3.805992
406.213989 372.156067 2.483355 1.482957
407.861847 50.006645 2.491569 1.458401
408.960358 65.058334 2.586628 -1.782265
411.016418 410.921570 2.547151 -4.626348
415.125946 54.593037 2.586937 -3.679303
419.895874 124.047829 2.379421 -4.595945
420.810120 260.401489 2.562578 -4.706417
10.248540 11.942966 3.007554 -3.773931
11.226703 265.362213 2.906473 -4.413853
20.011974 405.911682 3.208077 -2.990273
21.619886 52.003296 3.157492 1.440449
29.196890 384.818054 3.599650 -0.998736
31.913063 242.414734 3.566236 -4.182206
32.788597 79.793961 3.524183 -4.532817
33.108898 475.709229 3.191973 -3.066612
36.252094 378.004028 3.377503 -3.676559
38.118740 13.475318 3.081253 -2.626323
47.707932 116.182411 3.159278 -2.187424
55.149910 522.411255 3.434813 0.841477
56.988422 75.281609 2.972890 -3.150889
56.988422 75.281609 2.972890 -4.640510
60.277306 406.890411 3.082999 -1.769749
61.806847 260.296387 3.369209 -1.003768
61.806847 260.296387 3.369209 -4.420803
60.799877 383.029938 3.163535 0.267777
66.414581 43.758545 3.023305 -4.513383
74.629906 386.916840 3.609082 -1.850535
78.757454 500.690125 3.206260 -2.938385
79.491417 473.600159 3.472844 -3.261428
83.758415 629.678589 3.466410 -2.589152
85.218536 506.552399 3.258006 -3.028832
101.315697 518.937073 3.184959 -4.328755
103.660675 26.538109 3.154760 -2.051849
110.195122 457.114746 3.278768 -0.034862
111.533440 372.427307 2.868914 0.443813
116.325813 65.008018 3.218757 -4.339562
116.170921 216.604950 3.494388 1.190060
124.419914 345.922302 3.432394 -0.430639
125.360374 115.909149 2.978571 -1.592913
143.280594 197.138535 3.022224 -3.701046
146.328125 44.472363 3.046532 -4.526499
151.325012 59.988377 3.009010 1.522117
156.532852 335.395844 3.158041 -3.103705
158.665909 252.445251 2.476848 -3.231346
175.174591 82.105453 3.453663 -4.618324
187.993927 248.397949 3.469074 0.110002
187.993927 248.397949 3.469074 -4.000571
188.364380 276.731201 3.597465 -0.215956
190.567673 147.019165 3.295715 -4.189278
194.018417 435.919861 3.285390 1.223773
196.664902 294.940277 3.035243 -0.921047
198.030304 620.375610 3.267873 -1.450508
203.071777 38.767651 3.138173 -4.318504
203.091553 91.402031 2.902982 -1.716435
203.811340 476.846985 3.417681 -3.645190
207.250916 515.533875 2.790549 -1.989938
214.197739 38.468208 3.528287 -4.420147
214.528244 309.094910 2.991327 -0.851965
221.366516 37.331360 2.877079 -4.232838
223.472031 565.995056 3.196254 -4.398523
230.107681 60.160465 3.282835 1.302958
230.142532 476.507111 3.592634 0.469482
230.142532 476.507111 3.592634 -3.238343
234.753189 592.602478 3.483482 -3.009507
239.058289 484.912476 3.212561 -3.347490
241.358521 294.221497 3.468410 -3.858230
246.939941 568.555603 2.907734 -3.965131
248.540161 478.305847 2.795743 -3.130227
251.926468 306.056000 3.216050 -3.838425
254.444504 319.773376 3.257374 -3.658565
257.962006 312.559631 2.967983 -3.766980
259.326965 471.535492 3.158284 -3.027115
269.376221 401.333069 3.223871 -3.146386
272.209503 97.207893 3.462241 -1.616491
280.466095 513.517212 3.140187 -1.793878
282.767395 591.659668 2.995190 -3.644688
283.786804 387.268005 2.740004 -0.406149
285.316589 119.000809 3.162723 -2.040627
285.588196 476.462006 2.925452 -3.247624
293.646942 291.173065 3.136189 -1.781005
297.757690 522.256470 3.211987 -1.759839
305.224487 372.286407 3.108413 -3.839613
316.981049 123.516510 3.228086 1.158796
319.663879 615.951355 3.083702 -1.632255
320.790802 91.631241 3.534422 -1.824790
322.814697 113.014442 3.268003 -4.469602
324.002686 466.569611 3.528226 -0.958785
324.002686 466.569611 3.528226 -4.608052
327.531799 1.657310 3.581280 -4.173560
331.993256 498.050873 2.972769 -4.233416
338.828064 279.432526 3.375025 1.436395
338.828064 279.432526 3.375025 -1.458322
342.134766 109.029205 2.875418 -4.470315
341.775757 554.859436 3.302097 -1.713665
345.373840 7.823263 2.947657 -3.889603
345.799713 499.266418 3.022639 -2.134533
345.799713 499.266418 3.022639 -4.082631
352.929413 466.929688 3.085261 -1.611642
360.377747 86.427101 3.712656 -1.767197
364.490051 555.466858 3.517603 -1.678272
366.022461 58.830120 3.066272 -4.568691
366.334015 498.482300 2.877403 -4.351692
371.517181 538.808105 3.439329 -1.762262
376.857819 499.241302 3.305031 -1.661670
376.857819 499.241302 3.305031 -4.496463
379.301147 335.662079 3.343892 -1.600548
379.301147 335.662079 3.343892 -4.605021
382.245178 105.481018 3.523205 -4.675092
384.333466 46.834160 3.896748 -4.499451
391.136627 112.786766 2.906862 -1.823224
391.136627 112.786766 2.906862 -4.358221
389.869965 133.090698 2.976305 -4.587919
393.489471 354.573303 3.600562 1.545959
402.092010 103.081223 3.275907 -4.691403
402.940704 41.672985 3.051034 -4.518772
407.471191 445.984222 3.098255 -2.876854
408.882568 456.701050 3.020538 -2.635208
415.199249 101.278191 3.306182 -4.528909
414.792755 431.484802 3.096059 -3.488303
418.784454 13.780222 3.186011 -4.283024
6.615832 56.065781 4.003789 -4.655990
15.798876 385.869263 4.503633 -1.579573
18.930746 430.256927 4.020724 0.627886
18.158789 572.390381 3.895723 -1.664752
32.018333 67.014412 3.629411 1.545817
32.383125 242.736908 4.010994 -4.170038
35.423153 396.808167 4.135813 -0.833927
35.423153 396.808167 4.135813 -2.941330
40.338768 590.921143 4.379137 -1.646534
68.540436 198.945633 3.736563 -3.962077
71.914230 188.799744 4.078744 -1.058059
73.760208 332.755463 3.730045 1.557289
74.375053 22.269215 3.718258 -0.069441
80.550674 139.394180 4.831214 -4.709827
81.913460 343.754211 5.075702 -3.242694
104.900246 157.376297 4.098176 -4.464993
107.412086 631.124207 3.592062 -2.593638
108.827950 543.851868 4.383906 1.560372
108.827950 543.851868 4.383906 -0.468938
113.646263 312.286987 3.814470 -1.051962
115.429504 513.640015 3.858790 1.305081
115.821205 216.814224 3.499695 0.958438
119.860161 281.274200 3.739249 0.654666
137.174103 25.096025 3.717014 -4.678969
152.799759 499.719543 4.521831 -3.218310
154.995499 387.623077 4.045872 -3.232781
154.114868 407.944122 4.844403 -3.193543
156.498123 125.859558 3.675956 -1.842608
188.912262 250.851318 4.210664 0.123219
188.912262 250.851318 4.210664 -4.028117
189.069824 276.215515 4.152704 -0.208240
191.127258 184.911301 3.906321 -1.387241
196.022186 109.820663 4.428487 -1.963729
197.563873 620.162415 3.303116 -1.168947
217.130783 478.694550 4.449557 0.674064
217.130783 478.694550 4.449557 -3.773750
218.985962 56.972031 4.083611 1.321153
222.081345 272.113678 4.545611 -3.870732
222.240219 556.470947 3.703498 -1.771235
231.858398 282.859039 4.312442 -3.908881
230.041428 476.449463 3.501285 0.577894
238.158905 53.408859 3.982825 -4.151122
243.450714 295.877258 3.981443 -3.832583
246.690750 509.065887 4.081998 -2.404223
250.237946 101.574715 3.959977 -2.178163
254.335587 54.496403 4.432601 -3.995450
277.044800 546.384705 4.033113 -1.777995
277.283783 600.810730 4.173438 -2.303905
280.215424 346.826843 4.310855 -1.005737
283.265167 95.150284 4.046807 -1.818422
284.563416 358.854065 3.769038 1.171725
284.563416 358.854065 3.769038 0.233075
295.051819 484.058197 4.192118 0.011737
297.650970 547.947266 3.771465 -1.661761
304.452698 439.868591 4.041230 -0.627476
306.495728 20.496376 3.877323 -4.467604
308.780060 605.310303 3.830956 -1.888143
313.780365 410.918396 3.968965 -4.516889
314.419312 435.834534 3.952301 -0.571273
318.281525 449.931641 4.136127 0.022326
322.808960 80.524261 3.700439 -2.002482
329.408447 455.776245 3.955908 0.083265
329.408447 455.776245 3.955908 -1.542902
331.751862 475.854401 3.729449 1.547620
331.751862 475.854401 3.729449 -1.580664
331.639374 563.047668 4.350112 -1.734828
335.934265 430.526886 4.489026 -3.180181
337.537537 464.776337 3.917141 -1.481768
336.800232 622.292480 3.548579 -2.214081
344.221619 581.504639 4.052643 -1.843222
353.106232 564.375183 4.004139 -1.682365
362.721680 107.483101 3.680673 -4.631420
365.847961 334.858154 3.883981 -4.587383
370.678101 564.730164 4.146387 -1.633434
373.603516 614.029114 4.146202 -1.907717
373.723541 626.708801 3.860108 -1.918855
377.491852 13.670276 4.000789 -4.655257
380.637299 467.331787 3.986042 -1.471881
382.762299 557.046814 3.640801 -1.821217
384.150543 46.944721 3.680933 -4.254504
386.283447 368.629333 3.663883 0.679197
386.283447 368.629333 3.663883 -3.992083
393.996826 277.309265 4.403430 -1.769832
393.996826 277.309265 4.403430 -4.632252
393.913177 355.092896 3.818808 1.540085
394.780762 581.177246 3.619411 -2.591321
400.889404 79.702065 4.221661 -1.837707
416.723389 477.250916 3.977008 -1.726025
416.723389 477.250916 3.977008 -4.188566
21.096283 84.932594 4.868662 0.486161
32.482399 147.746399 5.871566 1.570591
44.887321 541.853210 4.973637 -0.306592
47.938244 435.903107 5.663100 0.212753
47.938244 435.903107 5.663100 -3.053303
49.972256 393.840271 5.766748 -3.024821
54.134583 281.590088 5.487190 -3.494438
53.158825 295.517853 5.363704 -3.072304
60.267071 143.217621 5.006289 -4.664214
69.505157 418.180328 5.014538 -4.485679
76.504173 266.584076 5.292650 -4.315093
87.468979 552.759583 5.391588 -3.154296
88.336899 27.569345 4.706194 -1.539574
87.567848 152.813370 4.553281 -4.627333
97.395775 92.918564 5.099756 -4.362462
149.446091 587.137756 5.243718 -2.436676
155.065918 227.850052 5.351691 -3.672710
162.548065 114.272888 5.057344 -1.833764
189.550827 536.380798 5.983954 -0.176825
202.325821 249.574310 4.618670 -3.931369
207.999908 50.589428 4.619524 1.527744
208.844711 434.772766 5.326647 1.232930
211.841736 258.805328 5.394523 -3.886005
222.211273 408.381104 4.848508 -1.673298
226.013733 321.273102 4.942984 -4.502840
232.142899 115.972031 4.761971 -1.886653
242.848618 42.881218 4.901979 -4.163809
270.577484 325.201965 5.548638 0.585377
281.348755 398.697601 5.652664 1.063145
281.348755 398.697601 5.652664 -1.000235
286.089447 497.417114 4.686484 -4.502473
289.312347 58.075111 5.601190 -4.375303
305.204865 45.451820 4.561335 -4.159680
306.899689 477.416199 4.991688 0.236878
319.891663 348.601776 4.805149 1.516703
344.928650 551.688904 5.484935 -1.868656
373.154785 583.973755 4.576539 -1.904900
379.088501 455.876495 4.857111 -1.475504
393.856781 545.000488 5.588721 -2.069713
407.780579 514.668396 5.488869 -2.250802
412.402344 313.909332 4.837783 1.520155
49.095699 372.933441 6.315943 -0.323959
50.641449 353.723511 5.794114 0.025217
59.505230 98.156075 5.527664 -3.918513
82.653748 202.840347 7.130564 -1.033949
82.653748 202.840347 7.130564 -4.628645
83.022972 222.785141 6.462687 -4.651280
96.947517 236.477493 6.266497 -3.120446
118.647842 438.117279 7.322533 -0.116123
121.815292 308.339844 6.261760 0.665406
144.283676 115.635895 5.895129 -2.029400
147.354004 184.019623 6.454528 -1.297660
150.454956 540.579102 5.928284 -3.105504
165.853439 587.475586 6.532509 0.442065
172.558334 65.406143 6.560253 -4.530569
188.995544 231.755173 6.022619 -0.116366
190.791595 256.378357 5.845871 0.160271
192.808762 388.494659 7.135196 -0.166186
196.645752 211.607498 6.875397 1.060832
244.606949 13.182817 6.125347 -4.037715
245.781555 442.811127 6.505778 -3.325445
261.634216 542.849487 5.099285 -1.936340
261.717133 396.477631 5.879663 -1.935539
274.394958 235.303619 6.205965 -1.708498
333.555847 382.908081 5.834487 -1.592281
351.362793 453.921356 6.298302 -1.492819
353.206482 432.622314 6.500834 -4.678723
17.895582 590.834961 6.981040 -1.655099
34.565010 616.854736 8.075979 -1.750507
37.503685 565.638672 8.350271 -1.626685
43.747841 511.889526 7.752762 -0.337267
43.747841 511.889526 7.752762 -2.712533
82.519188 202.564575 7.222486 -1.122988
82.519188 202.564575 7.222486 -4.551686
96.356071 356.936981 7.222860 -3.093213
116.568810 573.305420 8.978256 -4.408149
189.704391 572.866577 8.029993 0.574203
192.179138 453.580780 7.556240 0.233046
212.463425 413.234039 7.914029 -1.663789
215.405060 461.148895 7.980946 -3.656905
225.158920 388.783997 8.315136 -2.803189
228.338303 431.654816 7.678840 -3.301547
248.781494 440.371826 8.040189 -3.403406
330.396057 605.133179 8.230822 -2.193175
365.190735 517.635193 9.035725 -2.153574
389.537567 616.523682 7.722294 -3.100664
404.447113 417.486938 7.803964 -4.612558
27.979189 351.702606 9.433578 -4.587906
48.903393 250.591522 10.495105 -4.054044
47.563690 460.157806 9.492087 -3.496705
55.671864 11.561483 10.325097 -3.272930
71.010727 440.984924 9.412009 -3.274001
69.029167 485.632782 10.926661 -3.164006
69.623360 532.335815 9.887398 -3.052745
73.977760 355.341766 11.258488 -3.085597
75.074066 294.871796 9.891086 -3.437538
94.479439 466.049042 10.455848 -3.240552
92.627739 548.768860 9.137405 -3.207239
107.919487 598.900574 9.203837 -2.633032
147.975159 280.595276 10.616862 -3.222517
197.281067 272.902771 10.060607 -0.214939
197.281067 272.902771 10.060607 -3.929061
194.976624 483.525757 10.143243 0.015090
293.103912 371.927521 10.828175 0.170171
292.911438 441.729614 10.162808 -0.816747
320.940643 311.489502 11.625677 -4.681738
336.245087 35.333771 9.669162 -4.389220
338.616638 372.924896 10.939846 -1.655405
366.520050 610.129639 10.271255 -2.326387
49.892815 324.134521 12.246662 -2.221668
49.892815 324.134521 12.246662 -4.101333
79.143166 142.223541 11.356816 -4.464574
100.359955 325.248413 12.547278 -3.259274
117.168648 105.505013 14.223795 -2.076139
117.168648 105.505013 14.223795 -4.236483
142.805710 414.909393 11.646034 -3.110501
163.739563 196.089188 13.084945 -1.035144
170.304092 548.278320 11.767379 -0.141893
369.193054 485.639496 13.289258 -1.669923
399.081635 370.710815 11.703461 -1.665488
399.081635 370.710815 11.703461 -4.610408
41.683933 103.980080 16.566738 -4.397681
116.485901 103.890121 14.694322 -2.342402
116.485901 103.890121 14.694322 -4.168638
180.477661 93.099541 15.485787 -2.198176
207.209457 133.484573 15.741289 -4.523952
207.988480 351.482727 17.116295 0.046844
207.988480 351.482727 17.116295 -3.279542
228.694809 87.821930 16.626219 -2.157777
257.283997 351.382080 15.196942 -3.315713
265.935577 561.824707 17.174679 -2.179501
302.456757 243.841263 16.048166 -1.693958
12.458874 280.412537 22.338051 -4.154975
300.465118 68.714073 22.713505 -2.078955
301.178528 514.449097 18.702192 -2.162062
377.481537 209.146667 22.374636 -4.628998
137.264023 506.080200 35.500969 -3.260037
284.232086 136.361633 29.348621 -4.327083
132.026840 437.714294 41.910561 -3.212297
