28 867
30 540
40 647
71 436
77 35
99 44
104 49
108 33
110 27
112 47
114 60
118 55
119 374
122 383
128 48
133 75
134 72
135 73
140 82
144 399
148 438
153 85
158 88
159 405
160 97
161 89
165 91
169 103
171 412
173 113
176 120
177 128
182 420
183 124
187 130
188 140
190 147
191 137
192 436
197 151
198 152
199 159
210 160
211 161
212 450
215 314
217 175
220 174
225 178
226 188
231 184
232 182
238 193
239 194
240 195
242 199
243 206
254 212
255 213
260 215
261 210
265 343
269 217
274 228
278 229
279 232
280 233
281 239
289 242
290 251
291 256
292 259
305 228
316 531
340 883
345 589
351 373
355 373
364 376
367 593
373 66
374 597
375 61
376 392
377 69
378 386
379 387
383 398
385 601
387 84
388 610
389 608
391 92
393 406
395 413
396 414
398 415
400 416
403 422
404 423
407 426
408 431
409 132
410 133
411 428
413 434
414 27
415 635
420 440
421 442
422 443
423 635
425 452
428 451
429 674
430 447
431 450
432 448
433 462
434 639
435 640
436 454
437 455
438 460
439 461
441 647
446 165
447 464
449 467
452 176
453 473
460 506
461 439
463 489
464 488
469 493
470 494
471 492
473 495
474 223
476 61
478 498
479 687
480 499
482 683
483 489
484 488
489 504
490 501
493 508
496 511
503 585
521 457
524 438
531 590
532 380
533 749
534 595
536 596
538 605
539 606
540 402
541 756
542 607
543 610
545 614
547 611
550 615
552 616
554 619
555 620
557 621
558 625
559 630
560 627
561 629
562 632
563 633
564 631
565 636
566 642
568 641
569 457
572 651
573 650
575 657
576 654
577 660
578 661
580 656
583 665
584 666
585 672
586 663
588 667
589 668
592 676
594 680
597 680
598 684
599 685
601 791
605 689
608 509
609 510
611 514
627 911
639 748
640 829
641 751
642 752
643 402
644 753
645 832
647 758
648 759
650 836
651 760
652 763
653 761
654 838
655 625
656 765
657 634
658 767
659 845
660 768
662 770
664 647
665 769
666 845
667 772
668 776
669 652
670 774
671 775
672 848
673 662
674 781
676 658
677 659
678 780
679 782
680 783
685 685
686 77
690 787
691 786
693 788
694 789
695 792
696 793
697 689
700 160
720 886
721 833
722 835
723 893
724 834
726 762
727 837
729 896
730 841
731 842
732 843
733 847
735 773
736 849
737 851
739 853
743 841
748 708
749 337
752 881
753 883
754 880
755 831
756 885
757 889
758 890
760 892
762 914
763 839
764 895
765 897
766 850
767 898
768 899
778 905
779 907
780 909
781 910
782 912
783 913
784 914
785 932
786 916
802 926
803 927
804 925
805 931
806 930
807 944
808 915
809 933
818 942
819 941
820 945
827 952
828 961
831 954
832 955
833 956
835 965
836 962
837 963
