3.965900 82.121811 1.905963 -4.449215
4.250541 564.027039 2.083612 -0.760786
8.066727 230.651794 2.184142 -4.621606
10.759932 478.653503 1.834579 -0.789555
23.490831 122.093002 1.780923 -3.201206
22.761679 636.022156 1.859994 1.019042
22.761679 636.022156 1.859994 -1.498319
25.528189 163.605728 1.960822 1.198076
27.218723 557.877991 1.824747 -0.857558
28.781609 18.815128 1.854316 -0.657218
28.677050 511.587158 2.080144 -3.153313
30.093384 151.896790 1.799789 1.193306
32.471889 136.899811 2.041565 -4.623657
34.025337 17.112686 1.909488 -1.429363
33.574654 623.196716 2.081887 -1.459906
35.270771 545.839539 1.784653 1.399501
35.952278 354.761292 2.005629 1.521999
35.791584 364.270752 2.067499 -1.448242
38.584484 570.884216 1.724379 1.536433
38.694080 435.706360 2.078766 1.311065
41.140236 453.867950 1.868344 0.493604
42.069489 270.587738 2.136631 0.124968
43.303017 581.560059 1.987373 0.291023
43.303017 581.560059 1.987373 -1.627047
44.050201 181.550217 1.646877 -4.630859
46.493542 51.663479 1.808096 0.807973
46.171486 233.794022 2.025294 1.515286
46.026508 572.364319 2.121309 -0.127625
46.304863 596.515198 1.860427 -1.312596
47.641998 114.241821 1.829537 -1.436745
48.258343 308.443817 2.135303 0.455777
48.258343 308.443817 2.135303 -3.457458
49.308067 56.548939 2.183599 0.755471
49.090565 196.317230 1.899417 -0.026965
49.243023 319.068634 1.856545 -3.730400
53.203487 87.742302 1.971169 -1.948301
53.936443 11.416289 1.999381 -1.189171
54.062881 432.633118 2.013626 -1.621582
54.062881 432.633118 2.013626 -4.676007
57.724930 77.054565 1.844828 -1.435397
58.627274 446.249054 2.073310 -2.500409
63.394630 24.152248 1.844812 0.670111
63.599213 97.543930 2.122874 -1.564793
64.337692 202.361160 1.951915 -3.260858
63.881348 469.821014 2.104631 -0.175735
63.881348 469.821014 2.104631 -2.421821
65.061852 208.617767 2.067551 -3.062092
65.935257 285.703796 2.142574 -1.478664
67.074486 49.946682 1.956398 -4.415816
66.828056 79.283875 1.753609 -1.517675
68.432220 261.512848 1.677428 0.601391
70.983040 506.313171 2.023270 0.045138
71.820740 162.174927 2.135000 -3.156631
72.646225 339.173462 2.183558 1.501300
72.879875 71.209114 1.862513 0.397601
75.602989 597.431274 2.146607 -1.091672
82.962288 261.105988 1.832755 1.395232
82.962288 261.105988 1.832755 0.458941
85.625366 12.975666 1.910200 -0.333642
88.113663 81.896057 1.894192 -1.416265
91.377861 572.163818 2.145148 -1.452418
92.944138 625.175476 1.966293 -0.916035
98.252960 55.399979 1.848443 -4.498407
99.362221 313.718781 1.860468 -4.656031
98.775970 546.623779 1.981137 1.454944
99.433594 465.853119 2.222738 -0.005406
102.743111 325.598969 1.611418 -1.607273
106.334175 29.345135 2.062314 -1.585190
106.334175 29.345135 2.062314 -4.267526
105.740372 8.444233 1.919908 1.363337
108.111176 56.935947 1.949956 -1.659332
108.111176 56.935947 1.949956 -4.575975
108.570885 288.236908 1.908993 -1.546565
112.510651 340.282745 1.951091 1.515357
111.612099 436.487061 1.870519 -4.013501
112.702354 414.268494 2.037109 -1.908297
112.702354 414.268494 2.037109 -4.549390
114.828011 309.094940 2.217838 -4.624839
116.593590 38.844006 2.323175 -1.016575
116.378525 288.765137 1.964384 -1.533659
119.382988 628.421570 2.041477 -1.381483
121.263863 414.509460 2.370728 -1.792829
121.263863 414.509460 2.370728 -4.340801
121.440224 308.730896 1.739428 -4.650747
125.718903 374.367035 1.968941 -4.472865
132.387543 463.705658 1.878596 0.030805
133.020752 445.063934 1.926155 -0.130857
133.425629 210.404282 1.956374 -3.451880
138.431396 31.570007 2.161862 -3.309220
139.237503 150.720078 2.174781 -1.674729
139.517746 38.678226 2.032014 0.163847
139.875092 582.172974 2.153950 -1.375377
143.306625 179.507080 2.162037 -0.107558
143.306625 179.507080 2.162037 -2.939865
143.168182 241.789642 2.197740 -4.558406
144.169464 158.521347 2.271404 0.073906
144.169464 158.521347 2.271404 -3.121651
144.098572 557.972961 2.079223 0.918146
144.098572 557.972961 2.079223 -1.055913
144.513809 33.607079 1.977304 -4.548781
148.989319 166.619934 2.035885 -0.000522
148.928223 395.483551 2.202400 -0.163562
154.220352 205.133026 2.035381 0.191078
154.220352 205.133026 2.035381 -3.257617
154.371033 417.517792 1.867314 0.271070
155.743210 511.723877 1.983404 1.418180
155.743210 511.723877 1.983404 -2.843106
156.719833 113.762589 2.238839 0.431283
156.719833 113.762589 2.238839 -3.732180
156.737045 445.730988 2.153602 0.010985
156.737045 445.730988 2.153602 -2.969787
156.664948 467.159729 1.911685 -0.055795
156.664948 467.159729 1.911685 -1.655540
156.664948 467.159729 1.911685 -3.466720
158.220917 378.944305 1.909072 -0.099877
158.220917 378.944305 1.909072 -3.056922
159.197784 456.423920 2.059082 -3.417715
161.073288 82.951683 1.896185 -4.258318
161.248566 362.358734 1.985109 -3.733685
161.879593 137.008820 1.857791 -3.322018
161.897690 347.555603 2.080968 -3.049287
163.802505 498.570953 1.991043 -4.431175
168.313187 30.267429 2.151239 -4.220227
168.575531 54.681789 2.179114 -2.618721
169.122482 61.581551 2.010120 -4.261722
172.046463 398.689545 1.881652 -2.910942
171.861969 626.442017 1.898938 -0.970486
172.984726 194.580582 2.203101 0.260619
173.003433 311.185272 2.111351 -4.298739
174.045486 50.835373 2.294555 -2.855625
173.929398 516.378967 2.082766 -1.081806
173.929398 516.378967 2.082766 -3.017825
176.039627 283.251923 1.956365 -3.132726
178.665924 70.768082 2.005929 -3.857993
182.201736 320.015686 1.890073 -3.331736
186.171127 603.565857 2.146295 -1.426994
200.008102 247.276459 1.881521 0.071070
203.062851 20.822418 2.261658 -0.723200
203.062851 20.822418 2.261658 -2.093528
203.891098 510.054260 1.829733 -0.913143
208.226379 306.862488 2.031707 -3.417087
211.257980 84.182434 2.174476 0.454911
211.643066 109.246033 2.001632 -1.561945
213.932373 479.745972 1.882548 1.499751
213.932373 479.745972 1.882548 -0.632603
215.101273 410.610382 2.099021 -0.908639
216.369324 394.087280 2.015914 -4.537201
217.883087 202.440948 1.735423 -4.458854
217.896912 332.584717 2.112008 -4.690504
219.424774 298.669189 1.926569 -4.536014
219.859344 77.427734 1.941292 -1.296450
220.852417 27.198311 1.843008 0.168673
223.523956 464.359924 1.825258 -4.074212
224.521103 507.587952 1.866876 0.374232
227.121155 42.591805 1.775311 0.362388
229.947586 420.224091 1.857052 -1.723697
233.209991 80.354591 2.385170 0.831351
233.209991 80.354591 2.385170 -0.597649
231.939362 199.632278 1.712501 -1.439816
231.464020 368.953217 1.941341 -1.480891
233.829407 618.971252 1.919815 -1.397149
235.471680 237.440689 1.806356 0.006898
235.471680 237.440689 1.806356 -3.795558
235.226242 445.829437 2.171550 1.156297
235.226242 445.829437 2.171550 -1.459381
236.527649 130.361115 1.863174 -2.851888
237.294678 151.424759 2.076343 0.857323
237.756577 90.809357 1.907300 -0.168513
238.549927 195.443390 2.197809 -2.425419
239.202316 300.051025 1.868460 1.524613
239.189438 347.364563 2.016347 -3.994885
240.357742 552.384399 2.247278 -1.285593
241.578995 254.279312 1.910951 -2.064797
251.735367 121.934631 1.999911 -4.537838
253.508469 458.926117 2.359208 -1.395089
254.999176 234.777191 1.977169 -3.614003
255.045120 487.567352 1.941964 -3.014626
257.259430 337.809631 1.933228 1.048721
259.500458 78.977913 1.957679 -4.387450
266.157227 58.219727 1.974826 -0.942816
265.840576 255.089340 2.214831 -0.763500
266.194550 464.449951 1.932341 -0.749778
266.380615 603.875854 1.945810 -0.326241
267.182861 405.600220 2.091568 -1.615086
268.076538 533.437622 1.873300 -1.507001
270.311157 50.852966 2.280113 -1.607569
273.802887 90.897614 2.134815 -4.578667
276.049927 4.953231 2.177704 -2.660959
276.798492 18.379910 2.156715 -2.783890
276.375305 326.381409 2.279868 1.052703
276.271393 348.186371 2.188978 0.901168
276.514160 412.811951 2.140282 0.952719
277.291565 403.552460 2.284228 -2.301363
277.291565 403.552460 2.284228 -4.597613
280.463959 429.141571 1.949027 0.059529
280.463959 429.141571 1.949027 -3.068327
280.693542 573.086975 1.781653 -1.350320
285.330505 503.110138 1.911486 -1.328518
286.579407 548.510010 1.890132 0.994493
286.579407 548.510010 1.890132 -1.339027
288.381378 80.114449 2.276444 -4.224732
290.204712 337.206909 2.077052 0.270501
291.871948 7.412890 2.297396 -4.605015
291.711975 405.880829 1.783912 -2.597571
291.711975 405.880829 1.783912 -4.007675
295.516022 337.163513 1.909240 0.325764
300.102936 8.999937 1.870117 1.307810
299.623352 69.274582 1.816418 -1.686528
300.881744 348.066956 1.888149 -0.028370
304.387878 639.651489 2.280410 -1.470619
306.416565 299.790710 2.021943 -1.530160
307.318085 243.222275 1.971958 -3.502512
308.871552 192.822189 2.072739 -4.609279
314.909698 392.021332 2.002060 -2.104973
318.346802 118.745903 2.025291 -4.172955
322.371979 70.086197 1.822229 -2.282712
323.051453 113.878128 2.123355 -4.120984
324.104889 46.336872 2.187383 -3.447028
324.469238 466.984650 2.009525 -0.048426
325.420258 435.230713 1.767123 -0.076559
325.820190 446.497375 1.835147 0.169161
329.348602 319.376373 2.271064 -0.387715
329.348602 319.376373 2.271064 -1.485961
330.434814 42.433517 2.000490 -3.432490
331.255554 119.171173 2.148363 0.598233
330.789703 545.481445 1.832109 -2.099913
330.884003 561.956909 1.998198 -1.836835
336.499115 548.664368 1.962252 -2.201766
339.781311 197.058167 1.919209 -4.368061
341.026031 531.637024 2.061424 1.299751
344.471954 119.157326 2.182086 -2.419437
346.375519 473.670837 1.891753 -0.481737
346.206848 552.496399 1.824082 -1.626846
347.274414 361.440735 1.734996 -3.768980
348.194855 64.500824 2.115325 -2.750817
352.262451 494.402893 1.963686 -1.655585
353.198792 310.233307 1.874983 1.114470
353.198792 310.233307 1.874983 -4.259515
358.508087 22.418083 2.005419 -2.672272
360.875000 563.177917 1.798878 0.661926
360.875000 563.177917 1.798878 -1.549955
362.160675 499.458282 1.965994 -3.805136
362.412140 544.124878 1.875908 -1.622599
363.806427 464.210510 2.276583 -0.012564
365.090820 326.679291 1.859594 1.484265
365.090820 326.679291 1.859594 -1.332679
364.535614 600.067749 1.930199 -1.279958
374.444031 589.956909 2.091406 -1.426125
375.079163 476.991913 1.780854 -3.131820
378.187561 336.202515 2.142364 -1.810477
380.476257 228.900360 2.154625 0.837095
379.732269 497.989319 2.237977 -4.253966
380.476257 228.900360 2.154625 0.837095
382.618073 44.085453 1.905729 0.617946
386.128296 434.855072 1.878211 -0.021754
387.577087 37.470665 2.060061 0.595693
389.765656 580.391052 1.979612 -1.729723
392.133575 31.017887 2.095735 0.636344
395.063477 280.066437 2.076488 -2.112101
398.791718 14.330116 1.826347 0.660097
402.678162 16.902775 2.059001 0.642760
404.150055 388.389496 2.013396 1.427649
404.803619 85.631187 2.040251 -2.061184
410.177551 194.046875 2.057922 -1.175466
411.025024 313.716187 1.917833 -0.818466
412.054291 385.951172 2.088623 1.189056
411.744598 584.942444 1.821095 -1.529407
416.465912 45.532188 1.945404 -2.689403
417.212738 170.777191 2.037691 1.418708
6.112124 142.281021 2.650480 -1.536640
6.112124 142.281021 2.650480 -3.048180
6.745500 76.738708 3.295606 -1.016256
6.572271 393.476105 2.653454 -3.197197
8.218037 14.886229 2.221613 0.034291
12.189791 138.972916 2.412111 -3.068687
12.231973 566.925049 2.453489 0.492648
12.231973 566.925049 2.453489 -0.430065
14.428349 10.944595 2.684026 0.054572
15.207704 123.966881 2.572220 -3.235952
16.100813 270.627289 2.644387 -0.908638
16.278755 580.516907 2.760709 0.176167
23.046577 256.795288 2.645321 -0.960080
23.046577 256.795288 2.645321 -2.031375
24.068159 30.078098 2.426417 -0.579177
28.328970 524.355286 2.158044 -2.707147
29.441036 25.500273 2.366202 -0.587238
30.428549 61.684338 2.438911 -0.104671
32.602936 431.288452 2.392078 -2.680261
33.343231 529.833069 2.709302 -4.564650
37.304794 22.839848 2.393755 -1.217566
39.531456 454.639496 2.500182 0.323511
39.993908 7.251837 2.819634 -4.482289
44.016716 481.980042 2.373935 -0.202307
45.069550 552.853394 2.395918 1.436019
46.802059 209.499435 2.622859 0.138605
50.365383 559.938904 2.386303 0.026946
52.334705 506.529572 2.459018 -2.935602
53.036018 623.791748 2.552075 -1.254375
57.159725 177.150009 2.739314 -4.503182
58.328690 414.942322 2.740866 1.518523
60.617531 140.899353 2.655516 -3.553156
61.586823 432.821777 2.235866 -0.265174
62.421448 422.223328 2.509121 0.297824
64.456795 506.666656 2.759357 0.148282
64.456795 506.666656 2.759357 -1.876338
66.339127 228.182846 2.296085 -2.764589
65.623611 381.769135 2.288419 0.836746
65.623611 381.769135 2.288419 -1.097779
66.589516 148.506622 2.697464 -3.105650
68.695045 28.680552 2.293717 -3.347552
68.867401 103.312698 2.398131 1.208961
68.867401 103.312698 2.398131 -4.269226
70.312447 59.637043 2.900809 0.837614
70.312447 59.637043 2.900809 -2.972644
71.061516 183.627731 2.619174 -3.219757
72.377342 354.376526 2.488480 -0.115506
74.028999 218.725739 2.485896 -1.723654
75.175117 458.043518 2.698235 0.104709
75.175117 458.043518 2.698235 -3.146282
78.207153 393.699219 2.294151 -0.300834
77.886597 528.345398 2.430574 1.496722
78.508881 625.908386 2.759990 -1.132075
78.802551 136.634323 2.889686 -1.583474
78.802551 136.634323 2.889686 -4.425280
81.511444 328.564636 2.598113 -0.156932
87.603500 219.119522 2.739894 -0.123404
87.927574 101.020264 2.395338 -1.511810
90.438568 162.109177 2.644759 0.241514
91.575943 61.051903 2.802775 -4.391066
91.266235 146.410309 2.321784 0.251345
93.446091 107.051376 2.465420 0.504000
93.771553 42.971756 2.860009 -4.198057
97.903137 145.943726 2.355629 -1.481955
105.040154 36.683659 2.442153 -1.548630
107.473389 388.252380 2.537913 -1.522569
107.140686 423.093018 2.784610 -0.356334
106.731880 430.982361 2.240119 -0.140587
113.638756 221.330856 2.525173 -1.555120
117.111160 30.210793 2.322457 -3.279307
117.002884 388.240601 2.622098 -1.550827
117.654434 421.014526 2.719851 -2.746843
119.228592 58.455303 2.404369 -4.570429
120.906799 572.157410 2.742130 -1.075715
126.203972 232.000153 2.677209 0.043009
126.203972 232.000153 2.677209 -4.388837
128.748596 61.371799 2.914912 -4.494619
137.490936 355.503296 2.376229 -3.277069
138.156265 347.330292 2.594110 -3.050535
137.591812 374.425598 2.438356 0.212131
137.591812 374.425598 2.438356 -3.228947
139.364670 311.368805 2.602144 -4.174721
139.139694 320.865997 2.468704 -3.114593
144.796204 72.499496 2.639234 -4.582611
146.786957 26.232433 2.425818 -4.308514
148.283752 498.209656 2.402210 -3.146213
151.253647 108.894577 2.281213 -1.672153
151.508728 309.768738 2.424521 0.581969
151.508728 309.768738 2.424521 -3.671434
154.482254 187.533630 2.651238 -3.216944
156.871979 114.292061 2.337236 0.544593
156.871979 114.292061 2.337236 -3.716480
158.427582 265.111450 2.248891 -2.866630
158.184921 498.277588 2.331695 -4.417993
162.959152 18.532156 2.911545 -1.790075
165.698608 91.779243 2.681108 -1.450328
170.059082 226.804230 2.303635 -2.325570
178.371613 217.539230 2.492609 -2.829917
178.467209 237.191040 2.424932 0.036463
178.467209 237.191040 2.424932 -3.163598
179.064911 78.508591 2.739574 -4.005825
193.730194 39.512085 2.561823 -3.433716
194.800415 22.772760 2.742986 -2.456013
197.787109 556.274170 2.834852 -1.070012
200.041275 76.554871 2.310189 0.134524
200.939529 237.737503 2.848938 -0.009674
202.198029 158.184067 2.364459 0.096452
205.887177 329.984863 2.433728 1.210584
205.887177 329.984863 2.433728 0.042601
208.895416 10.453540 2.698151 -3.400975
208.654541 532.853760 2.463367 1.310447
209.389511 621.501892 2.057141 -1.134307
212.770462 196.796204 2.629259 -1.223651
212.770462 196.796204 2.629259 -4.658349
216.334549 164.677612 2.595710 1.132896
216.145279 339.737305 2.649531 -4.685247
217.377563 436.515137 2.446747 -3.114500
217.377563 436.515137 2.446747 -4.517215
217.883713 512.847412 2.573776 0.279757
217.883713 512.847412 2.573776 -1.560451
223.678955 417.991852 2.392298 -1.796116
226.547531 250.890869 2.171467 -4.299618
227.513611 299.475037 2.426461 -4.412116
233.604309 106.131638 2.442862 -1.696577
233.604309 106.131638 2.442862 -3.062296
233.726974 305.434326 2.784722 1.486983
237.262817 17.933874 2.856529 0.418658
239.807358 55.625362 2.548998 1.142691
239.807358 55.625362 2.548998 -1.367154
242.401611 272.875336 2.672246 -3.657876
248.679169 64.514381 2.730768 -2.668320
250.151703 373.010406 2.572881 0.032466
254.637512 34.874290 3.058637 -1.856602
254.970825 51.570320 2.369361 -2.676907
258.252747 106.153069 2.518061 -4.466947
259.263763 227.595383 2.430089 0.093253
262.792847 111.848740 2.224284 -4.610476
262.083038 516.486389 2.369091 -4.701475
265.293243 245.820892 2.420151 -0.065294
265.867249 74.892921 2.831732 -4.334784
268.773010 324.178497 2.672291 -2.055050
269.254486 556.579407 2.838423 0.281756
269.254486 556.579407 2.838423 -0.671673
275.698303 223.548538 2.363286 -0.290490
275.698303 223.548538 2.363286 -2.765322
275.953369 395.833374 2.474567 -3.344453
275.953369 395.833374 2.474567 -4.436691
276.690063 246.882507 2.470239 -2.920537
276.742767 256.351898 2.581095 -0.660843
276.773529 379.364807 2.498987 -1.984063
281.521240 155.679031 2.843372 0.594980
287.402771 147.124268 2.884421 0.663019
286.868195 319.723938 2.728574 1.010251
291.947632 174.754898 2.655069 0.709523
294.160034 89.210442 2.669941 -4.007792
296.714172 566.040466 2.832891 -1.568943
297.729401 362.752075 2.378030 -1.814710
298.418640 558.856079 2.466709 -1.557960
300.521667 520.160339 2.692357 -1.540698
301.007294 179.977966 2.592645 -3.765047
301.437592 400.871735 2.706203 1.468900
301.335541 368.402039 2.846321 -1.881466
302.899536 197.837830 2.510861 -4.692156
310.219574 563.147522 2.380748 -1.721814
313.852753 129.811172 2.403373 -2.275887
313.436432 541.743835 2.339439 0.824362
319.567871 133.650528 2.526598 0.604855
319.368073 452.335510 2.881643 0.014646
327.441772 130.444595 2.732846 0.618262
328.869049 358.377350 2.704760 -1.842224
329.686523 318.390533 2.466883 -0.689916
330.201508 395.416016 2.597370 1.302506
329.868103 604.663879 2.384606 -1.771090
331.000519 370.090363 2.325682 -0.122234
330.999847 382.023682 2.653512 0.069698
332.200378 90.517937 2.536750 0.279668
332.948212 500.403656 2.317423 -3.293304
332.811493 516.270569 2.633932 -1.485270
336.981110 357.938019 2.945620 -3.920984
338.108917 33.817215 2.625311 -2.366041
339.649445 328.952484 2.371619 -0.459350
339.649445 328.952484 2.371619 -1.333362
346.809509 481.738037 2.211877 0.083902
348.044189 394.169983 2.445803 -2.211347
350.270172 125.810394 2.455595 -4.695831
355.867310 566.379761 2.231518 -1.454155
357.165192 41.508038 2.401171 -2.810267
358.220337 550.653076 2.301683 -1.454402
362.477814 501.172974 2.264423 -3.808591
367.427307 496.204498 2.230232 -1.859290
366.575745 632.029053 2.504383 -1.196212
369.040802 71.424248 2.622566 0.304201
369.761688 383.462219 2.751059 -2.743345
371.253296 507.439789 2.598323 -3.604717
375.790131 573.989197 2.288203 -1.270829
379.811554 600.306885 2.668863 -1.481939
384.976837 620.263184 2.411612 -1.368939
387.387787 96.521103 2.363325 -3.704962
390.551178 222.233261 2.544223 -1.979396
396.917206 115.133644 2.614308 -1.501180
399.461792 70.189537 2.351533 -1.485123
399.266144 615.668091 2.821525 -1.281125
400.827759 222.201248 2.314060 0.831404
403.801666 103.166367 2.341991 -4.582060
403.826080 184.830673 2.366062 -1.407990
406.122650 537.760498 2.695874 -0.516101
406.122650 537.760498 2.695874 -1.483088
411.620697 104.544266 2.743953 -4.604851
410.604553 150.305435 2.834583 1.516910
416.959229 9.247771 2.607156 0.738824
6.514675 486.587616 3.547697 0.008881
7.478055 607.381287 3.342402 -0.886282
13.430090 181.075958 3.336818 -4.667129
23.248095 412.096588 3.240600 1.103512
23.248095 412.096588 3.240600 -4.090176
31.206575 407.507538 2.924005 -4.402848
34.220692 571.209412 2.979509 0.336156
38.362831 415.953491 3.310013 1.415731
40.887505 15.572936 3.319574 -1.188760
42.529789 140.211212 2.982127 -4.677396
45.263378 492.380280 3.257259 -0.081254
46.121937 208.567535 3.125894 0.133746
45.644333 461.448456 3.538208 -2.895823
48.218769 73.043770 3.051482 -1.344076
61.522945 58.454666 3.312005 0.574070
61.522945 58.454666 3.312005 -2.972337
65.454269 316.692871 3.270918 -3.106599
68.392296 307.759766 2.897604 -1.549069
68.392296 307.759766 2.897604 -4.368292
69.030319 105.582848 3.061200 -4.310580
68.661026 121.034958 3.514749 -3.110592
69.220863 426.477234 3.160565 -3.109954
69.791992 234.889481 3.376974 -4.603449
69.666946 513.418945 2.995703 -0.115452
72.872276 87.052055 3.138205 -1.381363
78.852768 362.531464 3.506397 0.004490
80.599556 109.086365 2.964282 -1.816435
82.738617 87.811859 3.122403 -1.366554
82.584549 160.742844 3.175122 0.553132
83.104218 308.824402 2.880002 0.658102
84.865623 565.960205 3.495830 0.762286
89.130821 181.852921 2.874540 0.099529
89.130821 181.852921 2.874540 -3.198824
88.618874 190.397171 3.290570 0.483497
88.618874 190.397171 3.290570 -3.341417
88.891800 429.822479 3.159090 -0.040999
90.389603 331.514801 3.493955 -4.615084
92.319283 138.488892 3.054032 0.357499
92.386627 8.368601 3.000528 0.002334
93.801010 271.152100 3.037404 0.423853
93.801010 271.152100 3.037404 -4.091830
94.324715 609.643311 3.078581 -1.058511
96.671867 199.549057 3.598788 1.484455
96.671867 199.549057 3.598788 -3.255430
97.390961 436.481781 3.026716 -0.036772
97.390961 436.481781 3.026716 -3.058961
97.591057 427.175140 3.785469 -0.268494
97.591057 427.175140 3.785469 -2.706495
104.940941 19.743845 3.072076 -0.196054
105.320305 154.562851 3.031389 -1.394732
105.398148 209.718948 3.540447 -3.317428
105.818466 462.687347 2.762053 0.020744
107.160721 139.230759 3.484118 -4.609599
108.567009 43.977345 2.863732 -4.640103
108.958817 563.262146 3.028031 0.656938
110.219597 65.169617 3.394009 -4.472983
116.536789 324.080933 3.279431 -1.372426
117.727875 350.455933 3.206263 1.505275
119.836823 68.088394 3.229561 -4.529182
124.616608 364.253906 2.918498 -1.764792
123.855881 427.166748 3.178185 -2.857045
125.025642 259.854980 3.118985 -1.611404
130.149612 36.191170 3.224620 0.787715
130.149612 36.191170 3.224620 -3.298519
136.789536 365.206879 3.297044 -3.108717
140.877518 95.474892 3.166463 -1.572894
147.730484 35.453945 3.557828 -4.061279
147.605927 151.679230 2.809987 0.008573
147.605927 151.679230 2.809987 -1.579565
150.849579 374.339722 3.248105 -3.269863
155.360077 617.757019 3.084871 -1.445512
156.255997 476.736847 3.682148 -1.668516
156.476974 397.904236 3.097380 -1.684375
164.781158 98.775192 3.015932 -1.486675
165.787155 313.572479 3.259624 -1.778748
165.787155 313.572479 3.259624 -4.150126
167.270737 146.943192 3.039558 -4.238155
169.531250 120.901794 3.087720 -1.762047
169.913345 213.598129 3.383231 -3.015133
173.682098 69.256210 3.042203 -3.895609
177.110947 365.119293 3.003260 0.262127
177.110947 365.119293 3.003260 -3.143799
177.308197 615.566101 3.063571 -1.215969
182.759140 264.488098 3.067554 -3.187735
183.191254 276.477112 2.856664 -3.065779
186.244080 73.490410 3.060146 -3.402643
209.316055 449.562988 2.906865 0.139989
216.062592 218.747192 3.046980 -3.681020
217.225555 147.400391 3.025066 -1.202576
219.463531 67.853706 3.481973 0.368245
220.313232 472.014587 3.343318 -0.590879
225.694290 492.688019 3.202244 -1.615305
236.203552 530.286499 2.876627 1.383735
237.966400 183.375336 3.398528 -2.757736
238.799500 218.539490 3.308002 -3.558793
239.194641 81.494644 3.487102 -0.222893
245.894958 211.704529 3.456279 -3.515396
249.799683 274.732300 2.818759 -3.540341
251.561401 302.141907 3.276578 1.511022
253.473145 70.846817 3.249728 -2.778625
252.794601 526.724426 3.129247 0.313352
258.790527 191.796692 3.316807 -3.425864
261.496246 525.040894 3.282685 0.309563
268.271362 393.391266 3.065019 -0.074021
268.271362 393.391266 3.065019 -3.185986
271.727661 42.179497 2.883122 -1.366835
276.617889 199.737915 3.456159 0.583021
277.479736 516.076538 3.345372 -0.504824
279.091217 303.884644 3.305408 -4.221962
281.936127 230.974792 3.023123 0.104683
293.608978 36.092777 2.912945 -4.593422
296.365112 546.734009 3.284424 -1.337028
300.738708 409.405701 2.992315 1.470743
302.077698 546.191040 3.609458 -1.480283
304.052734 134.918381 3.084123 -1.453371
308.215820 438.209564 3.531920 0.119711
307.288574 456.702271 2.959701 0.023170
309.995514 489.174774 3.149949 -1.384610
311.096130 38.449848 3.028377 -1.857023
313.334229 216.569748 3.050194 -1.205000
320.750244 30.146408 3.088034 -2.210989
321.779388 396.773651 3.233568 1.277172
323.171326 59.082359 3.145196 -2.259919
325.174866 37.345123 3.130702 -2.306290
326.980408 614.175964 3.138354 -1.325378
331.611267 482.029663 3.257025 -3.066101
332.427399 239.778137 3.194290 -4.302239
337.586639 359.111664 3.343101 -3.897696
339.433990 477.595123 3.092881 -3.108395
340.333740 501.718872 3.328860 0.100260
340.700104 513.698242 3.276971 -0.040347
344.230988 153.189392 3.399722 -0.407773
349.392395 376.287292 3.345350 -3.325719
349.885559 543.805237 3.223900 -1.246117
351.914429 174.464310 3.399728 0.566926
354.930786 494.442749 2.930350 -1.493529
354.698486 558.287964 3.191546 -1.445896
356.181244 365.484222 3.018410 1.470638
363.853516 374.317841 2.854169 1.407043
362.867188 507.205414 3.026389 -3.661470
363.355438 522.022339 3.251318 -1.368544
369.779755 396.421143 3.147547 -3.346957
372.661194 264.329529 3.218204 0.271536
372.661194 264.329529 3.218204 -3.123642
377.338928 67.708939 3.383730 0.454623
389.178070 231.824554 3.576560 0.915248
394.544891 102.280266 2.973679 -4.383765
397.422028 192.282578 3.169731 -3.385357
414.857574 78.215660 3.392479 -0.721164
9.367263 115.380112 3.946979 -3.524742
15.841886 67.786285 3.957270 -1.018914
22.395029 214.101471 4.319027 -0.507179
26.534933 562.561890 4.269977 -0.179836
38.363281 299.645447 3.917637 -1.624068
41.464294 91.200844 3.829613 -1.956482
41.359493 230.173965 4.751288 -4.690873
42.555607 52.035358 4.503141 1.209897
47.894753 414.611938 3.355506 -4.557591
55.697872 464.307159 3.761313 -2.778879
56.883305 452.604340 4.025952 -2.800042
58.310295 497.092682 3.726780 -2.122338
66.510246 458.913605 3.898800 0.068469
69.484642 136.053360 3.531961 -2.119801
69.484642 136.053360 3.531961 -3.901019
69.226608 568.665405 4.189217 0.334190
76.097404 449.533783 3.917199 -0.031674
75.241592 465.749756 3.810091 -0.181851
76.958389 145.621643 3.974918 -0.142029
76.958389 145.621643 3.974918 -2.757747
76.898735 526.701355 4.146887 1.460799
78.907661 430.791595 3.848346 0.013064
78.907661 430.791595 3.848346 -3.089630
89.315811 152.842865 4.152914 -0.149818
91.079353 331.451904 3.637854 -4.598218
95.902390 492.861816 3.939219 -0.012116
97.841927 452.769501 4.153309 -0.063130
97.841927 452.769501 4.153309 -2.994841
98.944328 183.097610 4.027318 -1.460184
98.827232 321.348114 4.268081 -1.602613
100.626785 162.772202 3.786485 -4.602039
105.166748 209.744904 3.610520 -3.482160
111.265015 367.399933 4.076164 -1.397385
115.309875 211.519012 3.707672 0.316013
118.086899 185.103195 4.339889 -1.548376
122.912315 492.941315 3.660851 -3.134527
124.811996 447.104553 4.117058 -3.080201
128.713745 223.111633 3.764241 -4.167880
130.299667 323.487793 3.633327 -2.069378
130.299667 323.487793 3.633327 -2.828237
136.608734 445.103363 4.135435 -0.166764
136.608734 445.103363 4.135435 -3.150602
136.751694 462.923706 4.441188 -0.096180
136.751694 462.923706 4.441188 -3.047322
138.749619 568.659424 4.038592 -0.840918
145.045929 152.757751 3.780021 -0.146200
145.045929 152.757751 3.780021 -1.896506
150.619171 324.709930 3.855856 -3.125307
152.294266 177.939651 4.176226 -3.296501
154.795685 160.718704 3.616542 -3.001789
161.486603 323.999084 4.069186 -3.078655
161.071976 334.273834 4.343863 -3.536020
164.572601 507.852173 3.736855 0.194344
166.838165 192.319016 4.307993 0.483119
166.838165 192.319016 4.307993 -4.018328
167.547150 373.479126 3.718649 0.360524
166.956528 450.320953 4.030451 -1.381134
166.956528 450.320953 4.030451 -2.467405
168.545731 40.797092 4.183712 -3.153709
169.357208 251.277115 3.760370 -4.484105
172.421051 493.355560 4.203112 -4.706348
204.984329 619.740540 4.358543 -1.102548
218.621674 433.935272 4.085948 -4.311768
218.115875 453.192139 3.935333 -3.430159
220.941391 530.992493 3.972049 1.348275
222.746704 572.087158 3.691417 -1.317773
226.577164 200.192429 3.982812 -1.447985
236.258713 560.224792 3.831652 -1.071799
239.063416 284.999969 4.086517 -3.574630
242.619141 426.791412 4.072668 0.134113
256.508484 456.427338 4.283350 -1.278760
258.767181 393.783539 3.840110 -1.460730
266.768005 332.850586 4.038560 1.024704
267.132477 370.529572 4.025268 -0.032521
269.506104 400.703491 4.267857 0.007748
277.568024 199.276886 3.774385 0.566818
298.747772 46.175838 4.313124 -2.031538
308.840607 419.853424 3.854969 0.465217
308.688324 438.144989 3.745625 0.147633
311.098633 28.408422 4.261251 -1.952935
314.779755 49.583904 4.227807 -2.215284
320.135010 29.728216 3.512973 -2.297001
332.625977 25.255470 4.004091 -2.456656
339.978821 387.044769 4.147386 -0.053242
340.951508 543.029846 3.761660 -1.640949
347.747925 533.092346 4.325217 0.845736
347.747925 533.092346 4.325217 -1.235194
351.678558 144.929276 3.785841 -0.571123
350.879364 272.156006 3.736561 -1.253374
360.969177 586.726196 4.221773 -1.204581
363.463379 521.013306 3.628639 -1.463698
379.868927 626.648987 4.070545 -1.250297
388.448608 213.630096 4.009786 -2.040895
389.398102 233.078064 4.020851 0.834565
395.971649 124.010994 3.832604 -4.456847
398.619568 288.400848 3.898103 -0.951266
402.441589 246.050797 3.791302 -3.390581
402.695953 606.847534 4.219104 -1.457032
405.255096 275.745361 3.977740 0.704669
8.129667 99.004616 5.325248 -4.428132
13.312694 609.851257 5.229967 -1.067959
15.627298 317.716278 4.848778 -4.172248
32.991440 184.667679 4.456674 -4.627346
44.998608 444.896484 5.219417 -2.762265
49.711411 496.445068 5.000125 -2.906117
55.389629 189.134140 5.092022 -3.242970
67.860916 329.088654 5.250583 1.405638
67.860916 329.088654 5.250583 -3.562812
75.488762 181.318619 5.486024 -3.293268
80.638893 122.189911 5.235515 -3.129309
85.053146 53.467461 4.702186 -4.513764
82.810944 76.800072 5.691195 -1.325131
82.014618 319.781189 5.173119 0.006506
86.382965 460.254120 4.730443 -0.130787
86.382965 460.254120 4.730443 -3.019365
89.222847 172.043381 5.289200 0.301341
111.762558 425.768372 5.732807 -2.922211
111.471184 447.181000 5.681423 -3.063929
114.286072 236.096939 4.731383 -4.595946
117.625641 611.535339 4.513149 -1.203166
124.171059 472.429932 4.795773 -3.024775
141.249985 166.678146 5.189171 -2.556395
141.249985 166.678146 5.189171 -3.915513
139.976440 205.812302 4.637451 -3.686423
149.330185 455.058380 5.083202 -3.062081
156.967255 145.421783 4.952159 -3.790323
159.298233 28.788530 4.770307 -3.966490
160.073074 477.873871 5.312255 -0.109247
165.098969 358.598724 5.283679 0.371237
165.098969 358.598724 5.283679 -3.539238
168.003174 132.786987 5.409224 -2.515716
168.003174 132.786987 5.409224 -3.770055
176.504623 91.597557 5.017715 -1.771755
201.345139 363.016174 5.186440 0.063085
200.664856 518.138306 4.921563 -0.044032
205.797516 98.973877 5.188804 0.128719
205.014999 143.138336 5.029780 -0.004696
205.445511 166.133591 5.572736 0.070212
213.177917 584.017639 5.023929 -1.296490
218.179428 291.250671 4.599204 -2.577920
227.829651 89.488602 5.008253 -4.544715
236.745438 187.206223 5.251831 -2.467875
241.692673 374.005951 4.647373 0.067272
247.826340 161.126831 4.886827 -2.828521
250.758301 130.801025 5.190312 0.149931
250.758301 130.801025 5.190312 -2.740837
254.887054 381.005707 5.605172 -0.043910
259.660767 12.298817 4.946355 1.499980
259.660767 12.298817 4.946355 -0.724288
277.967560 92.358681 5.448709 -4.245065
280.703735 389.481995 5.300360 -2.151529
288.574097 6.378361 5.309604 -2.800432
288.273743 469.179565 5.372581 -0.076773
314.190674 570.845337 4.857742 -1.653790
321.886566 348.132751 5.623692 -3.901804
326.146362 15.133437 4.687726 -2.080134
330.221466 594.925049 4.601315 -1.772535
342.978088 186.172607 4.841497 -0.657011
350.228394 578.143860 4.575730 -1.346862
357.801117 622.720154 4.842724 -1.105488
360.837189 95.866570 5.230304 0.764287
363.116821 227.756805 5.125713 -2.105049
379.050262 556.377502 4.417242 -1.917026
383.945374 483.209381 5.014010 -3.094292
392.303955 269.863434 4.878109 -0.028646
392.303955 269.863434 4.878109 -2.569595
398.612579 372.809143 4.843782 1.501486
399.128662 395.442505 4.634971 0.113900
404.526947 576.249817 5.737757 -1.422024
421.378601 508.845917 5.019263 -1.410087
19.835167 399.586853 6.777669 -3.256170
23.628950 342.056244 6.924863 -4.439785
39.246971 206.611908 6.270307 -0.001206
39.177124 299.659271 6.036405 -1.570893
55.258301 358.729736 6.350157 -3.074053
72.784187 202.107208 6.243007 -3.163033
77.871330 39.211193 6.283095 -4.484473
76.585533 160.664932 5.851249 -3.240640
88.933151 505.969116 6.117517 -0.222313
107.071648 125.085045 6.094147 -4.435905
118.883369 81.481247 6.964875 -1.346306
132.768341 413.998810 6.664573 -4.117893
139.438171 188.478424 5.932467 -4.344891
141.234711 128.815689 6.321377 -1.549466
141.234711 128.815689 6.321377 -4.574716
145.385696 236.743790 6.214719 -4.350049
146.625916 85.107925 5.975079 -1.680251
153.380814 45.222057 6.987803 -3.842311
167.281509 169.025085 5.815521 -3.236364
232.459854 215.979172 5.828297 -3.698955
255.593262 89.622421 6.000954 -4.173817
257.028442 471.571014 6.248234 -1.157689
276.551422 482.593689 6.258185 -0.022360
277.615479 119.445724 5.729151 -1.713245
277.615479 119.445724 5.729151 -4.586952
282.806641 322.461853 5.934091 1.170579
288.428223 77.576782 6.020510 -4.124203
299.442719 121.268890 6.678893 -1.430121
299.442719 121.268890 6.678893 -4.277100
305.858643 24.244133 7.007304 -2.609557
310.049164 209.078705 5.914308 -1.195378
311.987244 182.057251 5.924568 0.202555
312.885254 157.831635 6.330906 0.694165
326.082397 508.810242 6.225137 -1.535703
326.965027 331.273590 6.798863 -3.977432
328.134644 611.547729 5.838393 -1.374119
335.053345 132.388474 6.913918 0.738231
343.206451 316.912231 6.530087 -0.860506
358.430847 258.973572 6.589917 -4.691336
366.589447 403.118713 6.134066 -3.336787
368.114563 328.370728 6.985559 -1.721274
382.403137 411.746674 6.828484 -3.252093
407.162781 93.769997 5.568631 -4.541502
407.358429 233.321472 6.414020 1.105701
17.361778 441.568176 7.441748 -3.132423
22.774231 488.301453 7.496595 -2.942512
23.793165 340.184692 7.451456 -4.469234
37.622910 12.828604 6.894443 0.071532
37.622910 12.828604 6.894443 -0.704884
39.884163 299.906799 7.142382 -1.555503
48.001701 334.135376 7.629345 0.808913
48.001701 334.135376 7.629345 -3.840146
55.531273 160.240128 7.705654 -3.387015
72.940025 229.789093 8.020579 -4.652044
97.220222 414.068848 8.338556 1.424922
109.274712 504.195923 8.932435 -2.195326
109.274712 504.195923 8.932435 -3.017824
113.638565 191.319473 8.613177 -4.552469
129.601776 525.469788 8.443058 1.567012
138.933105 305.727844 8.940610 -1.609869
184.266205 403.585876 9.012241 0.031090
183.804688 456.060364 8.775914 -0.013202
185.592026 493.458221 7.297510 -0.037747
184.796234 525.020569 7.478157 1.306524
204.223602 315.729095 7.902457 0.049880
206.020294 359.979065 8.881486 0.123254
237.380936 428.231750 8.537504 0.166576
240.946655 24.751028 7.518494 0.415053
257.361694 499.974030 8.654147 0.095890
264.026642 68.693481 8.742789 -4.097406
266.421844 246.677643 7.194047 -0.875777
301.045990 277.114441 8.707375 -0.841060
307.190155 204.450089 7.550395 -1.097043
308.507538 589.691650 8.334646 -1.357033
314.211700 345.572815 8.705291 -3.998112
358.113831 514.070862 8.193836 -0.080660
375.993774 290.469452 8.049668 -0.743469
27.405542 40.531513 10.097766 1.138223
81.616119 36.479492 9.960546 -4.522498
211.015884 258.744354 10.887902 0.121950
252.340759 585.073242 10.046762 -1.011326
264.248169 180.513809 10.825099 0.719269
264.248169 180.513809 10.825099 -2.757347
289.999390 52.728199 9.377203 -2.044555
344.676056 567.774780 10.908771 -1.563574
352.460541 348.391693 11.147355 -4.062417
34.545277 122.514450 13.057951 -3.104973
72.000603 394.912811 12.104756 1.314978
91.087555 74.450272 12.033421 -1.329065
105.606201 420.050446 12.840756 1.388778
117.468208 358.556335 13.125746 -4.561639
180.032974 233.055069 12.298780 0.240888
180.032974 233.055069 12.298780 -4.401647
212.150406 256.660339 11.772449 0.197630
237.774612 52.371487 12.562226 0.387833
241.131882 408.161865 11.964422 0.118635
255.891144 273.284332 13.643094 -0.789426
279.628723 151.048584 13.799299 0.654439
279.628723 151.048584 13.799299 -2.886062
72.431320 311.753113 17.149126 -1.499588
176.598389 402.508545 15.442454 0.093552
197.613861 56.990803 17.736027 0.498124
215.704391 486.096466 15.154164 -0.008716
272.555969 362.864197 14.405541 0.977376
282.859955 241.856064 16.580269 -0.669746
306.427979 388.624451 14.863857 1.262558
59.494995 505.856445 19.872099 1.458569
134.453491 81.330368 18.587770 -1.609738
167.792328 323.970428 21.556940 0.151153
323.257904 87.036308 19.780760 0.893035
125.644417 266.235840 23.004251 -1.620635
125.644417 266.235840 23.004251 -4.533615
163.838028 500.665070 27.337851 1.015779
163.838028 500.665070 27.337851 0.207930
170.016693 398.367889 23.596266 0.128670
378.710968 341.143982 27.472996 -4.711624
136.808319 164.038834 45.669342 0.373072
