60 281
61 4
63 24
64 16
66 15
71 31
72 32
73 27
75 29
76 30
80 27
82 301
83 302
86 41
87 42
90 320
91 321
92 44
95 519
96 53
97 54
99 85
101 63
102 323
106 59
107 60
108 71
109 72
110 67
115 67
116 68
117 65
121 70
125 4
126 78
128 79
130 342
131 76
132 77
135 805
137 349
142 357
146 99
149 102
151 113
152 115
155 120
161 114
163 122
164 121
170 124
171 123
173 231
174 137
175 687
177 149
178 136
181 141
182 140
185 139
186 390
188 394
190 147
191 388
192 146
193 144
194 145
196 148
202 151
203 154
207 161
208 162
214 165
215 173
216 175
217 416
218 177
219 171
220 171
221 172
223 164
225 181
230 182
233 185
237 192
238 191
241 433
244 198
249 202
250 205
252 439
254 207
256 211
258 218
259 212
261 218
264 223
265 221
266 575
322 310
324 495
325 276
326 280
327 12
328 283
329 505
330 285
331 291
332 507
334 298
335 296
336 508
337 295
338 300
339 304
340 296
341 299
344 305
345 306
346 517
347 313
349 314
350 315
351 316
352 317
353 326
354 527
355 51
357 327
358 328
359 336
360 71
361 72
362 69
363 332
364 337
366 339
367 343
368 344
369 345
370 539
375 88
376 351
377 90
379 354
382 355
383 356
385 352
391 361
392 360
394 368
395 365
396 552
397 372
398 373
400 376
402 558
403 380
404 560
407 379
408 381
409 385
410 384
411 13
415 386
416 387
418 391
419 389
422 397
423 398
424 402
425 745
428 399
429 406
430 400
431 569
432 407
434 413
435 409
436 414
437 41
438 422
439 417
440 420
441 418
442 174
444 421
447 419
448 424
450 427
451 428
452 429
453 431
454 434
457 432
461 438
463 436
468 441
469 448
470 217
472 216
473 219
474 449
475 446
476 447
477 453
478 225
497 531
506 497
508 499
509 496
511 502
512 503
513 500
514 501
515 498
522 642
523 641
525 282
527 670
529 510
531 293
532 509
536 512
539 515
540 513
544 518
545 520
546 665
547 329
548 330
549 522
552 526
553 533
554 531
555 316
556 534
557 536
558 535
559 537
564 538
565 541
567 546
568 547
569 549
570 545
572 363
577 374
578 554
579 378
580 553
581 559
582 557
583 561
584 562
585 564
586 565
587 563
588 566
589 567
590 404
592 401
594 572
597 571
598 577
599 575
600 579
601 578
602 581
603 582
605 580
607 583
608 584
609 587
610 588
611 593
612 591
613 589
614 596
615 594
616 592
617 597
618 599
620 598
621 200
624 601
625 602
626 444
628 604
633 73
635 363
652 637
654 636
655 638
657 643
659 645
661 648
662 654
663 655
665 656
666 658
668 657
669 660
670 661
671 660
672 747
673 659
674 662
675 663
676 664
677 666
679 154
683 757
684 670
685 668
686 669
688 673
689 671
690 674
691 677
692 676
693 678
695 680
696 681
697 684
698 685
699 687
702 688
703 689
705 694
706 695
707 696
709 700
710 579
711 710
712 708
716 712
717 711
718 783
719 598
720 713
722 602
723 716
725 718
727 719
738 742
742 737
745 744
746 795
747 746
748 745
750 749
751 750
752 748
754 667
755 755
757 753
758 754
760 758
761 759
762 761
763 760
764 763
766 806
770 765
771 766
772 767
773 769
775 768
777 770
778 775
779 772
780 777
781 776
782 778
783 779
784 780
785 699
786 781
788 782
790 784
791 714
792 786
795 788
796 715
797 787
807 739
808 797
810 798
811 799
812 800
813 801
814 752
815 802
817 805
818 764
819 810
820 808
821 812
822 773
823 774
824 814
826 815
827 816
828 817
830 818
831 819
832 820
834 821
835 822
836 823
837 824
838 785
841 789
842 825
853 834
857 864
859 865
860 837
861 838
862 839
865 841
866 842
868 843
869 811
870 848
871 850
872 847
873 851
874 852
875 854
878 866
879 867
880 868
882 844
883 870
888 874
889 875
890 876
892 877
893 879
894 878
895 880
896 882
897 883
900 900
901 888
902 889
903 890
904 891
906 896
907 899
908 902
909 897
910 898
912 904
914 903
915 905
