4.285906 367.659576 1.993086 -0.753696
4.285906 367.659576 1.993086 -4.481790
6.002509 63.162365 1.987019 -3.579577
6.207540 262.242157 2.008741 1.556183
6.722909 53.890438 1.936632 -3.135487
6.722909 53.890438 1.936632 -4.446967
8.193128 94.682755 2.249135 0.678101
8.193128 94.682755 2.249135 -1.660786
7.599012 203.992371 2.019212 -4.504167
12.344324 19.173807 2.166629 1.409983
12.344324 19.173807 2.166629 -3.299737
11.977459 370.375702 1.768781 -4.483731
13.155114 294.708252 1.952182 1.332735
13.389576 542.334412 2.211772 -2.614429
17.740122 332.922272 1.883730 1.331405
17.740122 332.922272 1.883730 -3.196230
18.991045 305.041534 1.881374 -2.606007
18.951256 435.967987 2.084229 -2.593937
19.739893 581.093933 2.123549 -2.300580
19.321859 596.530273 1.751931 -2.089099
21.844215 446.881104 1.930882 -4.230211
22.258114 504.359863 1.984069 -3.528988
24.027845 89.789467 2.170038 -4.528431
24.455950 416.152863 2.232862 -0.561193
24.455950 416.152863 2.232862 -4.299086
25.069067 294.155334 1.903086 -4.159672
25.051662 592.608826 1.755264 -2.133513
26.109558 425.152588 1.842118 -2.886833
27.183245 529.132812 1.973923 -2.360418
28.326555 279.653717 1.943216 1.243822
30.104073 299.984894 1.969438 -4.282602
30.309511 310.828003 2.136153 -1.607589
31.332136 426.501770 1.962053 -0.502440
31.332136 426.501770 1.962053 -2.909292
34.350002 64.795792 1.700101 0.959415
34.350002 64.795792 1.700101 -2.503543
34.350002 64.795792 1.700101 -3.670999
35.511223 540.716553 1.710554 -3.162044
37.446568 40.810402 2.015801 -4.422192
36.787140 303.733276 2.161317 -4.158690
36.565948 401.634125 1.611456 1.370143
37.987907 104.119926 2.139822 -1.840485
39.399250 70.779968 1.940546 1.039636
39.399250 70.779968 1.940546 -3.962577
39.506245 265.445648 1.657644 1.436290
41.185146 148.690002 1.673745 -4.192194
42.439583 188.461670 1.861034 -1.600412
41.640800 522.723816 1.849498 -3.171996
42.841991 17.640579 2.019822 -4.335751
43.066658 56.916309 1.998039 -3.814487
42.656841 134.724075 1.933529 -4.418740
44.083996 277.808411 2.738762 -4.631613
44.789429 339.274963 1.979812 -3.021789
45.831200 148.683395 1.886887 -4.320968
45.683899 197.015366 2.015224 -1.666857
48.931995 344.770081 1.902855 -3.289111
49.818947 591.799194 1.970586 1.182807
51.327908 285.372742 1.836651 -2.362465
52.008541 396.652222 1.849247 -3.956235
52.577473 28.782547 1.870340 -4.382607
52.890999 499.749237 2.012419 -3.162243
54.047192 473.218536 1.838537 -3.016680
56.309135 272.268188 1.896171 0.453213
56.309135 272.268188 1.896171 -2.152922
57.995193 625.119019 1.977736 -0.695669
59.403141 191.696777 2.214663 -3.717387
59.411812 462.954132 2.530811 -3.057086
58.991730 618.953674 2.059120 0.287054
62.918396 274.125458 2.253386 -3.089135
63.999359 26.750353 2.088370 1.133933
64.230392 132.908890 1.992971 -4.618159
63.526680 257.648438 1.979451 -3.211966
65.151894 222.590317 2.203377 -3.276661
64.519989 238.481979 2.210328 -3.377988
66.671539 96.979424 2.249444 -4.680956
69.303757 247.801483 2.039871 -3.102596
69.793846 225.195175 1.840193 -3.165589
74.180717 402.828003 1.784351 -3.899482
76.126617 80.086166 1.966931 1.073395
75.903008 87.340179 1.814248 1.002696
75.765358 125.982155 2.211878 1.481828
76.689720 46.710438 1.931362 -1.930451
80.622169 6.997885 1.878780 1.509074
84.409111 474.191315 2.258619 0.050518
85.119064 335.172821 1.786929 0.131504
86.536819 632.235352 1.855809 -0.956209
89.054466 339.107880 1.998507 0.155771
91.323845 291.219543 2.133156 -0.090781
94.794563 372.656952 2.006529 -4.691877
98.091537 210.070282 1.845286 0.134227
100.065445 289.718811 2.143504 -0.868982
100.983742 117.096024 2.116213 -1.624938
100.902611 609.096741 1.966781 -1.456142
102.037865 124.206253 2.167516 -4.577756
101.895531 136.604233 1.719002 -4.307732
102.088593 284.871399 2.014425 -0.850289
103.924706 45.563244 1.942775 -4.310548
105.879944 576.224792 2.181245 -4.408009
106.915848 12.338352 2.021676 -3.954103
107.079475 68.334740 2.034379 -4.516439
107.206551 152.834137 1.831271 -2.339494
107.206551 152.834137 1.831271 -4.680394
106.056175 387.434540 2.325666 -1.927933
108.536911 51.155338 1.867229 -4.152912
108.204002 461.323273 1.800972 -3.297507
109.075104 25.134729 2.156498 -1.106150
109.075104 25.134729 2.156498 -4.446314
110.325623 136.786346 2.006305 -4.581786
112.087097 371.868378 1.891630 -1.531900
112.087097 371.868378 1.891630 -2.293856
113.499557 99.599075 1.964615 -1.745799
114.010307 385.542877 1.852839 -4.148215
115.936508 303.308716 2.094302 -0.867212
116.426117 148.282303 1.793657 -4.636947
117.989510 32.733643 2.583913 -4.414724
118.481133 130.039764 1.940506 -4.353288
119.242188 15.288106 2.102827 0.843991
119.242188 15.288106 2.102827 -3.656657
119.851151 82.339973 1.834686 -4.023401
119.997673 405.816010 2.258884 -1.466354
123.190834 435.037018 2.136503 -1.358594
123.190834 435.037018 2.136503 -3.023661
124.107834 462.909424 1.833093 -0.106922
128.271072 385.593353 2.094144 -2.011372
129.075714 439.578644 1.900301 -2.540469
130.833664 130.947464 2.192658 -1.702314
130.833664 130.947464 2.192658 -4.677628
133.380295 58.194859 2.156817 0.009388
133.380295 58.194859 2.156817 -4.458587
132.550232 453.818512 2.060328 -3.263259
136.006165 338.315277 1.933300 -3.242966
138.592957 271.227203 2.397483 1.557884
138.592957 271.227203 2.397483 -1.211120
138.695602 131.069336 2.052651 -1.709732
138.695602 131.069336 2.052651 -4.499129
138.028503 506.548492 1.761655 -2.301640
143.731796 540.560425 1.995443 -2.144661
145.541260 591.864807 2.001824 -3.222002
145.986771 6.060688 2.011151 1.512471
147.996353 67.677979 2.297947 1.295890
150.307510 130.199249 1.935722 -1.763065
152.878571 150.714539 2.317611 -4.645947
152.919296 442.337585 1.818472 -3.535310
154.420990 420.085114 1.923616 -3.717576
154.446777 482.034332 1.786797 -2.379156
157.404602 369.949585 1.824064 -4.327325
159.085556 88.537521 2.115845 -2.287618
159.087112 540.125916 2.009176 -1.969804
160.852844 550.787537 1.984162 -1.722341
164.237564 7.878627 2.240048 -3.946942
164.390793 264.865662 2.078681 1.546094
164.390793 264.865662 2.078681 -1.596148
164.778244 481.018982 1.857325 -2.555090
165.123032 586.915588 1.886662 -4.055378
168.150177 193.866302 1.975400 1.519524
168.648804 550.981018 1.961211 -1.672990
169.870743 515.832092 1.836229 -1.770188
171.422821 39.760498 1.914195 0.321388
172.352890 35.894882 2.046732 0.332697
172.884232 428.271606 2.168838 0.005457
172.884232 428.271606 2.168838 -2.745787
184.359894 53.009647 1.887862 -3.655267
186.378525 357.573822 2.402369 1.376084
186.378525 357.573822 2.402369 0.180624
186.743820 603.349182 1.808894 -2.028262
188.092346 113.117218 1.951034 -1.715643
188.981598 60.765934 2.078153 1.150215
190.856613 206.015015 1.847669 -4.593753
194.336395 31.906704 1.861469 1.367953
194.183029 491.981750 1.823994 -4.645303
197.315033 264.461304 2.236067 -1.650135
197.315033 264.461304 2.236067 -4.699902
199.717850 34.584637 1.813098 1.354214
200.690430 511.364471 1.998913 -1.882813
203.103058 323.635529 2.066999 -4.569599
204.286377 603.944702 2.161925 -1.756835
206.164551 451.923309 2.034049 0.012513
206.164551 451.923309 2.034049 -3.671338
207.149429 48.857800 1.828790 -2.697985
207.149429 48.857800 1.828790 -4.581872
207.622253 56.631981 1.961276 -4.476974
210.092499 552.265137 2.150611 -1.683811
211.516937 151.425461 1.733861 -4.601585
210.811707 448.943085 1.854253 -3.766770
214.593674 615.765076 2.161074 -1.528030
214.593674 615.765076 2.161074 -2.234301
216.839386 132.634064 1.877580 -4.588377
220.115601 57.313034 1.959905 -4.114823
219.599289 606.735596 1.933534 -1.538457
223.188492 467.697662 2.249637 1.460907
222.666412 621.778625 1.884436 -2.027578
222.666412 621.778625 1.884436 -3.008357
227.384964 458.248413 2.132230 -0.123606
227.232162 504.119385 2.096375 -4.202216
231.508545 443.445679 2.077857 0.289964
232.864975 149.379456 1.915333 -3.753210
234.987503 44.969208 1.865728 -3.540493
236.048447 600.830261 1.910410 -3.115749
239.657059 388.424347 2.034840 -1.600758
240.954620 4.467118 1.923167 0.193383
240.954620 4.467118 1.923167 -3.211335
240.786682 36.187595 2.007402 -3.403288
242.034378 15.045342 2.221030 -4.189467
245.176895 85.797829 1.997861 -1.970452
246.366623 139.882736 1.861083 -4.432465
246.679077 202.525726 1.854198 -4.585542
251.405289 608.808777 1.945113 -1.818633
254.889084 38.724037 1.808239 -1.359238
255.844223 78.324120 2.077325 -4.088868
255.781937 579.105164 2.140335 -1.794763
255.781937 579.105164 2.140335 -4.612087
257.998657 263.142853 2.257323 1.563814
257.998657 263.142853 2.257323 -1.624870
260.494720 6.843929 1.934168 -4.081658
259.971130 484.689606 2.143728 -1.614100
266.714294 65.625061 1.925532 1.240363
267.037842 484.724030 1.835249 -1.551172
268.062897 335.286285 2.261064 -4.589118
268.659210 9.832478 1.858305 -4.180208
270.237305 50.404903 1.947823 -0.075307
271.481018 33.271294 2.187705 -3.978030
271.484528 419.332031 2.134491 -1.592400
272.520813 528.606140 2.174104 -1.840746
274.846252 93.079239 2.185372 -1.707386
275.588104 326.283966 2.189725 1.462961
275.588104 326.283966 2.189725 -1.127666
275.588440 570.423157 1.939323 -1.490079
277.908722 489.231506 1.985139 1.545693
281.278107 484.592987 2.083345 -1.520483
281.579315 202.952606 2.011242 -1.469161
283.395905 527.760681 2.169981 -1.478762
284.506470 432.069855 2.134899 -1.733073
284.943573 522.398987 1.901850 -1.808587
284.877838 615.314026 1.948125 -2.136859
284.877838 615.314026 1.948125 -3.103564
285.511505 567.859497 2.024493 -2.087293
288.498718 540.767639 2.005750 -1.847551
292.293457 57.268253 2.073568 -2.689590
292.517059 412.422424 2.113686 1.473456
294.224213 609.968445 1.945910 -2.949441
294.993347 23.212198 1.982750 1.491617
298.707855 552.435791 1.801961 -1.730198
301.503876 56.459133 2.154224 -4.619973
300.922028 97.605362 2.101507 -1.657845
301.325592 392.984314 1.936430 -1.614153
300.911011 522.014038 2.008089 -1.761713
303.050903 71.507759 1.836469 -4.345883
303.409027 501.567932 2.084227 -4.434798
305.890045 66.152397 2.183034 -4.401616
307.072510 596.290100 2.126603 -1.724932
307.831635 331.451355 2.081896 -1.481531
308.880981 10.273190 2.090564 -3.497693
309.185638 41.068146 2.053793 1.252201
309.696381 571.361084 2.042128 -1.697234
311.840515 320.869476 2.177717 -4.677521
311.958344 336.756226 1.927668 -1.339205
314.298218 484.630005 2.119563 -1.553318
316.079376 22.821714 1.910627 -4.681281
318.859344 201.633652 2.265868 -4.539186
317.668762 484.324005 1.991326 -0.377021
317.668762 484.324005 1.991326 -1.486564
321.286926 132.308746 2.027123 1.407182
321.257629 465.901154 2.115904 -3.232893
322.133270 430.895081 2.013715 0.323166
322.133270 430.895081 2.013715 -3.121958
322.576691 612.742371 1.757009 1.241936
327.768677 371.900726 2.167702 0.921104
328.062531 402.883148 1.931896 1.496319
329.629852 492.061981 2.100135 -1.771177
332.262085 572.816772 2.005617 -1.545881
333.910034 58.194492 1.877342 -3.726409
337.377289 364.639771 2.100537 1.321352
337.126709 478.282776 1.993560 -3.364940
339.944122 77.290436 1.959161 -1.195092
340.016937 521.144958 1.877948 -1.130528
341.054291 470.204254 2.158227 0.228453
342.295990 369.594482 1.999612 1.170652
345.504089 96.628754 2.136705 -1.698846
344.814240 478.822754 1.921728 0.046664
347.455841 121.152512 1.896047 -1.657730
346.702087 132.212112 2.165169 -4.598719
349.210175 621.436218 1.776609 -2.460443
349.957001 49.428169 1.948160 -4.659531
352.026428 145.529663 1.923887 1.471618
354.268860 374.122467 1.743218 -3.174190
358.622284 481.643097 2.183552 -3.214183
359.647430 84.963188 1.956751 1.535941
360.074615 563.703064 1.726425 -1.596365
360.746368 581.520813 1.841690 -1.795960
364.491150 477.961609 2.222765 -3.247668
365.311401 499.069855 2.069775 -4.616733
364.772675 594.953979 2.031938 -1.220236
364.772675 594.953979 2.031938 -4.378969
365.422455 506.985748 1.835789 -3.963562
368.972046 209.140015 2.150448 -1.639276
368.945557 320.953461 1.974677 0.602624
368.945557 320.953461 1.974677 -3.530919
368.592041 332.594910 2.283484 0.176625
368.592041 332.594910 2.283484 -3.390101
368.783356 335.335815 2.281399 -0.085270
368.783356 335.335815 2.281399 -3.174450
368.853912 428.069580 1.974900 -3.231946
369.492889 565.041443 2.048575 -1.589971
370.767883 372.467773 2.212031 -3.172310
372.414093 306.804993 1.818078 0.553560
372.258514 423.022888 1.882955 -3.076275
372.836273 434.685974 2.231270 -3.288100
373.443909 65.584000 1.861378 -4.459888
373.903259 122.236206 2.163173 1.147413
375.641663 351.382294 2.067422 0.423365
375.641663 351.382294 2.067422 -3.221215
375.405060 565.170532 1.910414 -1.587689
377.921509 260.273773 2.116523 1.537967
377.921509 260.273773 2.116523 -1.549823
377.816895 391.698975 2.171013 -0.557363
380.003815 305.270538 2.112854 -2.553231
383.512756 87.887070 1.925751 -1.690865
383.286407 397.329529 1.929892 -0.037520
386.391876 260.096466 2.045513 -1.669185
386.391876 260.096466 2.045513 -4.699331
386.289734 272.230316 2.115685 1.525532
391.418671 310.412994 2.016638 0.216788
390.444946 501.337494 2.055054 -4.212330
392.040680 42.404335 1.977323 -3.454414
393.204315 87.688095 1.946364 -2.491312
396.640930 112.339340 2.185439 1.539674
397.519135 67.463394 2.261597 -3.467766
398.897705 83.119736 2.095876 -1.149823
398.897705 83.119736 2.095876 -2.988509
399.400146 557.565063 2.183635 -1.573822
403.020813 78.724030 1.965050 -1.192016
405.649506 130.386230 2.147868 1.258823
406.342529 278.216370 2.047375 0.755323
406.342529 278.216370 2.047375 -2.275016
406.753387 224.374817 1.757583 -4.693614
410.989502 224.144913 1.869676 -4.710893
410.839691 338.235504 1.886210 -1.506257
414.726593 77.781013 1.886477 -1.927811
416.829895 70.030128 1.845611 -2.687204
417.192200 572.063110 2.019723 -1.515487
418.313751 44.930763 2.125140 -4.041803
418.238892 122.578346 1.987166 1.237133
417.591034 200.782196 1.883112 -1.921801
417.790131 223.916504 1.948981 1.502620
418.190887 284.400360 1.961662 -0.412193
418.190887 284.400360 1.961662 -3.160310
421.237549 617.690002 1.944147 -3.869472
423.309906 484.628906 1.995756 -1.538588
5.118385 407.425201 2.536110 -0.407119
6.822627 252.425980 2.478422 -4.485090
6.701166 423.710175 2.374372 -4.032129
6.605136 504.253754 2.511682 -3.697432
7.631933 105.547684 2.331863 -1.430086
10.052525 130.280411 2.402815 -4.616004
10.766307 478.181030 2.408840 -4.277386
11.430701 281.515747 2.531284 -4.156751
14.749234 155.492416 2.247978 -4.259750
16.899305 223.158646 2.494490 0.870356
19.987137 428.346802 2.422953 -3.910682
22.005787 458.427643 2.347643 -3.319930
22.404512 469.700470 2.911038 -1.989272
23.407995 178.779800 2.482308 -1.805482
23.918293 154.542587 2.482795 -4.145867
24.542858 197.750488 1.990622 -1.357074
26.089298 519.485291 2.545055 0.491893
26.089298 519.485291 2.545055 -2.750623
28.381704 288.638824 2.275665 -4.120690
27.884556 370.368011 3.068603 -3.433773
31.250408 246.263489 2.410923 -1.534051
31.401051 261.779480 2.438694 1.485586
31.946184 358.808990 2.294985 -1.702528
32.528404 414.116760 2.723857 -0.372382
33.867329 129.996429 2.407466 -4.678570
33.912155 521.053589 2.763095 -3.214348
37.946899 78.423721 2.570007 -3.552680
44.069435 128.726486 2.627086 -4.608925
45.129646 445.087097 2.688355 -2.674142
49.504078 91.528725 2.642176 -4.083143
48.775566 202.960831 2.601910 -4.101589
49.814354 190.371216 2.916026 -3.695068
52.433636 153.326935 2.292288 -4.209839
51.845032 266.416595 2.523133 1.485438
52.906975 62.628574 2.725139 -4.079245
54.760246 141.703583 2.494159 -4.363515
54.976650 439.050568 2.455536 -3.016577
54.572964 606.286072 2.671669 1.247952
54.572964 606.286072 2.671669 -0.456857
55.985401 220.497345 2.328601 -3.956622
56.515533 562.651917 2.979955 -4.586511
57.311790 128.542038 2.365967 -4.482468
60.089653 60.333157 2.503323 -4.031078
60.426731 309.460693 2.684304 -2.879533
67.943176 576.105591 2.539119 0.826465
70.748901 215.254974 2.671747 -3.550273
72.904022 9.642220 2.365389 1.361925
75.344315 119.212608 2.646489 -1.484483
78.805878 17.378433 2.333448 1.374990
79.083275 52.580940 2.457539 -4.543504
79.630585 91.825752 2.504493 -1.698102
84.247849 25.731413 2.464139 -4.702164
91.012260 316.879913 2.510297 0.114751
92.557838 273.929382 2.960705 -0.194384
93.493523 243.238937 3.030221 0.123807
93.493523 243.238937 3.030221 -3.925804
96.241096 216.114304 2.261340 -1.356391
98.171120 469.079315 2.276920 -4.443324
101.161507 21.418272 2.876799 -4.598801
101.361359 37.046814 2.295333 -4.084903
103.507828 131.401733 2.527375 -4.330632
105.836700 103.020050 2.757551 -1.678483
104.640175 495.239563 2.366746 -2.003440
108.962776 399.177826 2.380379 -1.630261
111.348816 300.533783 2.694499 -0.936316
115.968651 283.238342 2.386071 -4.114771
120.143791 246.193054 2.575573 -1.289209
120.216393 316.318146 2.466012 -4.174074
126.772591 11.476519 2.553720 -4.584681
126.030960 312.775482 2.363678 -0.827175
126.594879 371.238770 2.481724 -1.702542
128.583130 356.015137 2.278838 -1.424575
131.305786 70.231392 2.342532 -4.569573
131.024673 259.945404 2.731767 1.518911
131.024673 259.945404 2.731767 -1.454602
131.994781 600.230530 2.308668 -2.594561
134.614380 350.440094 2.722634 -3.033362
134.501709 363.052338 2.774567 -3.101025
135.944382 7.537421 2.631543 1.042828
136.350677 468.916962 2.437231 -3.365460
139.821442 528.236450 2.392084 -2.392231
143.117111 26.635765 2.858047 -4.049275
145.532776 94.843956 2.609364 -2.059176
144.978546 123.638367 2.985344 -1.776892
146.439819 103.281372 2.763294 -1.726815
147.515640 215.015915 2.438789 -1.552496
150.215515 140.245804 2.672501 -4.407160
153.854294 432.187042 2.628249 -3.648616
154.612411 124.101639 2.438729 -1.822800
154.850296 358.239868 2.728172 -4.410391
160.748901 130.105453 2.570664 -1.790127
161.587006 320.699646 2.498500 -3.645780
161.424484 386.437347 2.700526 -4.470802
165.117142 251.993759 2.534012 1.550653
165.117142 251.993759 2.534012 -1.586726
165.068253 520.754761 2.489809 -2.126979
164.696457 527.211243 2.412751 -2.089927
168.896347 150.747955 2.287216 -4.495335
168.938232 319.682953 2.360610 -3.651328
170.805069 534.751953 2.776594 -1.957272
173.622665 66.799080 3.584339 0.511202
173.118622 440.218292 2.413982 -3.108714
174.411484 128.753510 2.379451 -2.061845
176.652725 115.391273 2.816227 -1.752161
177.816299 40.787529 2.466629 0.317031
180.539459 485.325287 2.214755 -0.460820
180.066116 520.961792 2.380443 -1.733852
185.849030 335.156525 2.773861 0.184788
186.487427 387.517517 2.693660 -0.236442
185.941269 476.195343 2.872133 -3.211903
187.485062 527.876709 2.399415 -1.835363
188.589661 251.673599 2.641751 1.486999
188.589661 251.673599 2.641751 -1.532150
189.664078 11.963926 2.454165 -3.836138
190.037079 626.067566 2.275430 -2.238035
190.733932 574.281006 2.646609 -4.224723
197.322342 135.976685 2.459083 -4.558266
198.333664 128.483398 2.274454 -1.828736
201.348267 329.364563 2.689632 -4.659315
201.195328 427.466034 2.687571 -1.041016
203.583344 16.485573 2.485214 1.064953
204.340622 139.526077 2.618788 1.509741
207.885406 86.146004 2.425407 -4.394781
210.815338 127.807198 2.513440 -1.772530
211.662933 511.804291 2.594288 -1.930630
213.253342 120.837906 2.773927 -1.723406
213.253342 120.837906 2.773927 -4.669526
214.205276 232.115417 2.323241 -1.536581
217.231354 11.935702 2.365716 -2.904342
217.231354 11.935702 2.365716 -3.700353
222.184921 17.419199 2.571218 -4.585681
229.140839 431.543640 2.680495 -0.016199
235.327438 393.931366 2.539172 -1.573791
239.587158 126.186699 2.465127 -2.128401
239.587158 126.186699 2.465127 -4.306851
240.869125 118.035751 2.668873 -4.412606
251.246872 467.108276 2.437671 -1.620342
254.310028 64.062164 2.326125 -4.372807
255.676544 356.811340 2.420185 1.564869
257.820526 249.878311 2.622635 -1.663021
257.820526 249.878311 2.622635 -4.702303
258.229248 370.736511 2.331574 0.893203
266.915161 564.614502 2.608192 -1.505451
267.959351 329.444763 2.525356 -4.601967
268.956055 320.119537 2.382483 1.247857
268.956055 320.119537 2.382483 -1.574991
272.320648 506.578461 2.297695 -4.311222
275.708588 117.507965 2.696246 1.488300
276.977966 63.582329 2.395902 -4.662015
281.152954 356.727020 2.634301 -4.670396
280.670135 412.994873 2.607028 -4.629102
280.585327 508.472076 2.800293 -4.513926
288.871826 605.629944 2.493546 -3.357353
290.958252 521.917114 2.388300 -1.965610
293.015686 412.422394 2.211547 1.472482
293.458649 528.526184 2.345846 -1.904764
294.345947 546.250000 2.359419 -1.838085
294.718414 216.082611 2.568318 -1.538526
300.977692 16.641472 2.581922 -3.695926
304.351746 374.812286 2.491966 1.540962
304.001434 446.519440 2.945747 -3.026826
305.550690 456.197723 2.907359 -2.674206
308.811371 412.416168 2.343242 -4.602452
310.820465 57.117252 2.408167 -4.553756
311.555420 201.291763 2.299968 -4.567492
311.836609 432.116150 2.711407 -3.493143
315.834106 571.303101 2.709692 -1.893476
320.770416 73.138771 2.710452 -3.064489
322.716156 53.541687 2.369009 -4.413548
330.528900 202.280777 2.286200 1.543059
330.528900 202.280777 2.286200 -1.374312
331.650787 540.121277 2.548823 -1.649289
336.502716 22.501528 2.124174 -3.757694
337.885559 49.699917 2.824527 -3.595887
342.093140 595.251160 2.811588 -4.034992
342.714478 636.566101 2.569307 -3.626840
344.336456 84.004150 2.553422 -1.497474
344.336456 84.004150 2.553422 -2.811557
343.870422 426.404541 2.505821 0.272727
343.870422 426.404541 2.505821 -1.455766
349.505341 454.648010 2.669317 -0.559090
349.008362 573.994751 2.310965 -1.910743
351.803101 356.305969 2.783290 -4.593934
352.760284 247.465179 2.563715 -1.674065
352.760284 247.465179 2.563715 -4.668558
355.645691 341.891968 2.550736 -1.697986
358.261169 19.884502 2.587332 -4.496265
357.644135 46.825615 2.351664 -3.488844
358.963257 403.132324 2.327158 -4.277232
366.454193 122.016327 2.306276 -1.967449
366.454193 122.016327 2.306276 -4.507530
367.287262 143.664429 2.338521 -4.641855
367.660370 547.710815 2.391493 -4.411170
374.849426 478.030212 2.341059 0.102118
376.242279 202.198914 2.355462 -1.679087
375.845459 209.041336 2.348342 -1.646569
375.468323 341.007629 2.382525 -0.993613
376.204620 487.501404 2.490340 -3.151948
377.107941 22.237574 2.246308 -3.992070
381.696716 356.287842 2.846102 0.206178
386.677643 81.894661 2.559518 -2.181761
386.756958 305.494965 2.321264 0.392136
386.756958 305.494965 2.321264 -2.271591
387.762970 297.145935 2.307655 -2.116335
388.094910 547.607178 2.384154 -4.414600
390.009491 266.305817 2.498522 1.561053
390.715149 588.649902 2.628908 -1.253344
390.715149 588.649902 2.628908 -4.213897
395.971405 246.207352 2.494124 1.434239
395.971405 246.207352 2.494124 -1.487681
397.490326 66.728737 2.377531 -3.503360
397.872620 433.035675 2.795119 0.636966
397.872620 433.035675 2.795119 -1.431705
397.872620 433.035675 2.795119 -3.032146
398.993439 528.852356 2.362390 -1.170036
401.472961 290.554108 2.625280 0.487281
401.472961 290.554108 2.625280 -2.275159
404.763428 65.905151 2.391979 0.515944
404.763428 65.905151 2.391979 -4.630968
409.550690 21.530399 3.087661 -4.566668
408.637695 60.173573 2.448773 0.858681
408.637695 60.173573 2.448773 -4.675088
410.362640 470.112152 2.581853 0.292233
413.144775 267.713318 2.566016 -2.409344
412.772583 582.512573 2.389107 -1.544993
414.973480 331.475159 2.771674 -3.225296
417.881866 109.211349 2.338126 -4.615067
418.333435 504.113098 2.513422 -0.229729
419.246216 298.314331 2.629008 -3.192653
420.296021 591.581787 2.550194 -1.412055
420.296021 591.581787 2.550194 -3.369853
421.198364 213.448990 2.542943 -1.625447
6.853404 531.636719 3.138661 -3.363946
8.421372 42.076153 3.402947 -4.530618
8.821905 369.421448 3.280086 -4.592131
9.562022 486.314484 3.410430 -4.195391
18.526539 206.189407 2.859348 1.406513
20.209898 265.196991 3.097341 1.428072
23.403822 381.290863 3.448003 -2.154654
23.688959 343.589478 3.555161 -1.342320
27.831261 208.113815 2.983863 1.488541
32.016148 104.585289 2.974337 -1.552930
36.272888 225.246780 3.136920 -4.657325
36.189514 335.619720 2.896885 -3.333651
48.520042 242.165237 2.925950 0.858948
52.605675 457.179474 3.572486 -3.057882
62.327148 50.904339 3.133641 1.503785
62.850525 247.589890 3.289026 -3.177199
65.088669 103.992310 3.118396 -1.617916
64.845032 141.161911 2.933262 -4.382643
66.382431 336.153046 3.303034 -3.093719
67.950645 287.592377 2.870142 -3.082170
69.854660 586.667236 2.997741 0.258960
86.634171 279.851990 3.486117 -0.237078
88.529686 140.214554 3.841661 -3.045381
88.529686 140.214554 3.841661 -4.586970
93.722343 243.759888 3.178093 0.162827
93.722343 243.759888 3.178093 -3.971641
94.516891 435.079254 3.503862 1.289407
91.618454 525.042969 2.777689 -0.061423
97.511925 506.719147 3.160572 -1.973552
101.490425 292.477295 3.127290 -0.900792
103.759384 476.887634 3.433856 -3.626985
109.850952 41.284523 3.118999 -4.194675
114.958572 581.981995 3.341519 -2.371156
117.793701 32.285149 3.209683 -4.327696
119.363159 307.471558 3.007147 -0.826460
120.439209 567.042358 3.013131 -4.487979
128.042816 517.161926 2.869011 -2.235402
128.896378 124.585014 2.846467 1.035474
130.448853 476.548828 3.652657 0.505158
130.448853 476.548828 3.652657 -3.220380
139.125046 484.936646 3.186966 -3.335118
141.290131 88.049675 3.058451 -2.265093
144.915985 123.640472 2.856210 -1.839338
145.288696 617.728516 3.324791 -2.283810
146.807144 293.354248 3.435708 -3.839064
147.325455 16.789955 3.034676 -4.596822
149.139175 478.176727 2.841884 -3.028344
149.992706 603.437073 3.125359 -2.131205
157.563721 306.072266 3.209305 -3.812869
157.843384 569.818298 3.440932 -4.000072
159.382645 471.766785 3.381042 -2.888924
159.662857 319.705048 3.186937 -3.642326
163.264877 312.537445 2.956416 -3.755474
164.340927 100.935524 3.432547 -2.079193
169.450836 122.828407 2.840976 -2.124498
171.629471 401.146362 3.307922 -3.113091
179.544174 81.124748 3.508653 0.415871
179.544174 81.124748 3.508653 -1.316170
180.348099 444.556244 3.042664 -3.274112
180.348099 444.556244 3.042664 -4.194421
179.748795 590.184448 3.305473 -3.828730
183.739670 99.370979 3.496164 -1.533410
186.302994 130.028732 3.026364 -1.576587
186.302994 130.028732 3.026364 -4.688554
185.973434 476.630707 2.968419 -3.206171
188.006805 359.190369 3.594236 1.363015
188.006805 359.190369 3.594236 0.163745
189.358612 611.811462 3.372032 -2.081291
190.422134 583.981750 3.420994 -4.044396
195.894058 521.307495 3.387128 -1.825778
198.977966 292.849121 3.162351 -1.754123
204.875748 602.663330 3.752458 -1.845018
208.167511 372.064392 3.153386 -3.435529
214.811798 613.604919 3.293445 -1.803799
215.848328 411.379242 3.737253 -4.551703
223.926468 467.046997 3.080496 -4.638664
227.223877 128.304321 3.291212 1.393415
230.641708 475.532990 3.614467 1.562902
230.641708 475.532990 3.614467 -1.568336
232.000580 98.427353 3.328204 -1.720477
233.766693 119.786476 2.933407 -4.316376
234.545898 88.464455 3.388455 -1.861270
239.348404 552.769592 3.332991 -1.724330
238.282623 430.619354 4.154824 -3.159091
243.666687 283.094513 3.393965 1.478256
243.666687 283.094513 3.393965 -1.428555
244.421738 498.421295 2.823939 -2.165129
244.421738 498.421295 2.823939 -4.043454
246.084229 508.617432 2.887252 -3.933263
247.399811 370.397552 3.330515 -3.739136
249.153885 1.634358 3.001490 1.440130
251.386780 117.794266 2.929507 -4.403986
254.922134 125.997673 3.132049 -2.031906
254.922134 125.997673 3.132049 -3.988006
257.527985 630.747986 3.391823 -2.395491
260.163300 552.502319 2.947271 -1.670308
260.941528 118.074364 3.045386 -4.593769
264.426727 64.415833 3.207057 -4.580526
264.244415 619.979370 3.060059 -1.918616
274.105804 498.352692 3.384778 -4.528588
274.515350 7.096736 3.153438 -4.295103
275.070892 71.292091 2.901891 1.560979
279.898193 536.075439 3.334939 -1.782995
280.818329 339.248993 3.289459 -1.577476
280.818329 339.248993 3.289459 -4.565514
287.784760 575.208374 3.102855 -2.264880
289.721375 48.948811 2.861930 -4.709188
291.357086 552.788391 2.731175 -1.729706
294.129242 357.754639 3.479459 -4.704949
295.801727 456.009033 3.413800 -2.515543
306.049774 116.419319 3.450311 -4.427668
316.621338 423.341919 3.410117 -3.383734
318.123749 116.596321 3.480312 -4.483917
319.441101 331.915863 3.375825 1.490717
319.441101 331.915863 3.375825 -1.250958
324.874664 620.107239 2.908782 -4.617253
326.020569 36.480572 2.879878 -4.154033
337.852234 115.129929 3.187565 -4.505726
355.452118 123.332176 3.128550 -4.588119
356.808899 114.928848 3.277496 -4.545652
358.305420 208.147049 3.056580 -1.626175
374.255127 114.781075 2.880122 -4.468571
378.863983 59.240707 2.951876 -4.583009
380.332367 333.279541 3.180262 0.487011
380.332367 333.279541 3.180262 -1.085833
383.151703 385.448425 2.988230 -0.354615
383.884888 50.148540 3.287414 -4.019650
384.027771 410.140167 3.085525 -0.075364
385.782104 288.796509 3.209567 -1.443721
386.631104 455.882690 3.395381 -0.048877
386.631104 455.882690 3.395381 -3.131963
387.991028 341.035736 2.883809 -1.440331
387.853699 480.950134 3.180065 -0.177275
393.197662 33.832436 3.146982 -4.086760
393.891205 54.800533 3.074442 -3.448838
393.666351 442.106934 3.039817 -1.362421
393.666351 442.106934 3.039817 -3.181413
395.266754 119.947037 3.059410 -4.595386
396.222748 357.680389 3.596714 -3.435094
398.782104 410.343170 3.652309 1.462100
398.782104 410.343170 3.652309 -3.199360
398.087097 273.530853 3.402423 1.541598
398.259064 433.077423 2.895661 -1.425932
398.259064 433.077423 2.895661 -3.053107
402.025970 451.545166 2.902632 -3.323635
402.453278 483.874023 3.149009 -3.309117
402.924744 465.136810 2.990768 -3.319884
404.363586 496.463226 3.085914 -0.062095
408.951447 433.478058 3.117330 -0.252531
408.951447 433.478058 3.117330 -3.024120
412.447601 118.113831 3.137796 1.442874
415.084045 8.072899 2.868405 -2.572533
417.516083 275.255798 3.013909 0.500945
417.516083 275.255798 3.013909 -2.534042
417.956757 411.845642 2.972983 -4.106012
418.359283 426.975189 3.563518 -0.217310
418.730591 288.516083 2.885482 -3.271551
419.573212 16.490482 3.369020 -4.638991
419.718903 27.019716 3.287507 -4.650030
423.182373 520.566467 3.301617 -4.443138
13.061003 465.674713 3.915107 -2.652816
14.645023 306.882263 4.085807 -1.641263
17.075308 244.250809 3.977954 1.118565
20.739218 275.802704 3.972019 -4.516332
27.171619 79.730637 3.693091 -4.286889
48.304214 516.692322 4.815481 -3.127212
53.762848 438.957977 3.449537 -2.975191
54.205658 405.499634 4.455566 -3.172426
57.841385 31.780819 3.577403 -4.637267
84.464043 213.348068 4.103161 -0.195976
94.550957 246.206894 3.964440 0.169147
94.550957 246.206894 3.964440 -4.001435
99.999168 180.460114 4.243242 -1.367035
103.558083 476.982056 3.510254 -3.740041
104.213287 516.882996 3.649779 -1.992340
104.769562 139.957764 3.735986 -4.102129
114.997627 581.949768 3.292948 -2.461447
117.071991 478.744446 4.478183 0.729075
117.071991 478.744446 4.478183 -3.766099
119.160385 557.282593 4.410808 -1.759834
130.342575 476.487946 3.579983 0.606092
131.946060 320.324432 4.353069 -4.452645
137.902710 281.759613 4.303558 -3.883934
138.863876 102.367790 4.073750 -1.655461
145.347366 509.336365 4.325375 -2.383315
159.748428 594.023010 3.808684 -3.778036
168.294479 55.300095 4.082505 -3.939511
173.738373 600.172607 4.121818 -2.190801
195.089584 483.539246 4.119604 0.040877
196.610657 98.244690 4.046755 -1.732069
201.848450 530.896301 4.339879 -1.880728
204.732605 439.574005 4.247728 -0.688385
205.593948 477.210327 4.297614 0.164418
215.128738 411.475494 3.986690 -4.507675
215.437973 436.288208 3.857916 -0.578457
219.030853 27.899858 4.173476 -4.509405
218.753754 51.042259 3.951883 -4.193090
219.900269 594.050476 3.950848 -3.818904
225.405457 128.954727 3.782054 1.509113
228.246674 560.608643 3.727810 -1.744075
229.574341 455.725464 3.911419 0.071190
236.017700 430.921509 4.565350 -3.163601
237.295807 464.743744 3.851440 -1.476769
252.917313 66.175919 4.326822 -4.474114
269.477448 580.032776 4.105218 -1.738698
276.368286 552.829285 4.045312 -1.832044
278.380219 467.008026 3.857863 -1.458360
286.548401 370.659149 3.617344 0.882562
286.548401 370.659149 3.617344 -3.968853
286.548401 370.659149 3.617344 -4.674999
293.454956 63.234112 3.715194 -4.625350
296.288330 282.975128 4.165725 -1.744739
296.288330 282.975128 4.165725 -4.595258
306.052460 116.407585 3.536044 -4.319620
309.031281 541.882874 4.256407 -2.149665
312.662811 476.225555 3.829315 -4.035785
316.744629 447.732758 4.326066 -1.741768
316.744629 447.732758 4.326066 -2.863986
317.654022 552.269653 3.757628 -1.731028
321.931610 331.775421 4.152808 1.487275
321.931610 331.775421 4.152808 -1.281891
323.337280 26.058458 3.918081 -4.545997
329.546570 481.122986 4.367852 -3.483150
329.546570 481.122986 4.367852 -4.506369
341.406006 479.279083 3.776591 0.120194
344.079071 499.810364 3.807832 1.523437
349.805817 74.443565 4.011502 -2.169454
351.938049 436.108337 4.356331 -0.440871
353.192993 632.606445 3.994098 -2.736806
357.787598 537.797607 3.442085 -1.803318
359.915649 566.007629 3.487724 -1.626624
367.724335 556.200562 4.536201 -1.645023
389.167175 90.103951 4.383151 -1.799141
388.470154 556.698669 4.185094 -1.672269
394.264130 332.800842 3.719253 1.495950
394.264130 332.800842 3.719253 -1.590766
397.105530 378.793915 3.695169 -3.045694
398.612946 410.328125 3.607188 1.560264
407.609894 603.536682 3.851656 -2.687623
407.609894 603.536682 3.851656 -3.890061
410.409576 294.650269 3.660862 -3.263274
414.868011 357.898804 4.048852 -3.407520
417.113312 66.379860 3.556310 1.245697
417.113312 66.379860 3.556310 -2.614419
12.144621 26.140545 5.303804 -4.686958
15.261437 356.657410 5.527871 -2.132605
37.996998 281.809967 5.597686 1.423240
48.891644 573.608215 5.550151 -4.325864
65.455292 118.104485 4.425570 -1.690940
88.110909 140.572830 4.460172 -4.426365
95.246986 556.850403 4.600626 -1.162072
106.990379 105.421783 4.671235 -1.760039
108.864159 246.734467 4.747950 -3.899255
118.295929 256.583832 5.415024 -3.865260
120.231155 48.210541 4.282462 1.306584
128.551575 270.406799 4.481543 -3.850881
141.291779 114.871918 4.539600 -1.662059
152.525467 52.375977 4.982921 -4.214455
160.170441 543.844360 5.566427 -1.919432
168.215851 574.624878 4.478287 -3.747232
183.265869 398.894073 5.561979 1.014921
183.265869 398.894073 5.561979 -0.923968
186.196625 496.913177 4.679766 -4.504092
188.694168 412.149139 4.366555 1.104461
193.222443 546.990906 4.552614 -1.689707
200.719147 38.233131 5.374084 -4.707859
203.336380 62.935425 5.500878 -4.472098
217.571701 451.566040 4.687689 -0.067980
223.492035 350.041016 4.457684 1.555924
235.703522 384.174683 5.718258 -1.582776
241.115555 550.850037 4.795285 -1.829481
243.755096 535.060608 4.708634 -2.157755
277.465759 455.878235 4.675128 -1.466287
285.698242 106.487038 5.233199 -1.653432
286.972382 512.612793 5.297412 -2.106675
302.170013 511.741425 4.853573 -2.309063
307.911987 616.539429 4.997844 -3.917426
313.067383 318.588867 4.877189 1.525942
327.461975 541.229004 5.165391 -1.956934
329.375183 413.940735 5.744996 1.437919
332.577881 555.261047 5.621144 -1.650497
337.519897 429.724487 5.463743 -0.517478
337.519897 429.724487 5.463743 -1.777134
341.416931 344.982788 4.951107 -1.654893
340.115021 444.924103 5.049299 -0.333830
347.256073 332.938873 4.815239 -1.725461
347.256073 332.938873 4.815239 -4.448382
349.146423 358.546936 4.904419 -4.556395
349.305634 412.072815 5.417351 -4.592441
353.789307 479.589050 4.823614 0.160198
354.048523 555.434143 4.462210 -1.619655
358.305603 321.549408 4.873243 -4.305309
363.314087 446.574158 4.635646 -3.084329
384.808838 68.673668 5.079015 -2.476310
384.808838 68.673668 5.079015 -3.723091
387.171906 604.713745 4.786461 -3.536326
11.182814 255.035706 6.267059 1.545958
16.437485 198.214706 6.152438 -1.791948
26.250654 616.501099 6.033094 -1.967169
45.438950 542.798889 6.244259 -3.022308
53.739574 106.198273 6.272861 -1.852229
52.184578 360.775848 6.766487 -3.133979
55.168598 177.695557 6.875589 -1.274427
56.083656 302.881500 6.635056 -2.986668
80.860611 55.735165 6.739575 -4.612908
86.865532 537.539856 6.431674 -0.172796
88.051300 38.105175 5.684537 1.538660
96.066338 227.937881 6.029800 1.260184
96.066338 227.937881 6.029800 -0.419209
97.214203 254.788956 6.476498 0.142216
97.214203 254.788956 6.476498 -3.987219
105.174950 208.162552 7.012294 1.242611
109.543541 436.110748 6.508206 1.066914
110.776505 624.758423 5.962018 -2.159867
165.041595 396.397247 5.740750 -1.866405
174.344009 324.786011 5.879003 0.620133
181.426575 236.649963 6.392162 -1.558802
250.717300 453.771240 6.284378 -1.483401
253.317032 433.030426 6.271823 -4.664194
298.881836 598.934692 6.214899 -3.511910
325.184753 104.856873 5.914279 -1.707701
385.806213 510.495789 6.786284 -4.550623
45.301662 467.406769 7.703871 -3.060212
57.277252 270.060364 7.825314 -3.261526
84.421616 574.651306 8.087770 0.593927
88.205994 536.187927 7.415450 -0.202174
91.860649 453.795013 7.940392 0.250481
114.151886 412.063568 8.118799 1.173923
114.151886 412.063568 8.118799 -1.654015
115.947113 460.650940 8.091506 -3.626607
127.721512 341.668549 8.345902 -3.223739
128.304596 388.689178 7.697069 -2.677773
127.667656 429.910645 8.004047 -3.239734
149.723938 439.710052 8.216282 -3.364687
246.110992 45.701500 8.919322 -4.348131
264.098297 517.252563 8.769920 -2.136084
311.346191 399.528656 8.295526 -1.576062
311.346191 399.528656 8.295526 -4.683223
333.716095 618.172791 7.774059 -3.665057
355.794586 510.764648 7.954539 1.543537
370.259064 425.548065 7.849987 -3.476085
377.321808 535.228149 8.022446 -1.592252
404.772980 449.337372 8.097368 -2.743318
90.077728 29.849594 10.239626 -4.650262
94.202049 483.939514 10.836742 0.049216
102.192123 268.987457 10.025649 -0.135946
102.192123 268.987457 10.025649 -3.922259
107.091003 168.974442 10.209694 1.547082
107.091003 168.974442 10.209694 -1.032190
194.367065 441.652710 9.955814 -0.827217
196.068176 372.129944 10.662702 0.217320
218.074951 599.954834 9.689879 -2.269228
242.062088 374.491180 11.018276 -1.652782
256.021362 604.717590 10.000134 -2.158810
295.919525 374.101685 11.191690 -1.579762
340.707977 371.296600 11.223013 -1.671918
340.707977 371.296600 11.223013 -4.599222
367.734375 352.324829 10.203195 -3.600217
38.661579 342.261200 12.017289 -3.175837
64.178665 127.232506 12.814959 -1.931176
65.875862 550.480286 12.309565 -0.104968
71.323814 190.019196 13.375234 -1.038195
71.323814 190.019196 13.375234 -3.774940
224.947449 312.417480 12.294105 -4.641095
267.417145 485.845947 12.862756 -1.667493
330.271454 456.013672 11.418243 -2.611460
365.178070 309.412170 12.500003 -4.616498
385.136200 255.166290 12.960625 1.265464
72.409203 414.911316 16.397432 0.005892
89.242767 86.304024 17.110161 -1.921819
89.242767 86.304024 17.110161 -4.485279
116.913124 130.104813 16.115108 -4.538069
140.520767 86.941940 17.229366 -1.871117
161.434967 350.681702 15.217968 -3.302723
163.330780 562.353577 17.501375 -2.166166
211.727844 247.555435 14.718116 -1.422446
289.361420 438.062897 17.399252 -2.636827
339.289612 245.553116 17.009274 -2.055715
21.268009 293.336182 21.596411 -4.356681
106.282448 499.102264 20.727448 -0.009553
111.395836 351.448975 18.088442 0.147753
201.410324 514.556213 19.144266 -2.145271
251.222488 215.969147 22.680946 -4.582061
9.426053 75.080589 27.495476 -4.446509
211.760818 72.278503 23.717150 -2.104179
211.760818 72.278503 23.717150 -4.310961
274.116089 402.893372 51.405060 -4.574691
