4.349999 283.005676 2.202406 -0.839880
7.491988 461.203979 1.873287 -3.281300
9.542471 41.795921 2.311096 0.848134
8.812091 384.770782 2.065497 1.392444
8.812091 384.770782 2.065497 -1.830468
11.165270 543.078003 2.126551 -1.893331
12.591188 18.158016 1.997112 -4.257466
11.494396 187.077621 1.737001 1.539246
15.771360 561.738708 1.909534 -1.777138
16.430492 382.551910 1.996427 -4.186763
19.666584 71.596268 1.603516 0.633737
19.157835 120.041275 2.193843 -4.437583
20.698759 6.503808 2.108191 1.082760
20.661613 15.616139 1.963847 -0.023966
20.661613 15.616139 1.963847 -4.326775
21.122160 298.041138 2.147134 -0.828437
23.101500 125.353310 2.001315 -4.456870
22.804605 542.337097 1.960742 -1.882073
24.210567 76.967224 1.865244 -1.528393
24.121323 462.915863 2.115105 -0.042651
32.365082 352.568237 2.249357 -1.375709
33.767040 59.139526 1.985645 -4.017024
35.255741 131.418015 1.940856 -4.476513
38.325653 440.010834 2.019029 -3.066681
38.702969 120.444839 2.223724 -1.431035
38.702969 120.444839 2.223724 -4.538393
39.657688 347.572784 2.481335 -3.042011
43.173912 502.886566 1.855572 -2.201206
43.936127 377.805725 1.973702 -3.113778
47.042263 469.033447 2.084157 -3.292752
51.957623 66.290604 2.100331 0.244225
52.924053 536.692688 2.235748 -2.140325
55.144123 467.427979 1.876850 -2.970386
56.845547 17.234251 2.136889 -3.883122
57.788967 65.845169 1.849595 -4.547306
60.097733 22.852411 1.897280 -4.517200
60.113621 586.844666 1.820493 0.858560
61.001274 49.263401 1.799794 1.283616
61.177490 201.181290 1.881327 -4.565405
60.852261 541.791199 1.896416 -2.033581
61.609085 424.467834 2.125555 -3.742743
63.153557 522.754089 1.977376 -2.176203
63.344852 528.188049 1.942254 -2.073284
64.818893 578.940247 1.992477 0.826155
64.818893 578.940247 1.992477 -3.290553
66.016060 46.207760 1.778019 -3.553968
72.898651 79.941528 2.149261 -2.070884
74.226418 14.746800 1.914381 1.198026
78.820206 538.242737 1.992190 -1.793777
83.201172 485.082428 2.068534 -0.397692
86.603668 381.340698 1.685327 0.010095
86.940796 581.806519 2.037727 -4.255592
91.499367 108.192055 2.323773 -1.570049
92.378059 355.201630 2.185253 1.304704
92.378059 355.201630 2.185253 0.266892
98.656258 261.455719 2.225389 1.560564
98.656258 261.455719 2.225389 -1.495416
99.913040 44.668644 1.841684 -3.776306
102.280907 606.388428 2.184598 -1.809516
106.459183 261.543091 2.229438 -1.612608
106.459183 261.543091 2.229438 -4.655973
106.772537 131.711609 2.177567 1.565151
110.313049 26.966801 1.924872 1.498726
109.797531 136.823349 1.794101 -4.467004
110.904167 321.566925 2.121288 -4.526655
110.542564 451.460114 2.213230 0.036677
110.542564 451.460114 2.213230 -3.724406
115.041031 507.103943 1.906868 -4.059155
116.179825 28.852921 1.993809 1.375802
115.533195 448.832428 1.824961 -3.742676
118.659470 523.262268 1.934075 -2.120446
120.720924 56.788517 2.419787 -2.918967
120.720924 56.788517 2.419787 -4.641229
124.508064 148.269852 1.862542 1.530393
127.753609 109.829063 2.009669 -1.444247
129.135056 503.965546 2.137326 -4.142280
131.023026 161.171112 1.959149 1.548947
131.023026 161.171112 1.959149 -1.148533
131.075958 597.523315 1.777202 1.561516
132.319580 457.876343 2.324262 -0.081670
132.896790 97.842133 2.056775 -1.460026
133.070007 540.571289 2.225158 -2.000311
134.286957 7.063510 2.021514 0.906383
136.699142 442.971436 2.051054 0.284168
138.491516 563.644348 2.150647 -1.726878
141.325897 603.058228 1.885770 -1.956219
141.868652 634.476318 1.808635 -1.701354
143.172409 76.973450 2.351066 0.598127
145.964981 45.935326 1.849342 -3.843998
146.504395 387.746002 2.135412 -1.593076
146.558975 148.272705 1.833860 1.565102
146.558975 148.272705 1.833860 -1.375152
146.558975 148.272705 1.833860 -3.469155
150.645264 588.064880 1.840859 -4.475138
151.320663 608.374695 1.905747 -1.722321
151.935303 125.814072 1.897886 -4.592370
157.401169 110.753960 2.050192 -4.590283
158.759659 201.275955 1.859755 -4.599996
160.936249 85.412041 2.424708 -1.037271
160.936249 85.412041 2.424708 -1.857949
163.435013 356.334381 2.318528 1.567051
164.088837 484.300049 2.136858 -1.632123
165.834366 3.622195 1.904201 1.425912
165.834366 3.622195 1.904201 -3.086041
166.977127 125.666603 2.164623 -1.699288
167.857803 262.868835 2.169983 -1.580236
167.857803 262.868835 2.169983 -4.680636
168.955414 590.056641 1.962658 -4.056440
171.182281 484.303284 1.796748 -1.562780
176.225143 335.265991 2.266392 -4.560281
176.869232 34.526081 1.665053 -4.318039
181.776199 488.577362 1.941486 1.543904
183.092987 68.247421 1.951696 1.397342
184.113220 326.512878 2.202748 1.497899
184.113220 326.512878 2.202748 -1.100383
185.318436 484.101318 2.051117 -1.533453
186.159363 86.005226 2.101621 -1.281944
186.278992 527.196533 2.262751 -1.682848
186.127518 545.945374 2.058741 -3.448233
188.154724 36.597355 2.287570 -3.899884
189.482285 431.721863 2.256418 -1.686355
194.843979 520.276917 2.162012 -1.859071
195.489365 545.196228 1.829838 -1.682073
197.053314 591.988220 1.920019 -2.761913
198.585754 412.352478 2.161822 1.496016
200.773987 493.856445 2.034808 -1.538408
204.590485 41.189266 2.038048 -1.660430
204.590485 41.189266 2.038048 -4.684143
206.054291 500.193481 1.815708 -4.482695
207.118164 527.745728 1.616688 -2.067997
208.757721 522.486206 2.135242 -1.647932
214.529877 40.846489 1.941874 -4.633242
214.666946 527.507446 1.943050 -2.066108
215.436981 102.121124 1.822708 -1.556907
215.770065 204.554459 1.773870 -2.675991
215.770065 204.554459 1.773870 -4.144905
215.530579 332.589203 2.068917 -1.445635
215.692764 561.024963 2.047287 -1.850316
217.150742 24.096107 2.182520 1.376106
217.150742 24.096107 2.182520 -3.548618
219.881454 322.077789 1.908661 -4.648055
219.537003 337.979797 1.863702 -1.299178
221.356537 492.279327 1.901732 -1.739062
224.124664 147.919113 1.962021 -4.387118
225.132812 465.472809 2.061721 -3.175809
225.755859 25.891088 2.116044 -3.598852
225.804733 64.335350 2.005269 1.551528
226.929947 430.928223 2.028067 0.385961
226.929947 430.928223 2.028067 -3.062334
230.283676 88.328911 1.981723 -1.191830
231.246506 532.391113 1.854278 -1.514526
233.241760 52.568272 2.009976 0.693910
231.778854 491.325226 2.415915 -1.767444
235.348923 372.951111 1.988498 0.876646
235.348923 372.951111 1.988498 -0.873654
237.437195 21.301830 2.090209 -4.202505
240.203995 477.349945 1.988232 -3.340191
240.359879 632.190857 1.794660 -2.246317
240.359879 632.190857 1.794660 -3.781573
242.355103 575.205200 2.157352 -1.738812
243.704254 365.805603 1.964014 1.079633
243.704254 365.805603 1.964014 -1.069608
244.105347 469.581604 2.012042 0.207400
243.454651 510.808533 1.904640 -0.125198
244.270554 58.677795 1.817820 -2.803160
246.284180 276.403625 1.987505 -4.687475
247.033417 478.002533 2.075954 0.060316
247.904831 580.167603 2.133168 -2.022071
248.849930 370.423584 1.887999 1.151257
252.437653 48.658569 2.094036 -4.394336
251.701675 264.901001 2.232285 -1.554531
251.701675 264.901001 2.232285 -4.673136
252.216232 455.352173 2.192883 -0.513768
258.790375 338.973938 1.939451 -1.699127
260.676514 480.621613 2.129163 -3.198523
262.016449 110.207001 1.921537 -1.579145
261.935791 590.109680 2.146949 0.239291
261.935791 590.109680 2.146949 -1.263406
261.935791 590.109680 2.146949 -2.736570
261.935791 590.109680 2.146949 -4.362336
263.972656 75.265221 2.060258 1.071482
263.878937 152.227722 2.102181 -4.665321
263.495636 404.395599 2.070580 -4.153922
264.979095 145.906830 1.837489 -4.678698
266.389465 476.988342 2.090482 -3.223208
268.861725 567.422119 1.996089 -1.834410
272.353668 57.957733 1.757394 -3.646247
272.019318 428.389862 1.893042 -3.198083
273.142731 230.653152 1.875503 -4.550450
274.454163 594.889038 2.134909 -4.045707
274.658966 325.214600 2.099077 0.644100
274.658966 325.214600 2.099077 -3.543827
275.475067 434.739288 2.142853 -3.279699
276.779053 99.248718 2.091877 1.442618
276.779053 99.248718 2.091877 -1.689289
278.018433 215.510956 2.138203 -1.574856
277.621429 582.689758 1.905269 1.296505
277.621429 582.689758 1.905269 -2.234705
278.789551 310.423370 1.792668 0.566707
282.644684 489.383148 1.787780 -0.304227
282.644684 489.383148 1.787780 -3.112323
284.296326 60.096184 2.028287 -4.009157
284.706635 215.835251 2.189702 -1.561329
285.917480 309.149506 2.054891 -2.570273
286.921295 398.486176 2.044959 -0.010719
291.522461 36.818405 1.909134 -3.993725
293.206146 78.421745 1.854696 1.415585
293.394531 301.644989 2.245963 -2.185639
293.916077 428.045197 2.111833 -3.288900
295.419891 51.818371 1.935752 -3.313508
294.632324 131.619064 1.888235 -4.635471
295.722290 534.266541 1.939986 -1.047871
296.442291 33.496880 2.009247 -2.588794
302.630707 265.728912 2.076730 1.518795
302.630707 265.728912 2.076730 -1.359496
302.847046 627.356323 2.038972 -1.632049
308.409668 148.687515 1.966243 1.554684
311.262421 284.228149 1.930282 0.823620
311.262421 284.228149 1.930282 -2.276135
311.819519 514.801025 1.781839 -4.331135
312.023315 545.782593 1.838228 -1.316330
318.268433 21.975100 2.022528 1.181007
322.371948 290.951965 2.011081 -0.328003
322.371948 290.951965 2.011081 -3.174932
324.046570 209.990189 1.872049 -1.770116
325.028870 79.516365 2.126668 0.497833
329.588287 543.376038 1.700081 -1.170122
330.819946 127.853989 1.900971 -4.604051
331.235260 412.715363 2.104922 1.334932
331.235260 412.715363 2.104922 -0.176288
332.411438 89.680466 1.883030 -2.458141
333.404205 73.175751 1.789146 1.301357
334.018677 487.199524 2.099674 -0.046410
335.764923 157.989395 2.107802 1.399898
335.524689 546.089905 1.889912 -1.072555
336.527954 418.970551 1.870447 -1.515480
337.697784 10.983798 1.776907 0.275799
337.697784 10.983798 1.776907 -0.853351
338.930573 218.718277 1.928577 -1.442196
341.768768 334.335541 2.043215 -1.937964
341.768768 334.335541 2.043215 -3.213515
345.349945 285.311066 2.210323 -3.358496
347.057983 473.294250 1.878260 -3.205056
347.541473 22.524525 1.778687 -3.532476
352.690338 300.967926 1.790263 -0.079001
355.892334 189.024109 1.840638 -1.492805
358.598633 61.844978 1.918305 -4.407093
358.995819 331.138336 1.874787 0.344483
358.995819 331.138336 1.874787 -3.683474
358.912628 335.792633 2.341235 1.374104
358.912628 335.792633 2.341235 -1.271190
358.912628 335.792633 2.341235 -2.436375
361.757690 50.188675 1.902095 -1.175236
361.757690 50.188675 1.902095 -2.127023
363.018127 114.959358 1.957386 -1.537350
363.067505 268.020538 1.992527 1.474556
364.702271 312.632385 2.048546 1.333121
364.646606 636.179321 1.902589 0.566919
366.035004 273.487000 2.005384 1.494841
366.342651 448.247925 1.965071 -1.035130
368.867798 255.016083 2.279166 0.036124
370.023315 268.141998 1.951362 -0.055859
369.741272 491.712830 1.730030 -1.366851
370.798309 211.424545 1.947175 -2.025890
372.352814 312.682892 1.863318 0.046396
373.732513 126.966957 2.057054 -4.620995
377.178925 292.003906 1.957947 -0.177084
377.640106 437.246765 2.145873 -4.062922
379.313721 481.989594 2.059202 -1.695635
380.904541 514.044006 1.881642 -0.129533
381.642670 518.772888 2.261405 -0.084214
381.697449 526.482178 2.157506 0.060212
383.496674 53.669727 2.052524 -4.603978
385.131653 72.538300 1.754248 1.539046
388.402771 97.550667 2.346625 -1.747196
387.677887 146.766632 1.901355 1.291602
389.299866 20.010101 1.818076 -4.562737
388.975189 61.327789 1.858725 -2.340643
388.975189 61.327789 1.858725 -4.066871
389.551849 25.718201 2.120774 -4.620894
390.879028 76.713799 1.873970 1.407228
394.862701 129.979401 1.957446 1.504536
398.845367 575.894226 2.451352 -1.612912
403.064240 167.889893 1.959302 -1.605934
404.089630 480.536530 1.970843 -3.282778
405.088104 568.796814 1.880243 -1.879146
406.041046 244.245758 2.169732 -3.292995
408.114502 105.213089 2.198262 -1.594372
409.465271 230.745682 1.828711 1.093928
413.207733 275.250824 2.151691 1.417456
413.207733 275.250824 2.151691 -1.380145
415.205566 104.154587 2.085596 -1.611997
414.744080 559.620178 2.189850 -3.126724
416.669525 8.331385 2.146118 -4.639302
417.053131 269.398132 1.937750 -4.593705
420.793701 50.081852 2.053826 -4.258621
420.927063 63.303185 2.188276 -4.025098
422.440338 235.548630 1.987695 -4.539404
422.036713 269.628448 2.330743 -4.578611
422.694519 226.609482 2.127065 -4.532552
423.570312 157.968140 1.961630 -2.547402
8.387640 495.657104 2.240234 -1.806348
7.665522 601.108215 2.614687 -2.060005
9.214999 119.294388 2.405826 -4.277197
10.649541 396.711761 2.426342 -1.594595
15.200419 89.309601 2.807812 -1.430318
15.955012 294.610962 2.744806 -0.907188
17.586433 63.957870 2.535079 -4.546067
20.365719 420.706696 2.547982 -4.611427
19.726622 430.930939 2.546805 0.847603
19.726622 430.930939 2.546805 -4.335972
21.685904 277.542908 2.672421 -4.397821
22.128206 403.589600 2.368856 -1.531786
25.073292 138.927551 2.601825 -4.579282
25.002510 311.274719 2.568941 -4.157123
26.983824 239.180679 2.668192 -1.250073
28.577650 113.372658 2.534711 -4.656526
28.728786 570.300903 2.294759 -4.075063
31.734430 443.279175 2.935201 -0.396465
31.734430 443.279175 2.935201 -3.127112
33.778561 453.517792 2.368966 -3.239097
38.071400 253.838364 2.838648 -1.423582
38.071400 253.838364 2.838648 -4.712319
37.402393 468.722321 2.442878 -3.256908
40.197788 114.134880 2.541085 1.336750
43.397026 58.591324 2.662602 -4.509622
45.702446 266.012878 2.354678 -1.056481
45.702446 266.012878 2.354678 -4.711061
46.567104 45.726391 2.455455 0.783578
48.712025 582.016602 2.006796 -2.873481
55.778095 431.708527 2.352336 -3.679478
58.696823 85.410500 2.787926 -1.878960
58.696823 85.410500 2.787926 -4.031509
58.856777 417.028625 2.616397 -3.419173
67.945496 349.543304 2.240716 -4.223554
69.050987 317.725250 2.418587 -3.642026
69.686813 240.289413 2.827561 -1.563267
70.966911 123.104309 2.695533 -1.632217
70.728828 508.973511 2.564418 -2.294627
72.662590 527.577393 2.360342 -1.913205
74.036354 247.356262 2.603345 -1.541098
74.036354 247.356262 2.603345 -4.689803
76.212738 316.554565 2.376937 -3.676941
77.009895 426.793823 2.325702 -2.674945
76.782715 439.168091 2.550066 -3.068378
78.459152 373.725098 2.516774 -2.898524
79.723778 13.652131 2.791677 -3.580730
79.635185 521.443298 2.379235 -1.772531
83.985161 115.780960 2.783626 -1.824676
83.985161 115.780960 2.783626 -4.260306
87.346046 123.501350 2.656597 -1.858712
87.346046 123.501350 2.656597 -4.351390
87.244179 575.414124 2.368926 -4.164921
87.865395 528.924316 2.499495 -1.809311
92.275421 385.756897 2.927335 -0.193330
93.053421 331.342041 2.424521 0.313800
93.977226 32.819870 2.793961 0.361808
98.340569 248.241913 2.664720 1.552752
98.340569 248.241913 2.664720 -1.494013
106.122025 426.446167 2.861734 -1.031612
107.171967 5.988761 2.319343 0.077442
107.171967 5.988761 2.319343 -3.909928
108.530563 248.323349 2.696667 -1.614289
108.530563 248.323349 2.696667 -4.659952
109.250435 327.467651 2.846934 -4.607517
118.787422 621.982971 2.457007 -2.330905
122.628471 82.568871 2.653855 -4.413997
125.347687 125.068977 2.429463 -1.450430
125.352341 576.165710 2.311971 -1.715209
125.352341 576.165710 2.311971 -2.863009
128.533539 540.133667 2.756898 -2.004229
129.795685 135.901215 2.347682 1.261152
134.320084 430.721741 2.623402 -0.035460
137.286179 569.493164 2.248429 -1.721313
140.450287 14.058234 2.650822 -4.467224
141.965210 393.096954 2.517190 -1.562962
143.932785 126.115082 2.474130 1.197370
144.767761 88.159538 2.406038 -1.965453
153.585266 136.916367 2.432310 -3.469896
155.203949 517.050781 2.395276 -2.303797
159.429718 12.732105 2.304170 -4.310303
163.332672 618.467651 2.529278 -1.878062
168.193253 249.760513 2.554664 -1.575733
168.193253 249.760513 2.554664 -4.678871
170.626541 203.272354 2.291904 -4.559646
173.952515 527.790100 2.514601 -1.791800
176.058838 329.397430 2.487495 -4.573610
175.810226 506.004639 2.303362 -4.343141
179.538254 29.085688 2.295984 -4.186245
183.727737 508.115448 2.419301 -4.527191
186.481430 412.850891 2.717956 -4.628973
187.184433 557.497803 2.471508 -2.020537
188.413071 357.115173 2.719616 -4.662141
192.463989 74.058197 2.508666 -4.476332
192.958496 551.070923 2.520426 -1.681385
199.639832 585.405518 2.421148 -2.256529
201.247482 63.413700 2.840494 -3.211384
201.516006 550.470398 2.598098 -1.764152
205.373184 147.132462 2.792618 -4.560546
206.283951 52.915665 2.678344 1.538942
205.574310 218.072830 2.560844 -1.465472
210.165298 456.429749 2.763965 -2.656927
211.250504 375.255432 2.382086 -4.693880
212.306946 29.408974 2.352688 -4.473030
214.719467 412.539948 2.368191 -4.589917
216.968460 432.136169 2.679186 -3.482187
222.395248 71.233887 2.725070 -4.267684
222.889160 599.306213 2.352349 -4.420671
225.542099 9.974869 2.568938 1.518078
232.458832 607.359741 2.907036 -3.709342
236.357666 78.759483 2.621440 -3.869131
240.007736 206.292084 2.275972 -4.629973
247.173981 55.109932 2.277215 -4.159900
248.051315 76.589592 2.517859 0.898942
248.051315 76.589592 2.517859 -3.805233
248.260239 426.608734 2.503750 0.307619
248.260239 426.608734 2.503750 -1.437843
248.812714 19.644274 2.571948 -4.160465
250.110901 123.024300 2.766248 -4.611079
250.577942 29.884186 2.555004 -4.133375
254.829086 447.988281 2.479219 1.209299
257.422363 358.227173 2.807803 -4.569839
261.408661 251.827377 2.523962 -1.625408
261.408661 251.827377 2.523962 -4.627105
261.806122 344.182556 2.415918 -1.645158
273.398743 71.970322 2.623226 -3.614334
272.712860 94.175583 2.542176 -1.381257
272.712860 94.175583 2.542176 -4.660003
275.974548 477.039276 2.323230 0.126213
277.032867 52.298996 2.632272 -3.669964
277.085541 486.044006 2.382090 -3.102054
278.786377 63.450680 2.566405 -3.749064
280.681488 344.078186 2.326555 -0.959587
284.999359 561.708862 2.723073 -1.590769
286.092896 358.514374 2.653224 0.264732
286.645660 386.222076 2.893821 -0.212250
286.604431 543.999756 2.439158 -1.154407
286.604431 543.999756 2.439158 -4.356141
288.329315 246.029785 2.771456 -1.559737
288.317352 480.459991 2.853252 -0.178622
292.591675 344.124481 2.637003 -1.320927
295.890137 43.544907 2.243947 -3.979344
296.938507 622.421082 2.622469 -3.244146
299.298767 433.268829 2.699841 0.686702
299.298767 433.268829 2.699841 -1.485521
299.298767 433.268829 2.699841 -2.989763
300.363068 151.506668 2.670213 1.466459
302.569244 252.649246 2.352663 1.490011
302.569244 252.649246 2.352663 -1.437533
302.805023 463.696747 2.765214 -3.215489
303.253021 494.418884 2.934329 -0.093525
303.253021 494.418884 2.934329 -3.222101
306.569855 295.648956 2.362987 0.551563
306.569855 295.648956 2.362987 -2.303868
307.401428 599.738281 2.810616 -3.494752
307.401428 599.738281 2.810616 -4.434934
311.239777 37.969185 2.469758 1.516413
311.239777 37.969185 2.469758 -3.384248
312.349152 51.039722 2.415881 -4.668020
314.282349 585.353760 2.681336 -1.141001
316.591858 573.181641 2.695440 -1.533436
318.155670 274.135010 2.409285 -2.383106
318.025360 335.823395 2.553953 -2.976485
318.669220 75.516907 2.494286 0.705546
319.382568 413.134857 2.807545 -3.139176
321.674896 16.047844 2.308504 -3.734475
321.510895 476.916229 2.826017 -3.178722
322.980774 303.935608 2.647153 -3.188004
327.230621 222.618271 2.358441 -1.533290
326.996338 574.115417 2.537457 -1.543787
329.417023 334.951904 2.500307 -1.359559
329.541138 33.082520 2.351790 -2.550486
329.463379 316.520264 2.220654 0.066042
333.421478 58.176666 2.178948 -4.031154
335.360229 351.935669 2.460076 1.542947
336.234711 93.941017 2.510164 -1.741899
335.782074 510.851349 2.652043 -0.229921
337.320496 257.871735 2.261185 -2.614046
337.845856 575.501892 2.390658 -1.631825
338.572113 272.426117 2.475203 -3.320607
339.826080 36.534321 2.476697 1.175872
347.644653 337.696960 2.410993 -2.716185
352.335083 131.589645 2.549942 -4.351574
352.420135 273.667938 2.576244 0.035874
352.852234 240.861664 2.743386 -2.319689
353.921906 37.539238 2.640889 -4.660676
354.475616 343.222595 2.507318 -0.032048
354.957184 356.483704 2.323913 0.098793
355.528748 45.266308 2.329640 1.438073
356.452545 54.564224 2.569466 -4.298900
357.163544 631.954102 2.293582 0.608050
357.163544 631.954102 2.293582 -1.832764
359.465088 562.209412 2.563539 -1.606965
360.479401 233.582047 2.673396 1.075069
360.479401 233.582047 2.673396 -2.382714
360.727081 487.968445 2.540452 -0.040014
362.372101 589.745239 3.048257 -1.661979
362.372101 589.745239 3.048257 -3.922999
363.331116 128.001190 2.616879 -4.613793
364.596100 58.021259 2.334485 -4.389818
369.242340 466.462585 2.499885 1.422627
368.989288 482.141235 2.491815 -1.470348
369.951721 341.736420 2.595574 1.358902
369.951721 341.736420 2.595574 -1.547212
376.897247 47.986378 2.489722 -4.531995
378.860718 464.948700 2.739731 -1.999075
378.860718 464.948700 2.739731 -4.459338
385.657532 330.397125 2.386123 1.055349
386.058441 495.860138 2.396066 0.068413
390.543243 191.518234 2.091704 0.179306
391.488281 7.461287 2.321303 -2.243359
392.461151 66.747108 2.206884 1.452256
393.525452 102.941597 2.349400 -1.720530
408.927429 111.805428 2.364629 -1.545817
410.288635 219.167786 2.529100 0.099866
410.288635 219.167786 2.529100 -1.079223
410.288635 219.167786 2.529100 -3.332412
413.816223 249.633698 2.724800 -1.498075
413.627075 148.854263 2.353632 -4.413885
414.117126 263.075287 2.546196 -4.629717
415.452820 56.734798 2.589617 -4.383278
417.403473 42.128773 2.884330 1.549112
419.582825 256.676270 2.287076 -4.494076
6.043301 286.149384 3.219716 -0.867656
6.999925 57.376667 3.137940 1.568680
16.123096 571.072937 3.196949 1.509841
24.030594 301.861694 3.129168 -0.792480
38.182056 359.866852 3.232051 -3.056477
37.930599 622.354004 2.942577 -2.130281
43.025711 106.635170 3.206433 -1.385074
50.997883 478.125427 2.970999 -3.013671
53.917175 288.905914 3.539051 -3.823541
55.441360 46.783680 3.110042 1.204581
56.946171 114.854614 3.054251 -1.640686
61.598347 471.689392 3.354311 -2.941923
64.650909 302.206390 3.289866 -3.796465
68.698936 274.280334 3.072831 -4.664293
70.458290 309.029327 3.046182 -3.748804
76.612968 135.013916 3.036556 -4.602458
76.717354 399.975525 3.290195 -3.093223
78.628456 591.906555 3.203879 -2.868706
78.628456 591.906555 3.203879 -3.938713
84.000893 443.672394 3.024624 -3.165106
84.000893 443.672394 3.024624 -4.153002
90.471230 136.408340 2.854419 -4.544348
99.041794 93.477356 3.561858 -1.422870
102.208275 530.901245 3.117602 -1.833914
103.489601 116.769096 2.975930 -1.457223
108.209274 551.560303 3.129668 -1.694303
108.652229 290.473816 3.138922 -1.730918
115.588028 370.906677 2.910192 -3.375489
115.415985 117.119354 2.955370 -4.517267
120.989868 552.959839 2.933433 -1.751218
126.007858 447.102936 3.089157 0.053225
128.075012 466.877319 3.042974 -4.662644
134.554733 475.448242 3.632371 1.554037
134.554733 475.448242 3.632371 -1.574301
135.852432 37.794159 3.021522 -3.366787
135.136490 412.669067 2.849200 1.535482
137.347076 24.687752 3.672955 -4.518184
139.082016 117.877831 3.327916 1.423761
139.082016 117.877831 3.327916 -1.514667
144.692047 443.400421 3.101888 -4.343239
146.557312 118.095917 3.411084 -4.399349
147.806335 97.014938 3.312423 -1.598790
147.504532 497.938965 2.912182 -2.067622
152.841446 42.031006 3.154272 -4.120613
153.369797 282.295715 3.401980 1.503123
153.369797 282.295715 3.401980 -1.394186
155.736038 369.568726 3.495351 -3.784100
158.833786 65.866165 3.175023 -4.682399
162.175766 552.113953 3.377134 -1.658562
165.005844 497.281708 2.983894 -4.320443
165.900223 561.653442 3.479361 -1.606757
169.425140 506.720337 3.247272 -4.181356
169.087265 535.530212 3.500236 -1.785305
171.606506 31.860453 3.382595 -4.176004
175.059769 11.261516 3.660936 1.331637
176.641434 21.786060 3.442616 -4.022922
177.046066 497.927490 3.337991 -1.701456
177.046066 497.927490 3.337991 -4.542777
182.057205 534.671692 3.041078 -1.903110
186.824371 49.381458 2.921712 0.650531
191.488586 9.713492 3.234195 -4.013433
201.116211 358.328857 3.434430 -4.681012
200.605530 455.721069 3.526797 -2.509487
208.795990 446.418640 2.891820 -2.842515
210.765808 129.025787 2.847548 -4.372686
215.580399 121.553215 3.417583 -4.494662
218.159973 77.937843 2.972378 -4.318813
220.725067 577.796387 3.078074 -1.984492
221.774002 423.438446 3.338105 -3.359431
224.719940 562.102051 2.968065 -1.661653
227.212631 333.357605 3.420529 1.522273
227.212631 333.357605 3.420529 -1.222314
228.920990 439.685028 3.487104 -1.692463
231.548309 40.914146 3.233380 1.111938
234.258545 121.855293 3.233376 -4.441834
239.368546 591.296204 3.195344 -3.873578
244.205643 477.975769 3.531998 0.100337
245.141434 486.638824 2.696221 -0.013252
245.088074 495.648865 3.094079 -4.710846
249.241013 148.162964 3.124160 -4.472976
257.033325 15.036670 3.010930 -4.635175
257.537994 102.890457 3.545894 -1.555407
261.053131 32.315002 3.044797 -4.617890
263.729797 132.093262 3.280609 -4.371478
268.121277 213.742325 3.084450 -1.581943
272.154572 523.927185 3.219738 -1.593420
276.430725 293.774231 3.356596 -1.489514
281.229889 150.320908 3.172935 -4.670958
282.671326 522.340759 3.298693 -1.375963
285.441315 336.459442 3.016799 0.554930
285.441315 336.459442 3.016799 -1.091111
286.756317 411.196045 2.934734 -0.019324
287.960297 455.338226 3.203407 -0.028975
287.960297 455.338226 3.203407 -3.099420
288.295929 480.034210 2.911320 -0.192409
291.005127 293.752258 3.190393 -1.377071
295.039703 443.031677 3.075565 -3.232487
298.580902 336.296448 3.568730 -1.492666
299.513763 360.292084 3.391582 -3.425981
299.747528 382.607605 3.402995 -3.018809
300.427094 411.543579 3.474282 1.423899
300.427094 411.543579 3.474282 -3.667251
303.069000 494.316040 2.928045 -0.059618
304.332214 278.904510 3.179219 1.545845
305.892883 69.776276 3.112173 -3.320808
314.756348 299.734100 3.411754 -3.259567
316.973907 360.212372 3.477795 -3.392312
317.589294 380.453491 3.510263 -0.080506
317.589294 380.453491 3.510263 -3.141534
318.194702 441.779358 3.551245 -0.223049
318.194702 441.779358 3.551245 -2.887237
319.294403 428.136871 3.380705 -3.061889
322.084991 281.414307 2.920173 0.511922
322.084991 281.414307 2.920173 -2.528073
325.124207 47.359467 3.100976 -4.500042
327.199005 64.542145 3.113891 -4.012106
327.234772 447.485382 3.242435 0.499066
329.086792 106.862572 2.936809 -1.550308
329.766663 35.184563 3.244079 -2.578412
329.766663 35.184563 3.244079 -4.655645
329.726349 263.071442 3.035205 0.868686
329.726349 263.071442 3.035205 -2.482330
335.191681 325.312073 2.979909 1.528637
335.166565 473.828125 3.295002 -0.040766
342.443787 249.302505 2.862540 -2.201597
344.692688 257.806976 3.060822 -2.340309
345.808624 281.776764 3.294379 0.263252
345.808624 281.776764 3.294379 -3.433925
346.431396 293.728851 3.102779 -0.379483
346.431396 293.728851 3.102779 -3.014845
347.055725 305.176147 3.102769 -0.071033
347.055725 305.176147 3.102769 -3.175581
353.198822 115.543266 3.038553 -1.585082
352.330139 260.778717 2.852228 0.278881
352.847443 481.670898 3.479118 -3.084035
354.630432 525.434631 3.336518 -0.266605
355.872467 315.151550 3.156910 0.035379
356.530060 413.367096 3.116911 -0.017333
358.823761 426.900024 3.554765 -0.133697
359.247650 448.583252 3.393329 -0.052037
359.441223 224.103058 3.235321 1.158796
359.441223 224.103058 3.235321 -1.572264
360.692535 474.267883 3.601423 -0.109661
363.263092 37.056858 3.000606 -3.776683
362.920380 85.535484 3.627536 -3.951636
364.469696 590.479797 3.739471 -1.669718
364.469696 590.479797 3.739471 -3.919663
365.499603 351.016235 2.985164 -4.538923
366.456329 394.138123 3.143748 -1.531082
366.464661 420.089752 2.954115 -3.412419
369.862946 280.900787 3.036272 1.393993
369.862946 280.900787 3.036272 0.097490
370.558411 295.795563 3.098437 -0.167787
371.623474 360.492157 3.379873 -4.567794
378.203094 305.687622 2.963892 -0.011335
380.570862 38.941578 3.433928 -4.487423
381.399719 380.502258 3.127440 -3.233475
392.559662 207.514618 3.392039 -3.288175
393.843048 626.010132 3.435528 -4.018245
408.988922 173.968719 3.077205 1.147642
413.114960 631.479431 3.402395 -3.944165
417.686066 176.647232 3.190022 0.956204
417.686066 176.647232 3.190022 -2.201498
415.024902 288.386658 2.672491 -3.150148
16.805008 560.784302 4.002194 -1.731502
25.757143 598.755798 3.853082 -2.642030
30.716835 476.980469 3.896476 0.611118
37.556252 315.571503 4.157597 -4.410771
44.662296 276.427765 4.393021 -3.877075
45.820004 510.472626 4.076478 -2.328838
56.366695 291.232849 4.133164 -3.807211
84.183578 46.824154 4.383856 0.522171
84.183578 46.824154 4.383856 -4.070620
88.728661 585.260620 3.709862 -3.605246
93.382507 411.066925 4.447236 1.235660
94.922112 357.591034 3.986763 1.171173
94.922112 357.591034 3.986763 0.331224
94.166481 547.894409 4.200156 -1.691785
95.870369 521.927185 3.737358 -1.891810
99.251938 93.466637 3.575973 -1.396891
98.283836 483.350006 4.174372 0.077409
104.345222 604.722351 3.836364 -1.897313
120.509727 410.555664 4.146115 -4.504596
120.391930 435.611359 3.919873 -0.587981
127.753372 422.653442 4.000968 0.257075
127.753372 422.653442 4.000968 -2.105414
127.627029 561.743347 3.662401 -1.751236
135.610443 47.697014 4.126198 -4.178075
134.610352 95.241058 4.134859 -1.497423
134.437546 455.145996 4.040986 0.080212
135.376785 475.277557 3.719121 1.546073
135.376785 475.277557 3.719121 -1.595588
141.954498 464.493835 3.888074 -1.470382
144.561356 534.585510 4.015769 -2.130280
154.526413 282.743073 3.769033 -1.361819
164.712387 606.595947 4.570358 -1.849681
168.442123 106.864227 3.523737 -1.564878
168.551758 578.322327 4.375174 -1.715768
174.795792 11.405762 3.628646 1.455980
178.780441 552.133850 3.725934 -1.859404
182.904999 466.629486 3.764250 -1.441284
188.391388 574.820984 3.954891 -2.112561
193.947205 370.815735 3.592216 0.879136
193.947205 370.815735 3.592216 -3.993494
199.804291 628.882568 4.417408 -2.070477
201.687561 358.959473 3.730540 -4.683824
205.140228 284.382568 4.211144 -1.690915
205.140228 284.382568 4.211144 -4.561920
209.798187 541.363892 4.020352 -2.067724
216.552155 475.519806 3.911257 -3.989759
220.942413 320.577728 4.283239 -4.700944
221.249237 447.728302 4.185983 -1.753160
221.249237 447.728302 4.185983 -2.883549
222.413895 132.075684 3.945745 -4.318888
229.116104 439.571747 3.541158 -1.783333
232.659729 359.589264 4.436814 1.459590
232.346771 99.208046 4.285747 -1.627233
232.606186 480.105316 4.200768 -3.524577
232.606186 480.105316 4.200768 -4.423050
240.211823 34.441830 4.064280 -4.469289
243.826508 132.007248 4.197144 -4.383216
244.226273 477.766357 3.498310 0.168580
245.079178 497.748413 3.768333 1.557975
252.848328 552.193420 4.576953 -1.648945
255.562469 435.976562 4.198358 -0.694848
262.726929 83.038628 3.916332 -1.934754
266.900330 101.786484 4.300599 -1.616271
267.278137 552.744690 4.349217 -1.641346
284.975952 552.368958 4.185946 -1.663121
296.286804 81.012787 4.132298 -3.691848
299.694702 102.836105 4.094694 -1.668928
318.041718 135.098389 4.051593 1.404792
319.200134 488.324951 4.232528 -0.190367
319.200134 488.324951 4.232528 -3.025777
318.928070 601.133728 4.072514 -3.801936
320.110840 500.863800 3.900761 -2.996780
341.021698 600.183899 4.393033 -4.197506
351.759949 463.462189 3.710495 -3.007598
361.432709 474.119568 3.745291 -0.134526
373.022827 626.980164 3.622480 -0.949880
374.849518 227.046677 3.868105 0.210669
375.166504 473.968048 3.653570 -1.600688
377.380524 263.132812 3.756656 0.133117
396.244873 65.188095 4.064904 1.443011
400.061279 560.662231 4.053121 -1.293840
407.518280 256.313477 4.189393 -3.248918
407.793030 32.715340 3.527929 1.507495
408.882355 281.748474 4.117943 -3.193531
415.650665 435.864471 3.797289 -3.209376
416.841522 465.182312 3.850809 -3.194394
15.253950 239.297470 4.934059 -3.893266
17.275496 92.187294 5.178429 -1.527826
16.885235 374.458466 4.594423 -1.568985
16.557415 479.178040 4.653660 0.957768
16.557415 479.178040 4.653660 -3.881818
24.783619 249.823700 5.572608 -3.860088
26.413124 405.125000 5.459517 -1.623733
33.461040 33.127186 5.535130 1.345199
35.562542 264.724091 4.661729 -3.849471
60.691143 546.186218 5.435089 -1.912789
64.819138 364.687408 5.219017 -4.145743
72.456863 603.627747 6.420407 -2.131667
74.541351 94.388847 4.941204 -1.809751
87.713989 397.528229 5.568487 0.974137
87.713989 397.528229 5.568487 -0.848086
88.990669 497.390381 4.917908 -4.498802
110.376419 477.056458 5.014960 0.267474
119.106743 34.592426 5.015325 1.552385
118.647682 57.622211 5.680440 -4.452441
122.151947 451.175507 4.770715 -0.067648
130.660263 348.838074 4.759698 -4.692713
141.375992 430.313171 4.780503 -3.137805
145.762390 550.227417 5.035850 -1.814366
182.477188 455.243042 4.875822 -1.463222
185.020157 61.776447 4.799642 -4.660546
189.803207 511.699982 5.098845 -2.086206
188.961212 541.374084 4.888738 -2.020814
196.766296 596.602112 5.192494 -3.492197
201.580963 220.217484 5.514482 1.543900
205.204193 510.737549 4.630624 -2.253127
233.823837 413.942108 5.463849 1.436873
240.436447 111.302132 5.787663 -1.583457
242.078491 429.369019 5.101782 -1.713975
243.583603 445.424561 5.395621 -0.410908
248.048141 346.603668 4.805783 -1.629050
248.048141 346.603668 4.805783 -4.634900
253.001892 41.195824 5.287626 -4.620507
253.635788 335.018127 4.778190 -1.691592
253.635788 335.018127 4.778190 -4.424769
254.423416 360.577606 5.114389 -4.552508
253.924561 412.821014 5.325424 -4.569820
256.012451 478.371521 4.647563 0.183824
257.947540 536.532166 4.925325 -1.750596
259.075531 611.272888 4.963110 -3.026298
264.862823 323.923157 4.736050 -4.290693
286.520874 113.812241 5.652730 -1.634323
314.681030 554.467163 5.502641 -1.437746
321.171478 115.540443 5.664800 -1.554626
334.061554 287.477478 4.816104 0.392796
334.061554 287.477478 4.816104 -3.499308
336.055634 362.281342 5.144973 0.423883
336.055634 362.281342 5.144973 -3.562606
337.129578 382.832153 5.318399 -0.415497
337.129578 382.832153 5.318399 -3.084455
338.702332 453.886780 4.942380 0.501597
338.702332 453.886780 4.942380 -3.021051
340.378235 474.595764 5.034758 -3.070148
341.876068 508.285675 5.418983 -3.025522
384.715363 194.023514 5.467436 1.434533
390.037384 213.527771 6.627871 -3.324410
399.631104 326.827667 4.453255 -3.213605
402.193481 189.433487 4.956157 -2.327918
403.438873 205.082428 4.859940 -3.228587
410.674896 299.378082 5.399159 -3.137456
412.014954 352.337433 5.018969 -3.244323
410.759918 553.130737 5.191343 -3.138444
414.567200 195.673096 4.950259 -2.286881
414.772369 398.838562 5.194924 -3.200991
10.334366 434.729065 5.951131 -4.688126
17.603409 199.055725 6.904180 1.426276
48.134232 442.433777 6.417275 -3.271534
80.654388 321.017883 6.029812 0.698767
91.274864 232.602737 6.545347 -1.533440
142.501282 382.801788 6.011559 -1.571063
155.358490 452.904266 6.566704 -1.465733
158.952698 432.557068 6.192270 -4.667263
207.741257 417.991638 6.981244 -4.665832
237.201538 553.578430 7.185612 -1.685482
271.986877 373.161377 7.325892 -3.115509
285.146088 508.125458 6.810932 -4.575327
302.922974 447.817352 6.758279 -2.261672
302.922974 447.817352 6.758279 -2.859268
378.585815 35.931458 7.022622 -4.586748
16.901058 458.668091 7.766707 -3.757839
31.287825 437.750153 7.557192 -3.270816
31.822937 337.518066 9.040267 -3.218244
72.560410 603.815918 7.371904 -2.257615
147.028030 164.320953 8.528618 -4.696562
164.796829 45.222370 7.836421 -4.493531
165.641724 516.565796 8.645443 -2.136247
233.017929 612.553223 7.705214 -3.870951
256.367554 509.210938 8.398965 1.499829
273.549377 425.509247 7.423187 -3.418488
275.706085 532.205566 7.424280 -1.551383
293.275818 378.350342 8.081942 0.607702
293.275818 378.350342 8.081942 -1.364743
311.716461 169.859497 7.528994 1.482808
311.716461 169.859497 7.528994 -1.608791
366.225037 375.026062 9.213933 0.322050
366.225037 375.026062 9.213933 -0.705679
366.225037 375.026062 9.213933 -3.371173
369.286530 446.259430 7.713614 -0.148507
8.684488 410.268768 10.433404 -1.688202
22.464312 159.306549 10.393874 -4.674711
19.040462 306.952301 10.965158 -4.601560
61.460503 159.143204 8.800550 -4.418433
98.595467 441.250275 10.238010 -0.831160
102.708595 371.345459 11.108435 0.266589
149.489182 373.141113 11.227888 -1.633016
149.489182 373.141113 11.227888 -4.663697
177.302429 608.300720 10.210793 -2.087777
177.302429 608.300720 10.210793 -3.333489
199.244812 517.753784 9.425504 -2.139674
208.634903 426.519989 11.051529 -2.521044
208.634903 426.519989 11.051529 -4.646202
234.766144 456.009338 11.216627 -2.486331
246.668610 372.616302 10.944290 -1.668272
246.668610 372.616302 10.944290 -4.572124
267.224792 397.835876 10.351986 -2.424417
273.290161 354.603027 9.837287 -3.580918
299.766205 615.262634 9.378461 -3.242779
349.626526 548.531921 10.047660 -1.510870
386.183533 224.411224 10.828873 -3.384465
391.412506 599.410889 12.490074 -1.658777
400.808502 540.563049 10.608163 -3.145066
133.878983 311.009460 12.684160 -4.619523
171.653076 486.909882 12.893941 -1.680734
200.988098 373.396881 11.522475 -1.568193
200.988098 373.396881 11.522475 -4.653324
272.051392 312.413666 12.077771 -4.602575
292.254089 260.739288 13.041604 1.258880
329.229889 158.855469 12.367177 -4.648144
391.805145 154.486664 12.229544 1.472881
394.119995 600.478516 13.450724 -1.708579
7.009314 600.708252 14.559767 -2.152249
27.125673 119.174103 17.483677 -4.565442
67.461304 348.106750 15.805074 -3.307009
119.902458 244.991577 15.229726 -1.276030
184.775223 532.996643 15.477050 -2.042298
194.133347 438.191864 17.172726 -2.633963
286.588257 261.086487 20.620989 1.326525
378.300720 369.182709 18.148109 -3.369854
379.811707 452.086823 18.545660 -3.305386
405.476715 162.520630 16.508915 1.490004
52.854568 74.226349 19.470053 -1.614243
52.854568 74.226349 19.470053 -4.681129
59.654163 565.112732 19.081448 -2.122546
268.777191 518.314819 17.556894 -1.656709
125.401955 68.542343 24.267361 -1.700892
125.401955 68.542343 24.267361 -4.543641
265.509003 72.725296 23.573860 -1.907814
106.459442 136.074738 29.820473 -4.509071
255.581345 282.718658 34.843964 -4.636701
275.810272 140.496185 33.384003 -4.413274
109.182838 286.841309 39.264652 -4.451008
179.372421 401.250824 49.428410 -4.542324
