19 28
89 21
102 314
103 5
105 2
112 10
113 16
120 313
123 20
126 25
127 26
130 321
132 328
133 327
137 40
145 516
147 47
148 40
155 8
161 344
162 58
163 54
164 55
165 705
168 39
169 63
170 789
171 60
172 61
173 69
175 65
176 59
177 66
178 67
179 642
184 70
190 555
193 80
194 76
195 84
196 93
199 90
203 381
204 100
206 98
207 95
212 107
213 106
215 102
216 113
217 109
218 110
221 120
223 386
225 114
226 115
227 418
228 112
229 116
230 39
231 118
232 121
239 125
244 134
248 129
249 407
251 137
255 141
256 142
263 145
264 148
265 149
267 154
269 153
273 157
276 163
277 169
279 167
284 182
286 175
287 428
290 185
292 178
293 180
295 196
296 191
297 192
302 188
305 199
307 193
313 107
314 106
316 204
318 205
333 218
334 219
345 223
346 224
348 502
396 530
410 306
411 693
412 305
413 307
414 225
415 316
416 315
420 21
421 326
422 323
423 322
425 27
426 528
428 324
431 332
432 534
436 331
439 338
440 336
442 342
443 341
444 42
445 43
447 343
448 32
450 345
451 351
452 53
453 357
454 50
455 348
456 356
457 355
459 354
460 358
461 359
464 353
467 365
468 360
471 367
473 719
475 419
479 375
480 373
481 376
487 101
488 383
489 384
492 387
495 388
498 393
499 391
500 390
502 122
503 125
506 401
508 403
509 587
510 402
511 405
513 385
514 406
518 412
519 385
527 416
528 417
529 173
531 422
532 423
533 424
534 425
537 183
542 429
544 203
545 433
546 431
548 435
552 208
553 438
557 448
558 449
560 444
561 445
562 446
564 453
565 454
572 462
577 468
599 246
604 314
608 285
615 527
619 690
623 534
625 532
627 531
629 536
631 535
632 336
633 538
636 540
639 543
640 544
641 542
643 338
647 700
650 702
651 550
652 705
653 551
655 706
656 555
658 556
659 557
660 565
662 285
664 795
665 568
666 569
667 566
670 570
676 572
679 382
680 581
681 584
683 582
686 725
687 400
688 395
689 585
690 586
692 592
693 598
694 594
695 595
701 608
704 613
705 614
706 436
708 615
709 619
710 616
711 617
712 441
713 618
715 628
717 620
719 622
720 624
722 627
723 445
724 446
727 450
728 626
733 636
734 637
737 224
758 777
759 778
761 690
762 691
763 692
765 693
767 696
769 704
773 790
774 706
775 707
776 560
777 711
780 710
781 713
782 795
783 716
785 721
786 723
787 724
788 726
789 727
790 412
792 730
793 731
795 732
796 733
797 735
798 736
800 594
801 595
802 743
803 741
804 742
807 749
812 751
813 754
814 752
816 621
817 623
818 624
820 544
828 789
835 781
836 782
839 783
841 787
842 788
843 789
844 698
845 701
846 791
847 792
848 793
849 794
850 847
851 796
852 717
853 797
855 799
856 803
858 734
860 804
861 851
863 806
864 808
865 807
866 811
867 812
868 813
869 814
870 815
871 747
872 818
875 753
896 845
897 846
898 848
899 849
900 801
901 805
902 853
915 862
916 863
919 864
920 865
921 866
922 867
923 855
930 880
931 881
933 882
934 884
935 901
936 890
937 891
938 893
944 899
945 900
946 889
947 903
948 904
954 910
956 911
957 913
965 924
