3.114481 346.157562 1.822958 -4.411041
5.262807 539.900208 1.992457 -1.843964
6.121124 68.555305 2.246312 -1.821965
9.630053 557.460938 2.177705 -1.689263
8.936829 611.930725 2.048796 -1.930725
11.015924 485.779114 2.158930 -0.379842
13.067158 180.850967 2.051822 -4.649647
14.511796 586.061218 1.905879 -4.230944
16.828644 378.994720 1.931931 0.023881
17.136408 598.837097 1.831229 -2.211208
17.136408 598.837097 1.831229 -3.592874
19.068632 524.657959 2.021358 -1.820470
21.498188 3.767079 2.003972 1.398546
24.009693 332.823303 2.030764 -1.012279
26.290581 307.200714 1.805566 -4.617343
28.395397 65.224251 1.978772 0.030873
30.949575 547.284363 2.110133 -1.847887
32.061226 256.502197 2.262048 -1.464110
32.061226 256.502197 2.262048 -4.687786
36.707008 587.279724 1.922688 -4.166890
36.710693 633.843323 1.917513 -1.003977
38.084991 139.099258 1.929618 -4.616300
42.255795 65.436920 1.996369 -2.521057
41.466118 99.711472 1.975717 -1.471791
43.518543 318.236237 2.145735 -4.498001
42.558720 512.318970 2.122351 -1.867238
44.464058 47.081947 1.876890 -4.687360
46.048325 117.209579 1.951854 -1.372272
46.048325 117.209579 1.951854 -4.604490
46.999077 123.228706 2.146134 -4.486732
47.109631 136.837692 2.037831 -4.597324
59.308384 504.777161 1.944240 -4.207146
59.597298 426.267609 1.836141 -0.009118
63.193935 118.638359 2.191911 -1.317865
63.193935 118.638359 2.191911 -4.632576
68.060005 442.392365 2.096178 0.305206
68.888329 155.927780 1.898336 -1.116540
68.888329 155.927780 1.898336 -4.691823
69.928589 119.287949 2.185267 -1.301344
70.908913 103.130356 1.981320 -1.489651
75.425034 139.695618 1.957883 0.793131
84.449318 518.428528 1.967063 -2.066415
84.170357 528.929016 1.937848 -1.746341
90.594536 359.834717 1.921869 -4.679053
91.364197 120.527901 2.311668 -4.560584
92.679222 38.150085 1.896348 -3.971475
95.346252 484.327454 2.203110 -1.636100
98.731537 80.112595 2.122387 -0.913151
98.040359 564.673340 1.780761 -1.378049
98.732597 42.805431 2.281647 -4.296208
102.658981 272.367859 1.919819 -4.671220
102.370003 484.303925 1.754856 -1.566923
102.890892 594.516357 2.049737 -4.374254
103.881554 260.290649 2.149865 -1.548878
103.881554 260.290649 2.149865 -4.645578
105.917625 506.179688 2.166809 -4.312328
107.740799 200.709549 2.244884 -1.613655
107.740799 200.709549 2.244884 -4.242652
109.868713 353.013184 1.890996 -4.657667
110.983376 307.033905 2.125699 -4.648088
112.102898 522.710693 2.154515 -2.574051
113.748810 488.670563 1.958829 1.528086
115.487076 526.914551 1.778982 -1.472746
117.038795 484.033783 2.072595 -1.537057
117.957207 573.386475 1.921292 -2.071014
119.273888 521.671936 1.853896 -1.819199
121.644325 70.991158 2.042367 1.367112
122.614479 431.495850 2.253676 -1.636335
125.109573 574.375854 1.799055 -1.043429
125.889801 57.282749 1.843978 1.260672
127.105606 526.119995 2.152768 -1.911457
130.445068 32.451263 1.744049 -3.804970
132.836609 70.688148 1.909756 -4.533712
133.952408 493.607056 1.988938 -1.551213
138.682648 466.621185 1.820317 1.515111
138.682648 466.621185 1.820317 -1.956334
138.019867 593.980408 2.230102 -1.832600
139.052109 509.186127 2.007652 -3.832034
140.846573 522.451721 2.137046 -1.788805
141.893631 392.935852 2.165138 -1.585242
144.063766 532.239929 1.852091 -1.963356
144.346100 542.526184 2.384888 -1.694999
146.335373 527.172546 1.963473 -2.025095
147.599609 27.432886 1.799884 -4.396538
150.618408 331.729980 2.104890 -1.419457
152.794312 483.435913 2.085922 -1.507578
154.331909 337.269989 1.893236 -1.299717
155.071930 100.754623 2.065401 -1.469508
155.215790 321.260376 1.936021 -4.631634
157.756775 465.126862 2.082566 -3.138250
160.194077 430.492340 2.067575 0.447153
160.194077 430.492340 2.067575 -3.022631
161.443909 568.381592 2.271610 -1.520299
165.875092 204.925140 2.049629 -4.437956
167.863998 63.975586 2.062645 -4.497002
168.309235 598.594421 2.212293 -4.060040
168.649536 16.781956 1.930477 -3.721743
169.236237 372.776215 1.961756 0.788101
169.236237 372.776215 1.961756 -0.797432
170.455582 88.189148 1.767883 -1.101703
171.128052 583.938904 1.967771 -1.318872
171.857697 140.185120 2.155352 -4.628838
172.971878 519.691284 2.128374 -1.212814
175.681717 13.771058 1.896335 -3.982378
176.549576 469.076294 2.100700 0.226971
178.365204 365.550446 1.849339 1.069727
178.288315 596.165222 1.795815 1.286331
178.288315 596.165222 1.795815 -0.991012
179.239334 206.604828 2.215720 -1.339020
179.239334 206.604828 2.215720 -4.601371
184.439728 480.775482 2.330538 0.039134
185.002991 455.105194 2.171701 -0.480592
186.936905 33.550850 1.958709 -3.651532
188.358795 39.514053 2.169485 -3.694870
188.498230 8.022564 1.933388 0.792658
190.061920 20.292870 2.639233 -4.052177
190.932663 617.953430 2.013451 -1.039750
190.932663 617.953430 2.013451 -3.656156
192.774048 357.469727 2.186679 -4.504651
192.838730 480.158966 2.224673 -3.184022
193.671021 338.858459 2.094895 -1.654645
194.956604 86.251442 2.006841 -0.764709
194.176285 543.863708 1.810629 -4.449282
196.474548 76.016922 2.197843 1.180633
196.474548 76.016922 2.197843 -3.999235
197.130676 404.182526 2.077708 -4.145207
197.103668 496.037201 1.933515 -4.623789
197.190735 344.272430 2.298737 -1.580570
198.431824 567.395691 1.988710 -1.611373
198.765121 476.629456 2.105099 -3.208792
200.277573 82.896599 2.171919 -0.728556
201.845657 112.000862 2.224742 -1.518254
205.012772 154.617020 2.028575 1.542746
205.146210 428.381653 1.882295 -3.176827
207.351608 594.895691 1.953728 -4.045323
208.493515 434.657257 2.120623 -3.251098
210.224228 231.827042 1.849665 -4.512696
209.934143 325.358093 2.039675 0.648759
209.934143 325.358093 2.039675 -3.493760
211.702454 587.334656 1.912781 -1.850495
212.855286 61.300964 2.192991 -3.515799
212.582245 97.478500 1.674624 -4.652405
215.176834 216.914246 1.955627 -1.543329
215.313416 344.408203 2.234323 -0.845709
215.078140 393.686432 2.027888 -0.432355
215.078140 393.686432 2.027888 -3.101650
217.081680 222.644058 2.160841 -1.517847
220.281082 398.857361 2.001533 0.025108
221.390457 310.061829 2.030212 -2.536506
222.656464 217.624969 2.004647 -1.529625
224.283264 51.394241 1.993728 -3.699583
225.796677 44.278709 1.970964 -4.009412
226.724335 428.111786 2.069659 -3.268718
227.263489 514.023438 1.844048 -0.645146
227.263489 514.023438 1.844048 -2.440253
227.281830 524.246460 2.085732 -1.188191
227.462128 310.757507 2.204924 0.511717
227.462128 310.757507 2.204924 -2.316205
229.001099 302.655151 2.204396 -2.169408
231.892838 41.231804 1.988629 -4.032659
233.846283 145.435349 1.975217 -4.610788
235.367462 126.873711 2.044040 -4.280046
236.721771 55.825214 2.065412 -3.204536
237.083237 507.214752 2.158880 -4.250243
240.527924 343.668427 2.021767 -2.066601
240.884338 434.574463 1.979502 -2.996927
242.481293 130.276001 2.030723 -4.492408
243.221268 538.193909 2.067592 -1.191170
243.701874 96.714912 1.979584 -2.216644
246.638763 136.200470 2.107431 -4.531933
247.322845 285.428986 2.066140 0.811919
247.322845 285.428986 2.066140 -2.306250
249.321487 588.208496 2.124319 -1.501114
251.981445 294.250854 2.078380 -3.226224
253.118301 18.439930 1.885538 -4.475111
257.289337 235.039185 1.850351 -4.639843
263.302673 413.162811 1.965276 1.215578
263.302673 413.162811 1.965276 -0.177642
265.120819 159.191559 2.036759 0.316694
264.945007 486.468048 2.109983 -0.019248
268.578094 419.291443 1.964802 -1.500847
272.636536 47.869671 1.998283 -4.586203
273.488525 79.954018 1.848694 1.562048
272.709045 260.863159 2.228200 -2.604979
273.721863 535.983276 2.092020 -4.150539
275.115234 336.083405 2.120400 -1.892519
275.115234 336.083405 2.120400 -3.147329
273.649200 540.799927 1.788365 -1.626353
277.743164 88.082710 2.225120 -2.474717
280.215729 293.945862 2.300824 -3.045448
279.746277 546.451477 1.706599 -1.558596
280.897064 339.042633 2.172611 -2.824283
283.306793 626.746643 2.094331 0.772363
283.306793 626.746643 2.094331 -1.756693
285.421417 14.330482 2.188478 -1.399406
284.900665 101.962776 1.906489 -1.238171
286.020477 248.693207 2.083755 -2.256790
286.600464 303.463501 1.810022 -0.067907
287.874268 138.232803 1.788498 -4.261965
292.684784 47.660686 2.330837 1.201502
292.254272 333.239471 1.917946 0.415519
292.254272 333.239471 1.917946 -3.670392
292.657562 338.019287 2.233565 1.392590
292.657562 338.019287 2.233565 -0.932873
292.657562 338.019287 2.233565 -2.552878
293.061066 388.607056 1.888067 -1.490098
297.251312 271.383728 2.122894 1.482688
297.019104 393.932159 1.873595 -1.575980
297.673950 315.036072 1.966966 1.279827
299.189819 277.523254 2.155851 1.468674
299.773224 491.933838 2.053500 -1.236443
303.214996 625.938843 1.915716 -1.219240
303.214996 625.938843 1.915716 -4.543622
302.844757 631.896667 2.177073 -0.892095
304.374298 28.510454 1.994747 -4.517515
304.071075 271.644470 1.927747 -0.010530
304.218842 506.272888 2.069486 -0.115045
304.468933 486.251923 1.893563 1.393083
307.437805 414.123138 1.744633 -0.074855
307.191803 423.769501 2.099599 -4.406318
308.075867 481.173035 2.011940 -1.640091
308.886017 79.984375 1.809396 -4.110565
309.541504 491.417633 1.666319 0.036713
309.779480 43.760403 1.850028 -3.483131
314.968262 57.476788 1.817766 -4.610629
315.111816 541.444824 2.067561 -0.151470
316.386719 442.605682 1.869443 -3.707027
316.988800 50.882870 2.154181 -4.512771
322.169342 15.102896 2.054713 -1.629704
322.752075 552.285889 2.207654 -1.147703
324.478058 480.134094 2.029853 -3.831042
325.040039 45.268784 1.893149 -4.467766
324.953430 197.800018 2.199141 0.214654
325.081757 366.749512 1.963441 0.511141
325.081757 366.749512 1.963441 -0.206609
324.808197 571.163940 2.005912 -1.494518
326.716614 38.182007 2.047513 -4.590152
328.907166 626.762268 1.743031 -4.054579
329.738495 482.341278 1.797938 -3.680616
332.360382 532.949829 1.837888 -3.368593
332.819397 51.748592 2.068254 1.067944
335.519897 121.502342 2.145255 -1.444382
338.812622 249.895370 2.045331 -3.268706
339.559570 114.967514 2.196961 -1.384330
340.017059 555.881897 1.908627 -3.093855
344.102203 110.566910 1.877912 -1.504593
345.602936 279.892944 2.181890 1.361987
345.602936 279.892944 2.181890 -1.269286
346.730103 32.532425 2.038505 -4.667550
346.899231 375.782501 1.811750 -0.103968
347.892303 411.513367 1.929112 0.060261
349.149872 115.165398 2.055363 -1.507423
351.410706 69.259872 2.126192 -4.416120
352.274536 110.463600 1.856144 -1.378506
351.911865 441.009033 1.989207 -3.099334
359.919556 466.015778 2.144412 -4.704047
370.162994 229.259613 1.778059 -2.176320
373.224640 96.493652 1.794272 -2.893469
376.458557 625.222656 2.205034 -0.842008
378.135681 126.908813 1.932980 -1.529230
379.444122 275.885040 1.752274 -4.499507
380.143890 132.154373 2.080419 -1.527889
383.654633 202.169891 2.095155 -1.781055
383.947021 246.354385 1.903522 -1.844134
383.947021 246.354385 1.903522 -3.718275
386.504791 89.132523 1.829802 -3.172688
387.516022 325.098297 2.097400 -1.577467
388.724915 216.043060 1.881455 0.826273
388.872498 450.554138 1.934803 0.536821
391.053284 63.619869 1.991135 -3.116767
390.802917 235.125519 2.198023 -1.542085
392.426819 264.509003 2.245560 -4.494024
392.301514 276.996399 2.154082 -4.424057
392.956726 40.194321 2.181861 0.961784
392.956726 40.194321 2.181861 -3.519495
393.986481 247.729797 2.011521 -2.659377
393.986481 247.729797 2.011521 -4.296407
397.832611 236.154755 1.835862 -1.242592
402.545776 38.022888 1.904727 -3.161457
403.909241 452.096497 1.905645 -4.434571
404.581512 361.156830 2.044427 -1.624370
409.345581 509.190033 1.969314 -3.869211
415.996094 77.286034 2.280840 0.000163
417.606018 493.503632 2.217810 -0.139147
421.318634 183.886810 1.973566 0.928963
5.412572 438.240723 2.540360 -3.048854
6.430936 241.187744 2.734648 -1.562055
6.430936 241.187744 2.734648 -4.606751
5.626989 425.591644 2.447355 0.087406
5.626989 425.591644 2.447355 -2.663839
7.149407 370.885803 2.692334 -2.919792
7.149407 370.885803 2.692334 -4.033734
7.580460 312.329895 2.393004 -3.751089
7.638351 523.787659 2.415292 -1.832829
14.754397 530.928528 2.626521 -1.854225
17.666449 578.850159 2.715610 -2.156620
17.666449 578.850159 2.715610 -4.143524
20.193707 98.577225 2.700986 -1.653373
21.779968 113.469391 2.343742 -1.754028
21.779968 113.469391 2.343742 -4.517839
25.013922 15.278999 2.493748 0.478645
28.465929 99.746262 2.750339 -1.498523
31.279966 21.055935 2.822290 0.354266
30.932762 36.718040 2.474306 0.486047
33.132442 209.274002 2.520401 -1.475732
32.464973 242.983734 2.694448 -1.462464
32.464973 242.983734 2.694448 -4.694653
33.817623 542.316528 2.493686 -1.803867
37.515816 250.416443 2.862845 -4.656106
38.059235 203.665543 2.436688 -1.504063
40.592983 451.032623 2.283805 0.076220
52.367123 12.176461 2.390645 1.483644
55.315193 19.286734 2.356553 1.522403
54.587353 117.519531 2.348215 -1.670203
56.918774 455.488403 2.453949 0.098113
57.958347 467.236542 2.637312 1.475601
60.085747 225.285980 2.319810 -1.419675
62.154926 75.000084 2.492062 -4.600281
63.540863 129.713593 2.392335 1.373714
65.388412 430.510406 2.469900 -0.046174
66.209694 411.466980 2.767607 1.529007
70.849373 135.162628 2.374647 1.371769
74.504860 391.821106 2.684370 -1.549916
78.416374 429.709961 2.734834 -3.080730
79.722176 386.281128 2.225501 -1.598966
92.084190 131.910141 2.484266 -4.021760
91.863503 620.936829 2.760433 -1.853616
95.179207 68.390312 2.741554 1.553665
97.162048 354.737335 2.437154 -4.658182
101.468185 6.898351 2.696854 -4.481707
103.711807 14.606506 2.456568 1.530704
104.502754 247.032013 2.497652 -1.548243
104.502754 247.032013 2.497652 -4.634152
104.836395 213.976700 2.519646 -1.493992
105.138550 570.391357 2.415475 -1.565230
105.944534 135.623688 2.500723 -4.536289
108.028145 564.355835 2.271354 -1.783798
110.832726 327.730011 2.503750 -4.552020
110.647736 334.083618 2.564954 -4.537428
111.855263 534.246948 2.553514 -1.777833
115.445183 508.157288 2.473277 -4.658305
116.355049 545.953369 2.364047 -2.598010
121.983826 25.610130 2.401003 -4.233122
122.665840 355.756195 2.679712 -4.651061
122.688469 551.724365 2.643115 -1.725720
123.884048 143.869995 2.550432 1.517766
129.814026 248.591415 2.553483 -1.536015
129.814026 248.591415 2.553483 -4.632041
132.210831 551.032166 2.423048 -1.702154
132.601959 411.727020 2.314736 1.510857
136.388443 580.781921 2.261248 -1.737828
137.212509 528.652039 2.860065 -2.011518
142.806549 456.359039 2.750331 -2.660959
145.521362 374.318085 2.384421 -4.644714
147.247208 13.540220 2.637163 -4.636431
147.878357 50.658661 2.428773 -4.711292
148.433640 412.055908 2.398885 -4.579340
149.094330 211.642960 2.446576 -1.456626
150.192368 431.773041 2.667014 -3.441528
152.302277 600.175842 2.507043 0.692154
152.302277 600.175842 2.507043 -4.660515
153.924057 530.862183 2.291852 -1.920216
154.161163 543.599609 2.551277 -1.949996
154.843460 146.946350 2.540916 -4.461190
158.978790 76.502541 2.642308 -4.232347
160.751816 23.022034 2.325333 -3.768640
162.355560 70.140427 2.461572 -4.242597
163.756622 490.779022 2.225183 -1.800829
167.382065 10.052420 2.973517 -4.616445
166.775925 579.575623 2.123822 -1.158504
176.626144 78.466789 2.357630 0.872268
177.429657 486.108032 2.762966 -0.026545
181.262619 23.810095 2.723191 -4.613388
182.002380 10.903813 2.731076 1.017395
182.002380 10.903813 2.731076 -4.136813
181.873993 370.843536 2.458799 1.045877
181.931122 426.299713 2.413807 0.357623
181.931122 426.299713 2.413807 -1.412249
182.512421 44.908035 2.840583 -3.902043
186.331635 629.181885 2.317050 -1.745380
187.209045 58.177048 2.330680 -3.036529
187.931839 447.845428 2.497400 1.205610
189.495438 78.216072 2.677097 1.169163
189.495438 78.216072 2.677097 -4.016835
192.050446 588.208130 2.277791 -4.349410
193.837631 61.203018 2.338344 -3.015640
193.837631 61.203018 2.338344 -4.628091
194.090942 153.860168 2.302803 1.545541
197.282410 129.525055 2.095066 -1.743736
198.086853 252.361755 2.439887 -1.575256
198.086853 252.361755 2.439887 -4.611307
199.067108 560.521240 2.243337 -1.616873
206.896347 635.507690 2.705381 -2.475007
208.199738 476.643372 2.280883 0.130513
210.670044 143.418030 3.138240 1.548759
213.715790 74.853043 2.433517 -3.577700
215.116226 246.456375 2.686564 -1.536005
215.072189 579.765076 2.765477 -1.476731
218.792572 56.530083 2.508097 -3.579727
220.463425 359.249023 2.662832 0.260865
220.352814 385.688721 2.750906 -0.165719
220.302017 479.811951 2.839659 -0.138739
221.127228 253.622009 2.380207 -1.505549
221.127228 253.622009 2.380207 -4.648853
227.224579 344.945801 2.610141 -1.314815
226.528503 391.651855 2.091667 -0.825822
226.528503 391.651855 2.091667 -2.433421
232.062317 433.262970 2.685234 -2.992957
232.239197 315.416107 2.193106 0.374645
234.966873 451.155060 2.744368 -3.225169
234.711655 135.188385 2.304709 -4.411764
234.800308 463.787720 2.694385 -3.201481
234.615677 494.259979 2.812048 -0.075651
237.614288 68.732590 2.665853 -3.125612
237.614288 68.732590 2.665853 -4.363500
237.794800 574.563049 2.336983 -1.387637
238.757858 254.546082 2.464023 1.538733
238.757858 254.546082 2.464023 -1.407059
238.650925 531.180298 2.421129 -1.177299
241.926483 297.283813 2.301191 0.599133
243.041916 582.054810 2.341802 -1.125085
243.041916 582.054810 2.341802 -3.450063
244.008926 147.093582 2.368199 -4.625065
245.730438 224.395584 2.531222 -1.508461
246.249634 400.799835 2.342773 0.051466
249.400635 541.091187 2.283453 -1.142870
250.150208 632.592773 2.468941 -1.222426
250.150208 632.592773 2.468941 -4.205378
252.375183 337.147278 2.442440 -2.861604
251.909363 413.438049 2.708151 -3.060609
251.909363 413.438049 2.708151 -3.849546
252.888229 476.429565 2.695980 -3.136507
253.797501 276.072144 2.391430 -2.361260
254.476776 74.128983 2.713033 -0.053799
257.814178 305.750702 2.615570 -3.164175
261.714050 46.070110 2.834598 -4.551212
263.087280 19.900703 2.339957 -3.661473
263.405212 336.494720 2.483458 -1.315162
263.623840 225.743622 2.381026 -1.494962
263.923126 318.044708 2.260255 0.097806
265.090088 35.664951 2.385970 -2.473614
267.694061 70.310074 2.532616 -4.015137
268.676086 353.355255 2.406520 1.530302
271.338074 546.935974 2.445737 -1.124792
272.306702 138.419296 2.425273 -4.515539
273.575470 275.094910 2.404156 -3.315841
276.918823 100.014145 2.377205 -1.542684
277.892487 252.546631 2.811256 -2.174874
281.302185 44.121769 2.262495 1.375623
281.302185 44.121769 2.262495 -4.027887
283.711975 128.743164 2.374310 -4.290680
287.054199 263.954041 2.699904 0.377576
286.981995 276.798248 2.499423 0.057193
287.528687 221.632858 2.698366 -1.589303
287.766754 345.159210 2.499643 -0.014155
288.425842 244.548965 2.795028 -2.293546
290.483734 487.042877 2.435840 -0.005105
294.748260 457.955414 2.511302 -1.030581
295.599762 237.817703 2.564564 1.087871
295.599762 237.817703 2.564564 -2.368051
299.474884 466.096283 2.507003 1.426763
299.305664 481.321747 2.424994 -1.477418
301.866516 46.126759 2.383042 -3.560815
302.659485 67.137260 2.720566 -4.438265
308.605499 464.531708 2.801234 -2.124654
308.605499 464.531708 2.801234 -4.442453
314.512817 486.337158 2.774024 0.488238
314.738953 495.086121 2.365651 0.096833
318.026794 333.126282 2.412199 1.043988
318.580688 619.044434 2.641031 -4.019788
332.895813 36.295185 2.679274 -4.539904
342.232788 205.275864 2.750094 -2.239916
343.577423 182.162720 2.697200 0.959788
343.424561 225.639801 2.427950 0.115429
343.424561 225.639801 2.427950 -1.061487
346.067932 121.911789 2.636571 -1.475517
346.167358 255.272125 2.603251 -1.328240
345.903381 268.313721 2.364187 1.565692
349.927338 255.353088 2.394950 -1.443533
354.929413 464.424683 2.661402 1.450523
359.103394 354.901245 2.715601 1.405557
360.599365 245.693146 2.475817 -3.167122
365.891785 38.690868 2.620604 -4.353214
371.787750 600.144043 2.301811 0.061385
375.751770 587.811646 2.214538 -1.457899
377.177673 270.079254 2.341577 -4.249941
378.352325 571.194702 2.550195 -0.040351
381.977692 228.845963 2.328278 -1.778021
383.026367 221.527084 2.524429 -0.473923
383.522949 264.214325 2.693908 -4.433768
386.072113 113.738731 2.602545 -1.579796
387.169098 614.126404 2.321182 -2.198195
389.182190 270.813446 2.511467 -4.478861
390.503662 401.260712 2.263106 -1.405097
390.816071 489.084686 2.415639 1.287590
392.129608 83.296593 2.729148 -3.132587
393.203796 108.012756 2.590526 -3.211191
394.121796 389.205566 2.746527 -4.472675
397.449951 270.318878 2.291363 -4.344320
400.930420 45.065857 2.422784 -3.045119
406.574463 266.819641 2.744920 -0.200685
406.895233 406.367065 2.607773 -0.066285
417.222717 585.435913 2.703892 -1.413181
417.906403 186.560684 2.500440 0.707786
419.029694 112.616150 2.891214 -0.015369
418.985229 520.082642 2.346700 -0.075964
7.817700 112.811668 2.924490 -1.434258
7.817700 112.811668 2.924490 -4.628097
10.574020 126.212280 2.925865 -4.497679
12.466509 443.057129 3.049361 -3.121157
12.466509 443.057129 3.049361 -4.173264
16.185158 106.354057 2.903008 -1.661029
16.185158 106.354057 2.903008 -4.184271
21.236824 338.870392 3.122565 -0.896213
22.997269 383.453064 3.183895 -0.246989
25.185255 353.561768 3.359776 1.314618
25.185255 353.561768 3.359776 0.316201
29.292435 535.299011 3.240535 -1.827655
30.756140 135.221115 3.128408 -4.573430
32.165001 543.751038 3.049345 -1.812261
36.415710 425.307617 3.017343 -1.041583
36.066650 554.064392 3.190833 -1.698890
37.275089 116.712143 3.079521 -1.356752
37.275089 116.712143 3.079521 -4.706032
38.233559 108.404945 3.239098 -1.350492
42.347080 286.509460 3.226269 -1.701690
41.984371 325.028503 3.434730 -4.581436
47.405251 368.481873 3.083509 -3.312423
47.477573 520.482666 3.159096 -1.988554
49.851891 109.938911 3.382931 -4.411326
51.722752 554.958618 3.040843 -1.780560
56.904991 446.604279 3.192814 0.070417
59.481701 497.371552 3.368920 -1.816594
59.481701 497.371552 3.368920 -4.121623
69.666359 354.880371 3.206570 1.435688
72.211487 578.502136 3.131408 -1.705076
73.033981 563.307190 3.389145 -1.666071
75.681305 112.380760 3.256940 1.534261
75.681305 112.380760 3.256940 -1.300657
78.043701 498.244781 3.175814 -1.984553
80.296577 121.289879 3.033018 1.200517
81.277756 5.764718 3.079225 -4.511466
81.572144 509.365814 3.351207 -4.048145
82.360428 72.179230 3.299451 0.736049
82.360428 72.179230 3.299451 -1.787144
86.899002 91.412369 3.382914 -1.509040
87.410980 112.896431 3.144626 -4.461117
88.522545 279.500458 3.418181 1.547389
88.522545 279.500458 3.418181 -1.360426
109.042999 114.124779 3.208388 -4.569302
117.655357 8.125736 3.082080 -3.880837
123.484436 338.136505 3.257795 -1.514395
123.484436 338.136505 3.257795 -4.518875
130.585068 568.547729 2.944363 -1.681769
133.552704 455.223236 3.439925 -2.521501
136.094437 357.289398 3.455284 -4.667096
140.365326 118.902771 3.408865 -4.694298
141.488037 445.933228 2.981111 -2.834647
149.550156 128.758881 2.971505 -4.432067
150.771484 119.498375 3.171105 -4.609657
155.178299 422.929382 3.339295 -3.332347
160.130981 11.987925 3.008235 1.438501
162.407791 332.720032 3.474287 1.548116
162.407791 332.720032 3.474287 -1.198981
163.823502 120.782829 3.348925 -4.486078
169.600601 590.980408 2.974755 -3.944773
174.106659 43.044037 3.067406 1.075455
176.269928 477.707733 3.618669 0.108789
176.269928 477.707733 3.618669 -3.369917
187.605011 561.371094 3.120113 -1.615906
193.743835 122.258652 3.313279 -4.352179
198.092148 17.380875 2.927255 -4.479358
206.510941 124.976883 3.224988 -4.423365
212.847397 294.587189 3.328205 -1.449500
217.064331 152.637924 3.163172 -4.649170
220.274750 337.089783 2.982776 0.588639
220.274750 337.089783 2.982776 -1.081358
220.076126 411.246857 2.891873 0.024487
220.323410 455.429108 3.126767 0.019754
220.323410 455.429108 3.126767 -3.063285
221.019485 134.381699 3.062821 1.489627
226.819687 294.837738 3.163439 -1.334631
227.873276 127.996666 3.196221 -4.431082
227.602356 443.038116 3.043262 -1.469536
227.602356 443.038116 3.043262 -3.207477
233.126221 337.414856 3.496733 -1.482930
233.658829 361.017365 3.333615 -3.403267
233.522995 383.139954 3.333426 -3.007241
233.572372 411.702148 3.396495 1.417623
233.572372 411.702148 3.396495 -3.738443
234.188248 521.078003 3.247764 -1.232697
236.490768 58.643921 3.025643 -4.233195
240.206879 154.311935 2.905756 -4.628261
240.312103 280.461700 3.027826 1.562604
245.899124 572.876953 3.418663 -1.577489
249.386200 624.731995 3.017967 -1.537531
249.889282 301.224304 3.303871 -3.241721
250.321732 441.949524 3.427661 -0.214542
250.321732 441.949524 3.427661 -2.891199
250.735764 361.176208 3.381587 -3.378050
251.024628 381.089569 3.318903 -3.113634
252.095291 129.343872 2.915272 -4.532250
251.791519 428.333801 3.200309 -3.039448
254.284302 534.321289 3.039265 -1.102931
265.391083 265.626587 2.945203 0.891927
265.391083 265.626587 2.945203 -2.453265
265.573730 88.044006 3.405584 0.880755
265.573730 88.044006 3.405584 -2.402599
266.729614 473.565216 3.533496 -0.045022
269.198395 326.872650 2.945025 1.553592
279.902832 260.901642 2.921347 -2.320962
280.468231 284.323029 3.213005 0.289486
280.468231 284.323029 3.213005 -3.423261
280.779541 296.506439 3.107700 -0.340385
280.779541 296.506439 3.107700 -2.993885
281.188110 307.552124 2.844347 -0.048618
281.188110 307.552124 2.844347 -3.151533
283.075073 481.041016 3.396303 -3.065590
283.936859 523.702759 3.204381 -0.252863
290.398376 122.313332 3.189800 -1.510063
290.867859 473.693756 3.441339 -0.078597
291.456635 586.643860 3.657859 -1.703414
291.456635 586.643860 3.657859 -3.922778
294.680939 228.405258 3.169181 1.165586
294.680939 228.405258 3.169181 -1.541147
298.140961 54.558681 3.340847 1.189694
298.140961 54.558681 3.340847 -3.635254
298.111908 420.457092 3.002279 -3.316026
303.369293 284.161743 3.009747 1.400207
303.369293 284.161743 3.009747 0.140337
303.309937 299.088135 3.281226 -0.153175
303.808350 362.272247 3.181431 -4.520054
304.403717 473.430664 3.574748 1.494109
304.403717 473.430664 3.574748 -1.575631
311.174194 267.307709 3.553575 0.119002
326.720612 213.778091 3.381385 -3.261455
332.984711 86.061295 3.190833 1.395689
346.854797 292.634369 2.644547 -3.119589
350.867096 454.856018 3.242488 -0.144167
351.585754 185.106781 3.364879 -2.161136
355.056732 548.823669 2.859571 -0.440600
370.057556 263.032806 3.290501 -3.527562
369.074310 574.088501 3.396794 -1.753731
369.820587 58.381699 3.643887 -4.607396
379.977692 24.632893 3.254800 -1.481794
392.586365 489.781616 2.916008 1.299686
395.453735 20.811146 3.473195 -2.281482
397.287964 155.748520 3.661324 -0.043100
397.287964 155.748520 3.661324 -2.632483
400.981903 200.139679 3.428057 1.331627
406.999542 487.971313 3.259004 1.083963
414.713898 170.424728 2.955637 -3.431007
13.016603 83.189713 4.205431 -1.757525
12.360860 589.705933 3.961792 -3.500781
23.416912 409.645691 4.640894 1.258727
23.850183 523.621216 3.901079 -1.880298
26.821934 483.979279 4.367836 0.094035
29.643213 608.269592 4.469810 -1.831650
40.007397 438.334564 4.388854 -0.699456
48.708347 85.435577 4.278250 -1.513736
51.187881 434.914703 4.027794 -0.566176
52.227158 409.153809 4.121941 -4.491541
57.445629 562.979431 4.105701 -1.745403
65.447227 454.768463 4.127337 0.094650
65.659927 475.350220 3.779756 1.524768
65.659927 475.350220 3.779756 -1.574002
73.550064 88.814743 4.427571 -1.429696
72.966156 464.312103 3.947569 -1.474090
76.315163 15.816677 3.661433 -4.530824
80.115891 563.029358 3.809683 -1.651059
89.442505 367.370911 3.676494 -4.544141
90.466949 553.057312 3.602147 -1.634911
92.919708 608.643799 4.267776 -1.795220
95.403351 563.325134 3.749950 -1.561923
105.666748 428.471069 4.276340 -0.057076
107.952225 553.089661 4.087787 -1.822313
109.086761 498.716278 3.654804 -4.396670
110.583420 64.389328 4.298349 -4.459569
115.114525 466.473633 3.764314 -1.432522
114.265198 623.250854 4.130673 -2.055795
125.203003 597.244507 3.933040 -3.590108
129.106445 45.640022 3.673982 0.833259
129.106445 45.640022 3.673982 -4.523974
141.513336 283.139160 4.165380 -1.651488
140.230042 541.764832 4.311731 -1.985583
148.777435 475.201996 3.983975 -3.967683
150.663376 64.948624 4.163928 -4.398284
154.208832 447.551147 4.223800 -1.745640
154.208832 447.551147 4.223800 -2.910709
162.986877 604.688293 4.882245 -4.017943
164.937347 479.884705 4.205259 -3.480453
164.937347 479.884705 4.205259 -4.433525
181.548767 35.571281 3.909956 -4.583060
188.882782 435.909088 4.223216 -0.682140
192.941711 37.629719 4.559712 -4.318216
196.816437 601.587952 3.833323 -3.875403
200.619125 324.323090 4.514853 -4.290923
203.231140 84.796295 3.774153 -1.983510
206.168793 103.477776 4.409366 -1.558305
212.176239 578.436279 4.477381 -1.616634
215.047806 550.960327 4.253603 -1.649288
236.261780 85.067841 4.332738 -2.060959
236.261780 85.067841 4.332738 -3.440018
239.579544 106.608429 3.897313 -1.632204
247.085571 597.948120 4.080405 -4.081845
250.946381 500.230804 3.814915 -2.961020
257.173737 139.420090 4.347286 -4.706137
282.460938 463.705048 3.745140 -2.994984
291.003021 447.202881 3.740515 0.058712
302.304016 309.415131 4.606691 0.056133
304.701691 152.478287 4.682712 1.387321
313.676880 61.806725 4.460775 1.551153
317.522095 512.002930 4.302959 0.036344
330.784943 330.103546 4.391544 -3.174812
333.152710 75.436317 4.411939 1.366195
337.090576 211.393250 4.580956 -3.186963
336.669098 550.070312 4.637835 -3.125877
339.828674 274.587463 3.383272 -3.206737
340.978180 286.440491 4.146040 -3.165997
341.017242 335.087219 3.965302 -3.207432
342.607330 628.040833 4.356357 -3.974457
344.295135 464.756531 3.903922 -3.185723
350.743469 342.631775 4.212352 1.252587
360.451172 441.550873 4.241510 -4.304981
367.701233 573.867920 3.803900 -1.760843
368.956299 58.527431 3.872170 -4.600742
369.119415 205.537415 4.141287 -3.030618
384.995331 37.893730 3.805445 -4.622993
396.431091 157.272888 4.138711 -2.639344
399.064331 179.378403 3.552651 0.360414
404.116089 249.797226 3.830276 -0.065062
406.313660 488.351990 3.576477 0.999593
408.324066 46.549652 3.867457 0.039386
410.518921 105.629433 3.862129 0.024160
14.226054 318.241943 5.464835 0.731742
17.717299 395.679443 5.737925 0.993841
17.717299 395.679443 5.737925 -0.805719
20.545019 34.157436 4.670365 0.677399
20.545019 34.157436 4.670365 -4.102043
34.742367 62.799610 5.438065 0.612573
34.742367 62.799610 5.438065 -0.634479
39.363060 477.363312 5.015625 0.271608
52.697170 450.842163 4.957826 -0.061635
56.530979 23.188236 5.500378 1.533481
63.674328 346.499146 4.809234 -4.681496
73.041359 429.509338 4.931187 -3.130866
73.857735 357.342743 4.774292 1.484589
74.869568 535.588135 5.038827 -2.075099
75.756126 551.604553 4.645725 -1.780491
87.535347 48.415455 5.039363 -4.443063
115.062370 454.890686 4.993504 -1.457914
126.440247 629.170654 4.643088 -2.047642
136.662491 511.391815 4.824624 -2.160840
140.145844 218.914825 5.665873 -1.478144
140.145844 218.914825 5.665873 -4.673320
156.119324 319.252014 4.596953 1.570699
161.853027 538.992004 4.932249 -1.862165
162.038132 132.064148 4.496651 -4.445629
167.598587 413.550598 5.462712 1.439064
175.603409 428.905518 5.068895 -1.701824
176.552414 445.194519 5.326269 -0.369827
182.945129 346.373627 4.804206 -1.609338
182.945129 346.373627 4.804206 -4.621332
187.711395 412.583252 5.275249 -4.562333
188.794449 334.970795 4.750931 -1.667470
188.794449 334.970795 4.750931 -4.406665
188.672958 360.726593 5.330313 -4.550191
188.437134 478.088379 4.693931 0.194882
225.388260 148.611252 4.778534 -4.556931
260.500092 68.844849 5.484629 -4.215884
268.818024 289.740204 4.727013 0.417215
268.818024 289.740204 4.727013 -3.510242
269.181244 363.474121 4.969019 0.468936
269.181244 363.474121 4.969019 -3.547948
269.696014 383.454163 5.193777 -0.396765
269.696014 383.454163 5.193777 -3.047828
271.364716 15.512277 4.894522 -1.298065
270.218109 453.838379 4.876734 0.537893
270.218109 453.838379 4.876734 -2.936625
271.039215 474.041046 4.864796 -3.046879
271.793945 491.675262 5.223485 -3.040211
271.072479 611.343079 5.571343 -4.627643
271.982697 506.908875 5.267301 -2.992472
303.848816 210.605652 4.568320 -4.679228
314.387054 47.811646 5.702638 -4.614919
319.971558 200.045792 5.191051 1.466171
336.355713 196.502655 4.753278 -2.265409
338.993347 60.904720 4.654188 1.534115
342.484406 355.083801 5.166283 -3.227739
343.777771 400.033295 4.957221 -3.190336
348.385986 203.158600 4.998261 -2.232666
348.097168 553.317810 4.221067 -3.227892
358.012817 473.880432 5.520739 -1.293235
358.012817 473.880432 5.520739 -3.300088
365.174347 281.034241 5.269114 -3.590927
366.360596 311.734283 5.227687 -3.041325
376.697327 583.237244 5.052226 -1.348570
386.608551 188.388290 4.983861 -1.896151
412.340607 564.719360 5.094105 -4.176814
6.958295 18.466831 5.890537 -4.701487
25.334116 226.907822 6.744399 -1.513835
75.280632 380.992004 6.272484 -1.554112
75.287041 536.061951 5.140357 -2.060555
86.836655 452.371887 6.775659 -1.469036
91.198112 431.829651 6.288951 -4.666089
187.340485 551.341064 6.061682 -1.623216
188.110687 610.199036 5.948731 -2.986722
188.110687 610.199036 5.948731 -4.676699
206.484756 373.104370 7.380619 -3.101123
217.047882 507.404480 6.573265 -4.593322
228.536652 163.764420 5.963617 -4.526619
235.427399 447.930725 6.702296 -2.251471
235.427399 447.930725 6.702296 -2.823762
243.439743 554.451904 6.480024 -1.439395
318.561340 199.675201 5.628048 1.460728
382.846985 51.998486 6.501827 -4.397004
391.487488 571.007141 6.133447 -1.103201
391.487488 571.007141 6.133447 -4.138034
400.407379 368.442200 6.916789 -0.227306
409.159363 443.705597 5.688784 -0.125000
68.292175 83.942909 7.903963 -1.420768
76.596001 450.320007 8.167027 -0.302384
76.596001 450.320007 8.167027 -1.084586
82.838036 160.200302 8.494024 -4.657892
97.433823 517.883911 8.650937 -2.053247
105.413818 39.895344 8.198068 -4.521344
161.343231 614.081848 8.368552 -4.114126
188.629517 508.958099 8.446881 1.467085
206.623032 425.383911 7.325324 -3.406340
207.067932 531.680969 7.265853 -1.482646
217.041458 508.464630 7.049351 -4.629800
227.251816 378.939911 7.945785 0.429766
227.251816 378.939911 7.945785 -0.760687
227.251816 378.939911 7.945785 -1.402190
298.106995 378.537018 8.715368 0.199700
298.106995 378.537018 8.715368 -0.777160
298.106995 378.537018 8.715368 -3.292851
342.140625 232.902954 7.721458 -3.307384
346.845215 322.627838 8.894667 -3.193219
346.934052 492.415131 6.783762 -3.095819
376.820007 206.462708 7.280157 0.951453
376.820007 206.462708 7.280157 -2.552253
390.165131 169.994553 8.280763 -2.827598
386.501923 353.862152 7.459905 1.156550
28.221495 440.596649 10.585773 -0.841054
33.807919 368.365784 11.221450 0.301089
44.200207 605.195496 9.714818 -1.980305
82.983650 370.388245 11.797185 -1.607260
82.983650 370.388245 11.797185 -4.653502
83.073647 606.650024 10.339265 -1.846733
105.235519 609.425842 10.505099 -1.931391
141.459900 426.361298 11.324726 -2.511142
141.459900 426.361298 11.324726 -4.643216
167.436249 455.848114 11.206736 -2.466664
180.713943 372.273193 10.974887 -1.654076
180.713943 372.273193 10.974887 -4.573448
208.369125 355.398041 9.934676 -3.544764
230.114777 614.125305 9.462636 -2.425742
230.114777 614.125305 9.462636 -3.746356
278.129364 547.371094 10.420904 -1.515225
316.013763 594.721191 12.113868 -1.676355
320.324097 229.494919 10.084873 -3.372434
327.648682 537.116333 11.455401 -3.119215
366.388489 155.828979 9.120265 -2.997289
391.357422 326.684875 10.635344 1.204303
397.121521 374.299622 9.411898 -0.292305
398.880890 438.733795 11.151503 -0.142483
402.920044 519.715820 10.334394 -0.524820
8.673943 248.478256 11.944807 1.496641
67.506729 308.313599 12.665034 -4.592590
103.423401 487.838654 12.894951 -1.679807
207.396774 312.613892 12.033482 -4.614324
229.453293 262.409576 12.656087 1.253866
272.640503 161.814575 11.814062 -4.592993
318.833557 595.443726 12.844962 -1.741629
391.083435 253.876038 14.331212 0.176436
392.570496 323.848236 11.865314 1.188144
53.359222 240.243866 15.888617 -1.332082
127.606194 437.255463 16.944618 -2.642730
186.748566 250.215179 16.701321 -1.870593
345.836395 170.555847 16.231247 -3.017002
359.741486 94.918152 16.288986 -1.671481
144.224579 214.360550 20.809071 -4.524348
323.377838 543.001038 18.324160 -2.106603
323.377838 543.001038 18.324160 -2.635373
373.945435 310.546997 23.570068 1.284121
373.945435 310.546997 23.570068 -3.575797
54.750427 127.712303 30.674625 -4.600563
249.950439 145.295975 34.796799 -4.470855
309.502045 509.064423 35.456593 -2.445900
104.572037 401.111145 53.281368 -4.676522
