50 6
51 9
52 8
53 302
54 516
55 517
56 19
57 18
60 54
65 25
66 311
69 313
75 40
76 32
77 38
78 37
81 88
84 36
88 544
90 325
96 45
98 109
99 48
101 329
102 47
105 314
106 54
107 55
109 52
110 339
112 62
113 327
116 64
120 72
121 68
125 350
126 74
131 79
133 83
134 88
136 58
137 85
141 89
142 87
145 90
147 95
148 91
149 92
150 100
153 368
154 98
155 99
161 106
162 234
163 105
169 376
171 54
172 55
173 112
174 121
175 120
176 132
180 385
182 133
183 126
185 130
187 141
188 134
189 137
191 138
192 139
193 136
196 143
201 146
203 150
204 149
205 148
206 160
208 159
209 153
210 163
211 411
217 345
218 171
219 172
225 57
229 177
230 178
233 180
236 181
237 494
240 186
241 187
245 198
248 201
249 202
250 203
251 204
252 205
256 207
257 209
259 210
262 216
263 211
269 221
280 237
283 44
287 243
289 247
290 247
291 248
292 252
293 245
316 452
337 397
341 403
342 404
344 290
345 286
346 291
349 512
350 513
351 299
354 295
355 515
356 846
357 303
358 307
359 306
360 521
363 306
365 527
372 319
373 320
375 542
376 323
377 541
382 327
385 109
387 338
388 56
389 343
390 341
393 344
394 73
395 345
398 349
399 364
400 356
401 334
402 353
403 354
405 357
406 359
407 367
409 369
412 110
415 384
416 377
417 378
418 116
421 382
422 119
423 390
424 391
425 128
426 396
428 142
429 394
430 399
433 144
434 392
435 400
436 401
439 397
440 402
441 405
446 408
448 417
449 418
450 412
451 413
453 420
460 421
461 595
462 433
463 429
465 430
467 432
468 435
469 439
471 438
473 440
475 443
476 447
478 184
480 446
481 449
482 192
483 199
484 453
485 456
487 455
488 251
491 193
492 194
494 459
495 460
496 457
497 622
498 623
499 602
500 464
501 461
502 462
506 465
507 466
508 469
509 468
510 233
516 475
520 478
543 510
544 511
547 518
548 525
549 522
550 526
551 528
552 530
553 531
554 532
555 316
556 665
557 666
559 321
560 669
561 538
564 547
565 546
566 540
568 548
569 549
572 672
574 674
581 677
582 340
583 682
585 556
586 555
587 558
588 559
590 365
592 561
593 570
594 563
595 564
597 567
599 566
600 568
601 372
605 699
610 574
611 575
612 826
613 576
614 577
615 578
616 579
617 580
618 402
619 582
620 585
621 586
622 587
623 588
624 589
625 590
626 413
627 594
629 597
630 600
632 601
633 598
634 599
635 603
639 442
643 241
644 605
645 606
646 610
647 609
648 448
649 611
650 612
651 613
652 614
653 615
654 616
655 617
656 620
657 452
658 618
659 619
663 709
664 624
665 625
666 621
669 622
670 623
673 628
674 629
675 630
676 631
677 632
679 228
681 636
682 470
683 473
684 721
686 640
695 738
696 739
698 655
699 516
700 517
701 522
702 656
704 657
705 658
706 662
707 661
710 663
712 667
713 664
714 665
715 666
716 668
718 549
719 673
723 676
724 679
728 752
729 556
730 684
732 685
733 686
734 756
735 688
736 689
741 691
742 692
743 693
744 758
745 568
748 694
749 698
750 699
752 701
753 703
754 704
755 707
759 706
760 782
761 708
762 621
763 235
765 634
766 635
767 715
769 718
780 487
784 498
787 736
788 737
790 742
791 744
793 743
794 745
795 746
796 749
797 751
801 681
802 755
803 753
804 759
806 760
807 761
808 762
809 763
811 765
812 766
813 767
814 764
815 768
818 697
820 814
822 771
823 772
824 773
825 774
826 775
827 776
828 778
829 779
830 780
831 783
832 786
834 714
835 787
836 716
839 717
840 791
846 801
847 802
848 804
849 805
852 809
853 810
854 812
855 813
856 785
861 824
862 826
863 825
865 828
866 829
867 830
868 832
869 834
872 835
873 836
874 837
880 845
881 846
882 848
883 849
884 851
887 852
888 853
889 854
890 855
891 856
893 857
895 860
896 862
898 863
899 870
900 871
903 872
904 873
905 874
913 879
