4.484589 280.827026 2.273361 -1.502389
5.017122 556.282227 1.950533 1.281056
11.552379 577.338013 1.848914 0.585559
11.552379 577.338013 1.848914 -1.278633
14.457658 557.518921 2.093064 1.107961
14.780446 14.015789 1.947343 -0.619256
15.297793 412.218262 1.921687 1.405018
15.297793 412.218262 1.921687 -1.241750
15.167543 496.808197 1.937820 -3.095653
15.167543 496.808197 1.937820 -4.536780
18.765106 418.453552 2.263913 -2.129514
20.402157 90.270424 2.333015 -1.427510
23.601217 590.659668 2.036088 0.097384
23.601217 590.659668 2.036088 -0.964448
23.425732 466.274414 2.384231 0.025874
26.620094 309.749176 2.086499 -4.678035
27.276814 569.118408 2.120811 0.738611
27.276814 569.118408 2.120811 -1.025420
27.884159 214.222946 1.934463 1.169298
27.884159 214.222946 1.934463 -0.864508
28.302813 513.562744 2.818787 -1.606175
29.981495 596.835022 1.893425 -1.341734
32.336090 7.624836 1.798123 0.080091
31.437834 43.684288 1.932673 -4.404626
34.463947 566.164551 1.912351 0.912538
35.645218 65.728119 1.991119 -4.314425
37.081360 283.921906 2.278675 -1.502313
36.983463 436.190308 1.883247 -2.366613
36.983463 436.190308 1.883247 -4.097063
38.777168 413.163025 1.997953 -1.878615
42.019455 46.002010 2.119712 -1.635923
42.019455 46.002010 2.119712 -4.584921
41.599419 70.191383 2.058867 0.808058
41.599419 70.191383 2.058867 -1.287131
41.599419 70.191383 2.058867 -3.343700
44.489082 57.520329 1.759493 -4.584993
52.420059 636.257568 1.816995 -1.188543
52.420059 636.257568 1.816995 -1.882447
54.768017 536.323608 2.322995 1.534305
58.286381 306.479614 2.191915 -4.687860
58.179302 463.718506 1.980575 0.019274
59.009499 444.531036 1.911282 -0.118067
59.519459 412.779999 1.814659 -1.835755
63.035206 585.992676 2.214907 -1.201434
68.247124 569.773376 1.790576 -0.866001
70.595985 172.770126 2.002197 -1.735829
70.595985 172.770126 2.002197 -2.996823
72.560417 507.492004 2.121203 -3.015281
72.065094 537.437073 1.879752 1.517370
72.850075 13.777493 1.894915 -4.025617
73.184059 489.450134 1.936373 -3.166241
74.655716 479.340424 2.115225 -3.133564
77.797012 153.482315 2.259313 0.053166
77.797012 153.482315 2.259313 -3.043308
77.727943 278.151947 1.836595 -3.957547
78.542305 493.199890 1.868709 -3.550917
81.279152 188.183701 1.841393 1.340671
81.279152 188.183701 1.841393 0.321382
81.235832 512.824585 1.995458 1.418483
81.235832 512.824585 1.995458 -2.806608
82.425301 499.045898 2.163544 -1.529507
82.425301 499.045898 2.163544 -4.623473
82.721649 162.520187 2.159433 0.055584
85.147034 119.439865 1.906291 -0.034424
86.094627 456.960144 2.237606 -3.348383
86.537766 206.849960 2.023629 0.181057
86.700645 377.832214 1.932556 -0.052161
86.700645 377.832214 1.932556 -3.027257
90.032013 262.369171 1.962689 -2.824756
91.106033 346.115601 2.060456 -3.037605
91.932228 108.071121 2.117363 0.518581
91.932228 108.071121 2.117363 -3.629990
94.013344 302.901245 1.783492 -1.590667
98.123108 582.181885 2.070951 -0.532113
98.123108 582.181885 2.070951 -1.348854
99.833244 517.419006 2.025249 -1.108643
99.833244 517.419006 2.025249 -2.991566
100.741226 398.128235 1.922837 -2.883566
106.842667 191.702240 2.192043 0.292446
113.586090 164.678604 2.006613 0.232937
115.568825 141.785385 1.889938 -4.175025
118.766548 585.726929 1.966182 -1.217294
125.908035 24.880274 1.960652 -2.463402
127.848267 385.717346 1.880166 0.050818
128.827728 550.792480 1.857050 -1.265103
130.224655 323.802582 2.304606 0.015299
132.221695 263.684723 2.316158 0.047430
133.265625 236.938446 2.222184 -0.006309
132.687149 518.960510 1.969786 -0.592462
135.226868 330.072632 2.178011 1.371127
138.991119 67.825745 2.161737 0.139601
138.939133 528.132690 1.918544 -0.743210
142.481461 17.253218 2.003253 -1.634332
142.481461 17.253218 2.003253 -4.502547
143.020142 33.844383 1.796664 0.953318
143.020142 33.844383 1.796664 -3.032833
143.521469 298.123077 1.841092 -4.235031
143.764923 151.641464 1.805202 -1.465171
144.006943 410.580353 2.230945 -0.650415
144.871094 438.263580 2.086325 -0.281716
144.871094 438.263580 2.086325 -2.874169
147.907822 332.120178 2.006291 1.551552
148.712509 112.851120 1.865075 1.370075
150.037506 238.462936 1.893754 -1.681192
150.037506 238.462936 1.893754 -3.518972
150.922516 278.703583 2.019896 -2.817122
151.776688 268.574921 2.006919 -2.488163
154.484985 318.953217 2.013473 -3.899402
154.132996 492.528961 1.986126 -1.822656
154.531586 24.177044 1.928129 0.265946
155.764435 225.776810 1.955911 -1.193990
155.764435 225.776810 1.955911 -3.851224
157.204758 76.069672 1.899747 -1.107028
156.524292 619.270081 2.244050 -1.384449
159.022446 27.812832 1.927179 0.267528
159.194000 404.604431 1.882224 -3.750025
161.718491 209.859283 2.040948 1.360449
162.390335 352.933990 1.799491 -4.548773
165.174133 181.025024 1.867956 0.330684
165.554504 41.514839 1.806979 0.395706
166.666016 433.228912 1.958967 1.257613
168.484894 237.000076 2.025346 -3.785506
169.511383 346.802002 1.875164 -3.805955
170.873505 300.167297 1.844398 1.436974
172.507706 130.340515 1.929615 -0.126355
172.848984 151.989883 1.944696 0.497569
173.620377 188.071396 2.168171 -2.940952
177.723663 11.407008 1.713841 0.518802
179.012665 80.427513 1.792573 -2.797151
180.131836 343.285370 1.839574 1.133144
183.201324 10.933489 1.965318 1.104688
183.201324 10.933489 1.965318 -3.884767
183.444107 602.674316 1.947899 1.042461
183.444107 602.674316 1.947899 -0.527159
185.608536 271.099518 1.883620 -0.424409
188.011444 338.234955 1.919683 1.073270
188.574326 123.269829 1.735047 -4.444311
188.832169 445.822540 1.930244 -3.233045
192.147583 533.434937 1.879678 -1.543170
194.118927 464.725525 1.909936 -0.767798
198.370361 256.235291 2.191273 -0.747034
200.578781 203.760742 1.882366 -4.678641
204.710251 438.759979 1.959736 -3.045226
206.442276 404.461060 2.122477 -2.273936
206.442276 404.461060 2.122477 -4.608620
205.499176 413.379578 2.172297 0.908802
207.025192 327.296783 2.243789 1.071362
209.132797 429.677368 2.003285 -3.075269
210.921906 79.403717 2.034336 -4.331786
214.812302 487.517639 1.697119 -2.570166
220.668671 338.346283 1.963205 0.330995
226.244446 54.651779 1.976970 -2.171934
227.761520 140.465439 1.829591 0.751028
230.057831 13.256456 2.082404 -4.447013
232.841797 535.888611 2.019526 1.385433
232.841797 535.888611 2.019526 -1.766863
232.912521 634.429077 1.996266 -1.380109
233.959625 445.749664 1.840240 -3.139384
237.388214 482.363983 2.027777 -1.347785
236.605103 586.306213 1.814358 -1.783584
238.097412 14.792033 1.811846 1.373338
237.512772 73.674194 1.867810 -1.709632
241.846970 305.021332 1.903885 -0.456394
241.846970 305.021332 1.903885 -1.469153
243.626450 393.151184 1.920279 -2.111539
244.699524 601.747009 1.964298 -1.159164
246.952057 505.409973 1.974791 -1.549505
247.786469 587.953613 1.783911 -2.000126
249.900360 611.682007 1.883823 -1.287957
250.911804 634.906860 1.968454 -1.137266
252.546753 467.360443 1.810551 0.022154
253.935730 447.091217 1.790978 0.222665
253.944855 123.722687 1.825351 -4.107959
253.985809 601.112854 2.223778 -1.682499
257.500549 76.540108 1.749686 -2.269522
260.351990 258.216705 2.104304 -0.540902
261.537994 52.454605 1.856929 -3.538629
263.098114 325.979187 2.092786 -0.330348
263.098114 325.979187 2.092786 -1.398023
262.998688 546.832764 1.896852 -1.985826
266.241180 124.946365 2.177134 0.623204
266.691681 530.388000 1.952592 1.208082
268.248077 59.737442 1.798443 -2.269151
268.248077 59.737442 1.798443 -3.571969
270.870087 550.360413 2.057060 -1.591592
272.277344 151.938553 1.768290 -2.330097
274.066833 60.588310 2.082459 -2.543218
274.066833 60.588310 2.082459 -3.814829
274.411987 84.161407 2.031181 0.390179
277.664825 622.882996 2.040796 -1.104885
282.013000 313.264374 1.867154 -4.295505
282.614990 320.927032 1.808531 1.076578
282.614990 320.927032 1.808531 -0.958253
282.614990 320.927032 1.808531 -4.259062
283.630249 8.033349 1.987417 -3.481429
287.849762 591.294556 1.830759 -1.409930
287.883636 628.815918 1.802052 -1.143035
289.015228 464.671234 2.084439 0.079464
297.554810 87.599365 2.136435 0.767073
297.894226 396.032288 2.083851 -3.354975
298.757965 520.844666 1.985151 -3.142260
300.350342 476.055420 1.708711 -3.122956
303.731079 365.228180 1.844449 1.480380
305.306122 486.705170 2.165485 -3.023579
305.716980 339.407379 2.160589 -1.794753
313.032166 70.188194 2.009759 0.816097
316.760986 56.027103 1.855424 0.638162
316.650391 491.539612 1.967470 1.005971
316.650391 491.539612 1.967470 -3.108312
321.434174 4.985062 1.683385 0.438374
321.443512 50.098843 1.879853 0.608949
323.090454 285.127258 1.904572 -2.141408
322.541718 604.202271 2.078440 1.428019
327.512726 163.816467 2.136821 0.214145
326.976227 209.997452 1.975633 -3.570004
329.865021 229.209381 2.118695 0.879961
331.450623 82.531883 2.056596 -1.316347
335.200867 32.500282 1.957900 0.637037
335.698242 113.895638 2.145563 -4.547889
335.948273 571.451050 1.832055 -1.369916
337.007416 317.934631 1.954199 -0.900865
338.842499 460.557312 1.760497 -0.069174
339.838196 201.918777 1.957021 -1.139538
342.508514 144.154678 2.032700 -4.579005
341.396210 159.212311 2.123270 1.562098
343.224518 311.278870 1.830052 -0.923805
346.326141 19.694981 2.139133 0.731506
347.962341 578.731689 2.211331 -1.689818
354.132874 385.194092 1.964121 1.496928
354.265900 529.200012 2.116295 -0.888659
355.936035 418.830536 1.871239 -3.156634
361.021271 416.342651 2.020450 -2.917393
363.537384 167.392319 1.899865 -4.321492
365.527496 627.837341 2.188158 -1.799613
367.455536 318.137115 2.150138 -1.939015
370.266479 171.047379 1.839077 -2.483098
370.675964 429.500153 1.974288 -0.920701
370.675964 429.500153 1.974288 -3.626082
372.267365 109.265938 1.952335 -1.215827
373.228699 234.195038 1.917979 0.189552
373.926575 5.223439 2.022356 0.724601
374.069122 247.386993 1.970245 -1.119187
378.326172 328.406769 2.003121 -1.931640
379.019592 461.428101 1.938906 -2.159464
382.586914 381.049835 2.183776 1.489615
382.788147 518.907471 2.035635 1.476877
384.904663 346.055786 1.986923 1.529567
386.050018 193.803421 2.039592 -1.461347
387.819580 226.096786 2.010822 -3.308347
388.886536 181.867813 2.105534 0.167908
392.990753 314.098083 2.077155 -3.203634
393.989838 182.448166 1.945686 0.214968
395.611755 268.287506 2.028631 -3.329224
396.133575 541.959412 2.212782 -1.039254
399.496948 173.614517 1.845415 1.344566
399.496948 173.614517 1.845415 -2.092052
398.577148 311.880890 2.158219 -3.256108
398.757355 618.702942 1.978124 -0.858836
401.321350 467.641846 1.910813 -1.470572
400.462463 572.485779 1.861179 -2.120879
402.240601 492.564270 1.804343 -4.410642
406.028320 83.593880 1.859186 -1.361896
406.596619 115.420364 2.112710 -1.724113
412.464722 254.494431 2.223492 -1.830899
414.298584 85.491096 1.754535 -4.660626
415.090790 7.136577 1.829403 -3.287984
416.204926 336.761444 1.869695 -1.376369
416.845764 210.298203 1.971062 -4.538241
419.235870 70.710968 1.744547 -3.212897
419.494232 81.520821 2.214500 -3.189077
420.339111 251.494095 1.940811 -2.089509
419.708984 370.713013 2.026594 -1.129721
419.708984 370.713013 2.026594 -2.731362
422.201630 206.717926 2.185400 -4.556562
6.970470 246.983582 2.377353 -2.277670
8.190798 324.948273 2.681807 -0.096132
10.884861 600.988708 2.726449 -1.242179
12.256803 20.145168 2.276196 -0.447085
12.256803 20.145168 2.276196 -3.291928
16.859409 213.125717 2.799132 0.024242
20.287098 69.991859 2.443028 -1.312479
21.653324 435.096069 2.673960 -3.029740
21.439039 152.947083 2.816421 0.173816
22.327349 386.106323 2.778356 -1.467926
22.918528 137.820572 2.558210 0.226783
22.697657 265.211823 2.741205 0.506552
22.697657 265.211823 2.741205 -4.341536
25.184214 257.383789 2.276070 -4.419358
24.609034 576.326233 2.697476 0.458933
24.609034 576.326233 2.697476 -0.812761
25.747290 96.922714 2.561063 0.481200
28.055569 237.631348 2.296820 -4.613586
30.282240 463.722595 2.818140 0.027407
31.179138 449.598633 2.602294 -0.122830
32.181114 430.442474 2.311540 -0.127286
33.193996 386.549347 2.602680 -1.519697
38.668957 261.934113 2.414070 0.847695
40.251110 25.184368 2.378127 -1.360704
43.592854 419.859436 2.910356 -2.718541
44.526886 216.016129 2.609953 -1.491517
47.135433 413.378754 2.362848 -1.892329
47.135433 413.378754 2.362848 -4.254388
50.658440 573.361328 2.740104 -0.997428
52.438080 18.211906 2.534998 -3.274428
57.452888 227.268890 2.453866 0.095017
57.452888 227.268890 2.453866 -4.376105
60.045444 18.495760 2.765939 -0.547405
60.045444 18.495760 2.765939 -3.231467
60.430481 593.713379 2.458009 -1.269233
60.371181 628.032410 2.468464 -1.388540
62.207458 536.464233 2.388878 1.505642
65.219566 61.640369 2.823882 -4.425130
65.882637 353.118561 2.586456 -3.274008
65.562531 372.880676 2.520445 0.222763
65.562531 372.880676 2.520445 -3.206184
68.671677 308.663422 2.737159 -4.069511
68.552933 318.103790 2.467503 -3.065976
69.900551 578.405151 2.371559 -1.357808
72.768791 55.295708 2.781476 -4.255740
73.216118 144.998398 2.406422 -1.639110
75.859421 31.617096 2.330919 0.298175
77.248093 58.135288 2.271220 -4.211350
76.829849 395.113708 2.307316 -0.257054
76.829849 395.113708 2.307316 -1.923245
79.439941 50.915428 2.356068 -4.222942
80.178268 65.669586 2.498325 -4.493481
81.365311 307.308289 2.457836 0.441546
81.365311 307.308289 2.457836 -3.513244
82.920242 146.324738 2.485061 0.100527
82.920242 146.324738 2.485061 -1.484435
83.196640 499.248566 2.327206 -1.560408
83.196640 499.248566 2.327206 -4.555477
86.105362 60.536148 2.588146 -4.239887
86.359924 220.259216 2.577582 0.093491
87.117836 192.891068 2.624634 -3.329707
87.720551 183.887680 2.739551 -3.181629
99.830498 11.310078 2.841154 -1.656871
100.840378 247.438156 2.916707 -4.541992
103.781853 223.971039 2.357943 -2.392229
109.504044 108.387413 2.497260 -1.738697
109.418297 614.411011 2.365904 -1.219006
110.624359 45.178352 2.246624 -2.785268
111.338692 215.156952 2.500467 -2.802134
110.865128 234.888031 2.459605 0.095082
110.865128 234.888031 2.459605 -3.180396
120.745888 21.140076 2.390413 -2.515318
125.860786 51.827488 2.284761 -2.945905
129.143875 378.007233 2.766346 0.161042
132.745987 246.604889 2.274654 0.084030
134.097305 224.247101 2.703398 0.119951
137.337967 156.551743 2.457243 0.097785
146.298050 339.607880 2.839903 1.568972
145.671982 552.075684 2.423224 -1.091371
146.648117 7.443230 2.464572 -3.333405
146.812668 195.752197 2.587333 -1.294396
146.812668 195.752197 2.587333 -4.496404
149.014938 81.874199 2.401414 0.532164
154.581512 480.848236 2.564970 -0.052855
156.761826 436.745483 2.457163 -4.173209
158.840256 299.347595 2.547182 -4.413806
159.101868 250.676102 2.351701 -4.296882
158.627594 585.168579 2.515511 -1.158987
162.248291 530.860413 2.774904 1.378615
163.344803 111.414673 2.441484 -1.516606
164.818359 305.141571 2.482166 1.380340
164.818359 305.141571 2.482166 -2.700629
170.415848 105.761154 2.573768 -1.354544
170.415848 105.761154 2.573768 -3.094380
170.415848 105.761154 2.573768 -4.501019
172.722382 181.325714 2.641500 -2.944904
175.338699 358.974884 2.159173 0.258455
177.826309 56.029713 2.574604 1.151230
177.826309 56.029713 2.574604 -1.147661
181.650436 274.943146 2.719742 -3.486408
184.686295 9.912085 2.605872 0.643562
186.433304 65.994476 2.562438 -2.643700
189.362473 620.885620 2.467199 -1.478787
190.219849 72.039757 2.712835 -2.747460
189.137161 516.500549 2.417505 -4.691646
193.190079 52.856918 2.394976 -2.622710
198.199036 247.057770 2.295834 0.027972
197.341949 596.993469 2.331624 -0.881618
198.816269 630.675537 2.711530 -1.271376
199.527863 325.102051 2.567157 -2.013547
203.114929 77.092926 2.524626 -4.261695
205.149445 396.667145 2.395159 -3.352846
205.149445 396.667145 2.395159 -4.445041
207.000763 349.683990 2.510702 0.735796
206.578491 379.823425 2.602297 -1.974798
208.498398 53.238621 2.372284 -1.451242
208.864365 258.031219 2.577251 -0.687681
211.053024 165.751953 2.324632 1.076623
210.453400 541.926392 2.722049 -1.264106
214.874527 8.157713 2.415936 -2.600726
216.237106 159.171860 2.713252 0.961798
215.830048 448.419098 2.587126 -2.984417
217.581314 321.054565 2.738137 1.030220
226.762070 177.306366 2.564556 0.789764
227.087845 519.697205 2.660621 -1.563996
230.237579 401.719971 2.681644 1.480338
229.689377 409.832825 2.838098 1.453062
231.021652 93.962875 2.723242 -3.915723
232.715622 40.795410 2.435790 -1.410531
232.715622 40.795410 2.435790 -4.542604
235.016205 182.916885 2.614155 -2.939433
235.016205 182.916885 2.614155 -3.876283
237.096588 201.007919 2.762481 -4.663335
237.703568 40.962029 2.707346 -1.450539
239.029633 540.806580 2.309237 0.872072
240.592575 138.619659 2.638059 -1.386258
246.680847 438.367126 2.089402 0.190467
246.892456 628.658386 2.276980 -1.196282
248.889053 134.088577 2.467312 -2.230417
254.305817 138.642242 2.560964 0.694803
256.090149 565.978149 2.488109 -1.846404
258.283630 118.364639 2.483208 -4.076586
257.843475 360.113556 2.658214 -1.822379
258.424927 396.649567 2.573273 1.304542
258.388245 515.686096 2.539139 -1.467333
259.233704 320.978363 2.314499 -0.764136
259.590637 383.739594 2.486372 0.105139
262.303314 135.768753 2.608679 0.642290
264.382690 6.700112 3.225810 1.556753
265.818939 360.291077 2.879742 -3.888366
266.504639 256.711243 2.639918 -0.591292
267.477112 568.753540 2.361264 -1.740990
268.661652 331.224182 2.311059 -0.481485
268.661652 331.224182 2.311059 -1.082554
273.089905 481.572479 2.306979 0.095318
275.549072 53.045826 2.746831 -3.406272
275.960297 395.554443 2.436998 -2.216043
283.013184 548.398682 2.301992 -1.483404
284.476654 561.482605 2.389946 -1.522360
284.418762 132.594772 2.418580 -4.648541
285.580414 346.021576 2.043067 -1.697616
295.552948 505.653320 2.463681 -3.686359
301.980225 267.515808 2.507008 -3.198945
303.515259 81.006126 2.499716 0.340734
305.056427 497.421661 2.310198 -4.248634
317.117004 530.037537 2.590564 -1.622332
320.080566 228.624298 2.450964 -1.919181
320.728699 292.819916 2.419040 1.310171
320.728699 292.819916 2.419040 -1.089401
326.862885 112.447548 2.673600 -4.331202
327.262573 199.263733 2.630727 -3.317909
328.421234 535.125549 2.681839 -0.612038
328.421234 535.125549 2.681839 -1.510448
328.743073 125.219208 2.433928 -1.427499
333.464661 192.916260 2.275475 -1.305136
336.403748 565.140747 2.512873 -1.414411
338.849762 420.410339 2.679678 0.138534
339.663086 27.703634 2.313608 0.693868
343.277252 115.992264 2.508428 -4.506716
343.178772 584.922363 2.580787 -1.618355
343.219177 628.659668 2.325882 -1.532328
344.872589 274.929504 2.597557 1.017774
348.598206 26.538517 2.551441 0.720780
350.001801 592.783997 2.498177 1.317164
353.160248 10.544405 2.288175 0.686210
352.184906 271.414368 2.760193 1.052110
352.184906 271.414368 2.760193 -1.960300
354.131592 609.131042 2.372711 -0.921824
355.182892 18.555838 2.593160 0.716222
354.880920 520.822205 2.549775 1.401844
359.269806 75.283974 2.346509 0.694972
359.269806 75.283974 2.346509 -0.942029
359.896454 130.765366 2.577411 1.450506
363.400574 466.213989 2.846549 -2.991612
367.410583 454.268402 2.669815 1.467426
367.410583 454.268402 2.669815 -1.580527
368.153778 446.598846 2.885637 0.514693
371.224548 77.042572 2.263931 -1.609481
375.585480 382.516541 2.260105 1.456277
375.468872 267.584656 2.349144 0.813861
383.566742 177.633255 2.601323 -2.672018
389.284851 445.881653 2.293651 0.082247
389.284851 445.881653 2.293651 -3.793087
391.012695 200.037811 2.742641 -1.098812
391.315857 464.475922 2.574090 -1.461065
394.643585 371.812744 2.651782 -4.285664
397.595459 418.365845 2.435747 -3.232455
399.793701 238.904297 2.796588 -0.191889
399.793701 238.904297 2.796588 -2.581564
399.789246 486.109070 2.747297 -4.542636
401.972137 268.297913 2.518681 0.246019
409.050964 387.911652 2.644363 -4.187323
413.215637 204.767212 2.340222 -4.578016
417.531677 593.098450 2.805211 0.531803
420.441162 323.164948 2.364519 -1.453983
422.257843 518.394348 2.389604 0.278376
422.257843 518.394348 2.389604 -0.575497
5.347824 420.525696 2.777376 -0.132938
4.874628 433.460449 3.027338 0.094293
9.392374 126.648796 3.097623 -1.498792
9.392374 126.648796 3.097623 -4.375793
9.929904 304.037079 2.975155 0.610583
11.684896 97.962547 3.094085 -1.755451
13.160888 429.417053 3.334126 -0.063620
13.556267 152.017242 3.205508 0.579272
18.969063 183.034805 3.326915 0.524131
18.969063 183.034805 3.326915 -3.298160
19.757198 173.737442 3.110796 0.132108
19.757198 173.737442 3.110796 -3.162669
23.454788 367.163818 3.331369 -1.151212
24.327728 49.755196 3.285019 -4.345236
24.095798 129.620560 3.294259 0.228874
26.847898 30.153446 3.097397 -4.252536
32.373894 422.327179 2.705657 -0.365494
38.559601 131.386368 3.504474 -4.551724
37.772144 147.051849 3.073495 -1.321262
44.231239 54.942020 4.066820 -4.427408
44.317104 320.894196 3.276551 -1.322267
49.995174 426.562408 3.274368 -2.830187
49.753159 587.896057 3.370106 -1.228658
52.364143 362.323883 3.014632 -1.720646
58.951950 267.884460 3.250201 1.527216
63.418228 52.724869 3.014429 -4.438407
64.983971 362.502899 3.252915 -2.994773
74.457191 236.893463 3.319801 -4.467273
75.873886 88.667358 3.218954 -1.483482
79.320694 373.313629 3.321925 0.183184
79.320694 373.313629 3.321925 -3.239928
79.649437 346.998627 3.077535 -3.057469
79.493065 569.024353 2.983304 -1.133886
85.077782 91.501556 3.194763 -1.537961
84.491463 397.139984 3.214386 -1.669383
84.392021 17.980946 2.884355 -4.165085
85.077782 91.501556 3.194763 -1.537961
88.365891 52.390423 2.974936 -4.131975
90.935226 127.027382 2.981157 -3.117961
95.271812 311.580292 3.238049 -1.682162
95.939552 70.212280 3.434158 -4.046755
101.172440 94.053444 3.072103 -1.405112
101.999779 142.903214 3.250982 -4.223712
102.592628 211.776276 3.444132 -2.945906
107.805550 117.956810 3.005430 -1.560069
109.599464 64.997513 2.958002 -3.877849
114.183922 275.503998 2.867877 -3.036142
115.554482 74.056778 2.937253 -3.964302
117.213455 4.645492 3.232002 -3.062718
123.710564 69.495193 2.977789 -3.369573
138.043137 573.633911 3.252714 -1.254111
146.756027 531.700012 3.845364 1.367790
146.014053 320.779144 3.905754 -4.066814
147.653717 472.513916 3.303570 -0.458781
150.860168 217.304169 3.616690 -3.670280
152.289612 146.325760 3.011253 -1.396071
152.308594 163.345230 2.927641 1.516075
156.866165 66.987419 3.493842 0.395322
159.611221 273.468719 3.473420 -2.705223
162.516586 190.422852 3.297337 -1.288222
176.131958 18.461483 2.976045 0.457125
179.470093 526.861938 3.132127 0.341710
183.060776 302.662506 3.285437 1.542626
184.850922 112.608711 3.359362 0.433942
184.850922 112.608711 3.359362 -4.469434
188.477554 525.473877 3.417588 0.331783
193.312668 36.532887 2.860670 -1.753200
193.114166 192.977173 3.316716 -3.404041
195.111694 107.345047 2.754420 -4.348788
197.592575 394.287689 3.041161 -0.035580
197.592575 394.287689 3.041161 -3.190533
204.471527 516.132019 3.337685 -0.460713
210.310699 44.757450 2.969709 -1.238628
210.874695 201.707291 3.590169 0.599991
209.936600 305.074341 3.287107 -4.211105
214.959976 232.834335 3.145791 0.142235
226.697876 225.098358 3.263733 -4.230195
230.658752 369.541565 2.866731 -1.829163
235.561859 284.481140 3.580725 -0.843412
237.488724 489.297485 3.375244 -1.364675
238.888290 138.840042 3.248134 -1.412367
245.647751 2.151289 3.326403 0.851972
245.647751 2.151289 3.326403 -3.749783
246.126801 219.713760 3.084869 -1.183377
247.980148 363.957245 3.527489 -1.852157
249.707657 44.744556 3.040514 -1.863783
250.459564 397.847260 3.232008 1.271910
258.380402 36.718029 3.273226 -2.141427
257.946960 481.751801 3.193327 -3.056893
259.805786 65.679520 3.041682 -2.203396
262.059814 44.736362 2.980863 -2.228846
266.222839 361.066650 3.114061 -3.881831
265.667572 477.540649 2.999367 -3.102745
265.856659 488.460205 3.525945 0.012529
265.856659 488.460205 3.525945 -2.922964
266.119934 501.042389 3.232075 0.139727
266.182617 512.720215 3.177398 0.001574
274.755219 542.150391 3.017655 -1.248951
276.869781 14.245712 3.432424 -2.632558
277.394897 378.195618 3.254895 -3.312963
276.778900 556.440125 3.118820 -1.458118
278.107849 158.955307 3.351980 -0.385910
280.426331 494.081635 2.921706 -1.479617
283.586395 33.425526 3.149421 -2.604405
284.689880 180.283310 3.120940 0.582453
284.258331 367.754517 3.003446 1.497896
287.954071 520.775391 3.158127 -1.345479
291.011932 376.474121 2.876431 1.389922
292.080292 493.907990 3.200943 -1.804202
311.381866 78.297546 3.178196 0.490792
318.557892 237.852371 3.434376 0.905429
319.741302 277.978882 3.530717 -2.216333
346.204224 91.293556 3.205325 -0.796827
352.861969 373.924530 3.023091 1.565640
354.985962 49.249615 2.975322 -2.422920
362.628448 274.670990 3.146024 1.252335
362.165466 420.795624 2.934444 -3.159365
362.468323 92.099976 2.941354 -1.860083
364.267365 298.608185 3.080999 -3.136520
365.117004 434.930573 3.360911 -3.140618
367.708801 264.466980 3.464967 1.030686
367.708801 264.466980 3.464967 -2.284404
370.334259 186.444489 3.156455 -2.140158
370.333405 195.968597 2.997434 -2.089730
375.140167 177.057816 2.888761 -3.321088
377.393555 615.061890 3.217124 -2.062866
388.787292 401.109161 2.961958 -2.809068
389.481232 577.438538 3.102319 1.455924
389.481232 577.438538 3.102319 -1.921584
394.448517 247.975952 2.882646 -2.557901
409.634369 187.248215 2.946180 -3.306235
414.298492 511.975861 3.349053 -3.121901
414.984680 38.854565 3.426576 -3.288600
415.182434 523.855225 3.249620 -3.261522
416.507446 54.136608 3.167146 -3.298372
416.020660 536.434998 3.584339 -3.235455
417.418976 571.368408 3.299488 1.527104
417.418976 571.368408 3.299488 -3.097303
418.753723 95.665123 3.257190 -3.245918
418.444153 579.790283 3.008417 1.499002
419.768768 248.218658 3.329257 1.030847
11.639215 445.806183 4.563288 0.111799
13.320440 617.304382 3.682629 -0.971964
16.974438 201.268494 4.165714 -0.020577
19.008461 494.224182 4.144994 0.029944
20.585808 143.616440 4.373923 -0.121081
22.193836 452.817383 4.376034 -0.080799
24.418858 129.390518 3.702739 0.240436
24.418858 129.390518 3.702739 -4.190400
27.327356 193.307083 3.772486 -3.406940
27.327356 193.307083 3.772486 -4.668374
29.915325 175.995850 4.263280 -1.395021
29.915325 175.995850 4.263280 -3.344997
31.807583 154.944183 3.825627 -4.493089
37.810440 254.053955 3.543032 -1.370951
37.810440 254.053955 3.543032 -4.607725
37.678429 365.391571 4.252237 -1.350110
36.488258 584.952209 4.156038 -0.930122
39.147625 131.404892 3.652333 -4.520293
41.243294 6.759883 4.304623 -0.119625
42.324036 575.173706 3.843726 -0.752167
44.376003 55.562271 3.665462 -4.429249
46.597198 206.112396 3.778518 0.399599
50.648201 179.228470 4.394461 -1.513162
50.574032 447.410645 4.374134 -3.066591
59.121307 320.607269 3.836865 -2.712498
59.742756 218.501312 3.791956 -4.165904
60.434933 571.349426 3.959897 -0.680623
63.141930 445.491821 4.316784 -0.105699
63.141930 445.491821 4.316784 -3.142550
79.361702 147.691437 3.835732 -0.116033
79.361702 147.691437 3.835732 -1.782004
80.372185 324.159698 3.728176 -3.154603
84.528603 27.997841 3.798633 -4.054885
86.419304 173.395920 4.526600 -3.257994
91.579483 141.183838 4.557050 -3.848442
94.375351 450.550751 4.085803 -1.225741
94.375351 450.550751 4.085803 -2.397219
96.438759 372.689514 3.805879 0.379275
99.254417 494.217163 4.407448 1.565359
100.815987 239.280930 3.850864 -4.500284
101.362350 248.987762 3.958288 -4.447311
128.976669 621.233154 3.942428 -1.072166
139.886566 142.598328 4.117682 0.005081
145.939072 454.610504 4.153223 -3.380930
146.397812 434.140961 4.055296 -4.428367
147.019135 531.340515 4.088471 1.327659
158.114227 582.913818 4.219608 -1.292429
160.488297 199.672241 3.932316 -1.347110
161.221359 560.696472 3.843586 -1.058993
167.578094 91.070251 3.517023 -4.585615
170.165329 158.622803 4.165694 0.193799
170.943848 284.988098 4.046902 -3.578644
170.871124 426.715027 4.109167 0.155852
182.032120 548.158325 3.667983 0.199631
184.892227 456.467377 4.390185 -1.261444
197.373550 371.211884 3.995220 -0.026438
198.695511 401.191742 4.246088 0.014774
205.779083 329.634338 3.700819 1.125541
211.465683 201.377274 3.785323 0.551429
217.500732 25.596422 4.553342 -2.704759
221.545700 273.861267 3.869154 -0.631512
236.456467 51.071476 3.920310 -1.937998
237.324860 420.889862 3.888013 0.465483
236.892609 438.302277 3.964876 0.184410
236.549026 455.228455 3.890643 0.040282
243.258575 581.792297 4.138907 -1.928249
249.418167 592.553528 4.118438 -1.788274
251.734909 55.867012 3.868159 -2.109927
253.361725 284.189178 4.041119 -0.915480
253.361725 284.189178 4.041119 -2.445847
254.436615 533.140381 3.978367 1.372356
257.489990 481.935608 3.355782 -2.948083
262.128571 294.535187 3.538901 -1.054484
262.128571 294.535187 3.538901 -2.316120
266.054016 247.462875 4.312847 -4.099787
268.203308 388.715302 4.009326 -0.031862
268.203308 388.715302 4.009326 -2.538201
269.647217 33.636745 3.912102 -2.405583
281.006042 275.004639 3.734353 -1.050070
285.617828 150.935226 3.760245 -0.512657
299.854492 621.460266 4.347568 -1.188101
301.920074 553.567017 4.136333 -1.870949
324.584595 397.688965 4.432279 0.112270
327.896454 133.858215 3.835397 -4.432804
328.479980 199.700348 3.460165 -3.373554
331.585449 252.000214 3.974978 -3.402294
333.024750 281.245819 4.333544 0.736576
351.300476 349.401764 4.297879 -4.523901
358.665344 60.249752 3.943600 -2.682597
360.323212 256.925507 4.202408 1.534446
360.323212 256.925507 4.202408 -2.282349
360.872437 312.349945 4.253960 -1.702302
367.187164 320.680817 3.875419 -1.719599
393.863617 380.845703 3.745297 -4.180116
397.440125 442.779327 3.847169 0.382808
397.440125 442.779327 3.847169 -3.354465
400.940826 338.727173 4.074858 -0.424152
400.940826 338.727173 4.074858 -1.528694
402.681366 103.607193 3.639364 -0.481758
411.946716 493.731720 4.485490 -3.655781
413.716766 344.819672 3.916597 -0.473721
413.716766 344.819672 3.916597 -1.442205
9.834079 315.662537 5.179667 1.029268
10.896049 25.011230 5.299150 -4.572873
10.287716 461.153198 4.752233 -0.099378
10.287716 461.153198 4.752233 -2.966073
11.873549 506.964752 5.581336 -0.161304
11.873549 506.964752 5.581336 -1.114000
12.261788 112.077713 5.397509 0.138622
12.261788 112.077713 5.397509 -2.938400
19.886862 164.759293 5.674339 0.337724
36.884029 424.967072 5.656998 -2.899636
37.140602 617.938843 4.703286 -1.220813
44.876591 231.194626 4.994052 -4.575817
62.669361 461.896027 4.519557 -2.997513
72.001549 201.239029 4.768654 -3.632041
75.421814 161.254990 5.530162 -2.559596
75.421814 161.254990 5.530162 -3.891035
73.294456 183.163651 5.687713 -4.247042
75.876488 234.450348 5.414047 -4.373460
94.155563 357.582520 5.338101 0.416703
94.155563 357.582520 5.338101 -3.631461
96.791016 21.820639 4.941340 -3.956300
100.174515 188.778442 4.680160 0.784076
100.174515 188.778442 4.680160 -4.027842
102.741264 128.880615 5.420016 -3.805584
112.935860 87.523979 4.870416 -1.657305
127.251427 518.096375 5.008496 -0.042610
130.325775 362.917725 4.454392 0.087599
141.539429 572.880676 4.911274 -1.174578
142.728210 97.095741 5.378517 0.156192
165.607300 215.289703 5.707900 -3.801236
171.329498 188.106461 4.831294 -2.174607
171.198074 374.083069 4.772544 0.101175
182.895737 161.748505 4.710228 -2.733705
184.633102 381.809601 5.522122 -0.010405
186.384720 131.284576 4.885943 0.217324
198.149567 13.776658 4.785028 -0.722100
204.335648 482.217743 6.555537 0.000349
209.965561 390.099121 5.280292 -2.107918
213.758301 121.712219 5.532169 -1.616270
213.758301 121.712219 5.532169 -4.560923
214.393768 96.126434 5.360473 -4.180405
215.834076 469.027649 5.381579 -0.055601
226.788452 8.224380 5.232512 -2.869877
240.171753 568.540344 4.481811 -1.636070
251.351608 349.872803 5.472062 -3.876550
263.280731 22.953899 4.721507 -2.011537
276.030151 191.218811 4.593744 -0.651722
280.519196 620.209900 4.805459 -1.060395
283.807098 585.157593 4.712808 -1.149889
293.972443 232.758102 5.018740 -2.089355
294.693970 402.986847 5.301639 -3.287550
308.785492 482.691711 4.903419 -3.075718
323.915833 571.919922 4.955630 -1.364101
324.504425 375.461426 4.599899 1.465418
338.541534 105.120735 5.305108 -4.475274
376.738617 160.032822 5.442781 -3.800781
379.108521 449.082153 4.956301 -1.749040
382.946594 244.870743 4.859691 -2.228184
389.187805 331.469238 5.024301 -1.477789
399.441772 189.731674 5.346557 -0.887406
36.375004 447.487518 6.027671 -3.012191
39.763798 116.926575 6.374517 -1.481034
39.763798 116.926575 6.374517 -4.361436
59.935131 413.662231 6.886702 -4.099195
72.448265 183.661560 5.948884 -4.278517
75.945724 123.084763 6.457733 -1.536071
75.945724 123.084763 6.457733 -4.486478
82.274292 78.665237 6.293705 -1.603937
92.086464 328.019287 6.246370 1.031222
92.086464 328.019287 6.246370 -3.586314
101.221123 166.069092 5.867857 -3.222652
140.712967 165.398315 5.917916 0.084974
164.342529 158.405670 6.349179 0.195426
184.825821 471.872314 6.389534 -1.152142
193.996536 335.202606 5.847361 1.029030
192.601562 90.569756 6.034904 -4.134348
199.595596 247.905792 6.743037 -0.861578
204.205917 482.293793 6.112529 0.009067
209.426941 371.260162 6.968450 -2.604806
212.664536 324.220825 6.247728 1.205217
235.544312 124.951134 6.530351 -1.386729
235.544312 124.951134 6.530351 -4.221626
243.514481 30.099998 7.112174 -2.553112
245.597412 185.956299 5.978710 0.195504
247.621613 161.116669 6.028121 0.741898
251.651093 507.739868 6.226650 -1.506753
250.385941 609.244080 5.642105 -1.340948
270.651154 137.249130 6.935368 0.759023
271.791718 318.564148 6.150984 -0.834383
288.837891 263.035645 6.028806 -4.667628
338.215820 240.746246 7.002895 1.005603
350.744965 508.689148 5.810102 -1.053322
356.788361 110.392670 5.874728 -4.649067
360.723755 185.443420 6.597432 -2.133737
370.591431 581.757935 5.991007 -1.538315
380.223846 512.886719 5.976709 -1.472590
382.849274 270.847656 6.145313 -3.602965
384.816895 308.220428 6.573296 -1.515294
410.793152 70.465836 6.704460 -3.419566
21.628090 413.781097 9.154736 1.431195
90.887520 38.310997 7.381438 -3.454498
90.425240 99.801750 7.134930 -1.660930
111.721123 456.570923 8.661271 0.006718
112.406677 494.156250 7.448368 -0.016600
111.253578 526.395935 7.727516 1.261119
143.924713 180.016129 8.526059 0.099780
165.695206 428.001465 8.596688 0.196651
179.669037 25.534550 7.565614 0.427898
201.905502 70.427483 8.834270 -4.039476
226.380096 56.374687 8.808427 -1.878127
227.867783 238.297287 7.876416 0.585190
227.867783 238.297287 7.876416 -0.685142
230.864319 588.478821 8.310119 -1.295678
233.370422 279.659180 8.454442 -0.826207
241.220505 207.807587 7.516521 1.137688
241.220505 207.807587 7.516521 -1.041890
244.917725 347.646393 8.137780 -3.964654
282.894165 513.283569 8.067346 -0.009945
292.454468 474.127075 7.651413 -3.045914
304.436737 294.210327 7.834747 -0.727174
392.293091 497.515930 7.647685 -4.471565
401.144897 290.377350 7.695806 -0.075526
401.144897 290.377350 7.695806 -3.075609
400.606659 539.441895 8.665223 -3.157051
403.784393 18.424032 8.966911 -3.411026
403.274750 604.473267 7.254888 -2.322710
408.853912 69.344666 7.306520 -3.592272
24.082422 63.538414 11.664842 -1.213163
33.564075 505.506531 8.993019 -2.826366
55.037857 527.407959 9.275766 1.525462
112.887032 404.029449 9.187406 0.067726
142.842484 258.645874 10.405700 0.146364
180.220978 585.146667 9.346743 -0.973613
196.323181 185.344376 10.371656 0.689034
196.323181 185.344376 10.371656 -2.390787
268.943420 565.347961 10.415410 -1.512774
359.252991 33.451920 9.602306 0.782886
380.668457 475.085663 9.716915 -4.381512
393.924530 583.183472 9.512759 -3.299527
30.089123 419.344513 13.320259 1.433215
45.465744 356.167542 12.846525 -4.513591
113.002670 230.684448 12.453043 0.296910
144.175644 256.337646 11.506088 0.235959
169.385559 410.635071 12.070396 0.158206
176.354736 52.041946 12.947794 0.425299
188.498367 274.107239 13.710586 -0.741728
203.534927 362.888916 14.401619 0.980133
217.527512 151.318146 13.258619 0.719400
217.527512 151.318146 13.258619 -2.968623
338.051117 228.678680 13.674468 0.946211
388.881195 421.420197 12.572738 -3.029410
12.930804 99.064125 16.199682 -1.296867
82.413681 563.127075 18.381233 1.310909
143.143433 485.890625 15.185346 0.010237
204.621902 362.945312 13.961945 0.974933
216.653656 245.131683 16.319233 -0.598353
235.161331 390.164307 14.745459 1.255848
239.059341 46.287537 14.716260 -2.441486
343.350342 58.366463 14.996759 0.729421
346.767548 449.517487 14.420357 -3.045821
360.662537 295.647491 15.854998 -1.460150
69.524086 74.308090 18.197874 -1.528317
58.972347 263.099152 23.057566 -1.589951
58.972347 263.099152 23.057566 -4.528467
96.490257 323.951782 23.044922 0.203090
135.466339 44.921188 21.334965 0.492688
350.175201 397.033295 18.231491 -4.512864
261.410736 86.705711 23.972099 0.920995
306.929749 341.595276 27.436523 -4.616652
88.754501 496.066376 31.094172 0.298420
92.632820 166.886307 36.888607 0.257112
302.864075 168.507599 33.516712 0.908202
