4.276454 300.922363 2.047439 -3.570199
4.183805 455.918274 2.113986 -2.255709
4.183805 455.918274 2.113986 -3.400035
5.961522 178.768570 1.995805 1.402426
5.961522 178.768570 1.995805 0.265090
6.212468 270.663910 1.912576 -3.350560
6.746312 374.753937 2.059118 -0.026027
6.746312 374.753937 2.059118 -3.038789
8.096787 151.582184 2.016281 0.047577
9.911461 263.833801 1.938399 -2.959995
12.194594 342.224304 2.180838 -3.023620
12.401800 587.075195 1.928277 -0.078818
12.401800 587.075195 1.928277 -1.095610
13.815434 53.299442 1.809049 -4.428879
13.988872 441.661652 1.855043 -0.185956
14.525611 165.762207 2.398768 -3.173373
16.360590 297.741821 1.709775 -1.576827
15.772787 415.466583 1.822223 0.269559
16.958405 518.995789 2.110635 -1.121342
16.958405 518.995789 2.110635 -2.967967
18.677046 224.370743 2.005551 -3.060591
21.453417 396.141724 1.921035 -2.902591
23.514736 298.649536 1.943632 -1.578668
27.502857 304.915283 2.001637 -4.301651
35.209732 9.684376 1.856416 -4.247789
34.005001 320.248688 2.426574 0.403827
34.005001 320.248688 2.426574 -3.248441
36.237595 49.293018 1.859675 -4.251292
35.628647 589.519409 2.059204 -1.232079
40.650925 156.997879 1.826663 0.267911
50.927990 520.046631 2.126848 -0.413213
52.824112 242.693451 2.253572 0.098677
57.411366 257.794525 2.284100 0.066933
58.149849 241.854813 2.019526 0.128820
58.032837 326.672272 1.972304 1.276841
59.417183 231.792542 2.304318 0.022787
61.961346 193.245087 2.222691 0.185858
62.037457 429.190399 2.174361 -4.709939
61.555130 480.207153 1.771978 1.403740
65.437202 408.764465 2.085144 -0.884515
66.073875 449.556305 2.063630 0.484959
68.030228 294.913361 1.851825 -4.376272
69.932922 526.903503 2.118803 -0.804873
71.384239 508.074036 1.996230 0.408535
71.626724 329.737732 1.952350 -4.667739
72.051697 463.781708 1.895935 -2.723223
72.051697 463.781708 1.895935 -4.250677
73.133125 195.791031 1.868742 -4.474541
72.900520 269.800018 1.807616 -2.202484
74.078308 6.891389 2.180815 -4.590404
73.677620 621.415527 2.108770 -1.341496
76.596619 234.063263 1.677199 -1.681133
76.596619 234.063263 1.677199 -3.493672
77.520714 290.214386 1.735715 -4.508362
79.200943 36.423920 1.902752 0.492294
79.290451 444.854431 1.889345 0.272937
79.290451 444.854431 1.889345 -2.559002
79.290451 444.854431 1.889345 -3.886941
80.948288 403.477295 2.361915 -3.363668
81.620430 270.406311 2.011149 -2.623071
83.067009 221.215866 1.831109 -0.968702
83.067009 221.215866 1.831109 -3.912993
83.866203 39.024635 1.827860 0.438686
83.380402 356.915771 2.163855 -4.402112
84.960625 451.791748 1.839135 1.038751
84.960625 451.791748 1.839135 -1.496833
85.756615 200.061111 1.995993 1.552647
86.338631 351.197113 1.898536 -4.300196
88.234489 431.818787 2.230052 1.355920
89.039810 206.423477 1.923567 1.335988
89.039810 206.423477 1.923567 -3.699213
88.773331 367.146606 2.036242 -1.484241
90.785797 584.967346 1.858014 -1.041367
92.928764 619.703125 1.777497 -1.422699
94.647789 175.714493 1.788301 0.928381
95.383965 233.378342 1.926351 -3.662482
98.107918 34.445766 1.904001 0.416019
101.017975 251.219696 1.958614 -2.008301
102.516602 147.697571 1.933007 0.558812
102.516602 147.697571 1.933007 -0.840242
102.744324 125.275360 1.985378 -2.620340
104.191177 487.650757 1.921767 -2.949384
103.767365 604.333862 2.178218 -0.483803
104.636848 341.326904 1.862667 1.160550
110.929413 459.000977 1.970715 -1.413775
110.895287 627.138184 1.867240 -1.511023
113.222443 336.331390 1.919137 1.103723
112.942284 533.688416 1.909316 -1.564993
115.493202 232.768295 2.069006 -3.385520
116.568611 558.564026 2.528903 0.373754
116.568611 558.564026 2.528903 -0.921243
117.798889 13.130133 1.950499 1.475767
119.895210 404.868622 2.099924 -0.082079
119.895210 404.868622 2.099924 -1.595983
125.820396 244.779602 2.279556 0.097560
127.789818 438.017639 1.985634 -3.027965
129.393005 412.418701 2.203055 0.937967
129.551971 201.429184 1.920985 -4.624315
130.339523 403.575714 2.044966 -2.225834
130.339523 403.575714 2.044966 -4.615182
131.962875 174.811646 2.347879 0.446775
132.666046 428.970795 2.033267 -3.063110
137.480698 381.811127 1.877300 -1.992205
141.410278 107.123070 2.193572 -4.532968
141.874527 376.209686 1.811637 -2.250306
141.874527 376.209686 1.811637 -2.851522
142.489883 543.851624 1.810406 1.000046
146.204346 337.023254 1.939908 0.386836
146.771851 370.096710 1.728254 -3.065580
148.234238 507.633759 2.096532 -0.369122
148.234238 507.633759 2.096532 -1.618435
149.294907 6.093262 1.781596 -2.484419
151.499908 337.226898 1.796270 0.458246
156.047058 348.800873 1.924337 0.030829
159.655731 481.896667 2.044636 -1.373261
160.560699 52.183254 2.139513 -2.141867
161.816788 207.522659 1.685017 -0.696550
161.816788 207.522659 1.685017 -3.388062
163.084412 93.016754 2.184020 -3.794829
167.667389 304.732178 1.839419 -0.508221
167.667389 304.732178 1.839419 -1.400761
167.749405 392.574280 1.984103 -2.076901
167.808304 587.047241 2.048203 -1.983011
169.276001 504.961914 2.071338 -1.556293
168.619476 595.754761 2.016067 -1.818480
168.626648 610.617981 2.033768 -1.249850
169.938492 451.437103 1.913754 0.074554
172.630936 195.614044 1.873027 -4.541317
175.783997 467.423462 1.796833 0.036538
175.633133 243.738251 2.068538 0.298336
178.548080 571.596985 1.794049 -2.034800
184.198502 216.223953 1.966812 0.991362
185.468521 123.908241 1.944493 -4.059040
189.340408 392.719788 2.069392 -0.364533
189.340408 392.719788 2.069392 -1.773321
190.251785 119.716476 2.090189 -4.046703
191.119003 548.982605 2.081527 -1.595538
193.406052 61.826218 1.868050 -2.288870
194.751236 53.959942 1.997596 -3.430115
196.203705 401.141571 1.922518 -4.594122
196.107605 415.984833 1.835093 -3.195489
198.108200 125.501244 2.133563 0.664589
200.024765 444.293915 2.061143 -0.028832
199.547897 474.624420 1.882415 0.083589
200.479187 395.268982 2.331882 -2.083692
201.733566 201.998398 1.992553 -4.363741
207.586273 45.055603 1.726299 -2.192870
207.727081 313.974426 1.838268 -4.253748
208.240921 321.463562 1.850761 1.172189
208.240921 321.463562 1.850761 -0.941089
209.087219 498.578949 2.059131 -3.733386
210.059448 126.991997 1.989868 -2.397211
209.956787 550.804016 2.121525 -1.749909
210.808624 572.012329 2.004327 -0.836351
215.300064 134.233383 2.225404 -4.608709
215.553436 68.841980 1.828470 1.052113
216.093002 583.582642 2.219761 -1.317554
218.000229 11.105335 2.077551 -3.507077
218.179001 330.328339 1.842363 1.517810
218.179001 330.328339 1.842363 -1.280496
219.489120 543.529907 1.911842 -1.823269
220.083572 619.266357 2.134260 -1.438708
221.935226 396.169922 2.060130 -3.328668
225.604599 495.800842 2.047087 -4.256920
227.411743 474.057526 2.332417 -3.095100
227.572403 485.567383 2.357975 -3.019614
227.719452 365.860077 1.819445 1.457198
228.197586 591.764160 2.062908 -1.732085
230.094727 505.784454 1.911120 -4.475882
237.452820 237.321854 2.157469 0.866530
245.356094 402.404846 2.146599 -0.034059
244.971695 607.129761 1.851560 1.083236
248.904877 61.631924 1.852296 0.665967
253.095078 568.356201 1.993552 -1.358270
254.002197 55.877785 2.031669 0.650916
256.832764 17.535635 1.854283 0.471307
260.175415 23.056835 1.905668 -2.262479
260.243286 466.687134 2.045170 -0.049543
260.851410 593.310974 2.003145 1.081453
260.851410 593.310974 2.003145 -0.814583
261.021271 319.899628 1.924775 -0.908535
261.392151 389.016449 2.083601 1.177912
262.441010 10.446564 2.054778 0.650212
262.441010 10.446564 2.054778 -2.414035
262.822052 196.730789 2.103928 -1.270037
263.773376 88.048035 1.938040 -1.235008
265.918793 119.775558 2.237961 -4.496257
267.413696 5.128901 2.026142 -2.675180
267.896027 205.872787 1.994531 -1.013675
270.940857 164.338135 2.250177 -4.677987
275.521484 184.694016 1.903454 1.327101
276.992981 386.249725 1.938658 1.508691
278.361359 28.854498 2.121360 0.759588
277.721710 400.034454 2.085449 -3.178442
277.878510 419.379822 1.885728 -3.150900
279.227112 68.278252 1.982737 -2.787102
280.570953 190.735458 2.067811 -1.444092
282.524780 178.479904 1.832322 1.102515
284.824341 20.945145 2.188712 0.714817
285.652283 342.092316 1.790512 -4.166053
288.986511 16.164623 2.240690 0.743585
290.183899 83.528381 2.020928 0.712044
290.183899 83.528381 2.020928 -1.034317
292.237885 173.191498 2.164634 -4.268141
292.211548 429.784637 1.875574 -0.910450
292.211548 429.784637 1.875574 -3.578273
293.692902 10.451682 2.079788 0.753309
296.240540 128.777985 2.008342 -4.455140
298.588318 4.844717 1.990834 0.793345
297.815033 177.092102 1.894443 -2.426851
298.060181 239.655197 1.863091 0.234701
297.770020 383.757050 2.171415 1.442048
299.331482 460.711304 1.855236 -2.055841
300.502197 331.121246 1.974889 -1.902625
300.716278 86.327286 2.131431 -1.378994
301.007996 515.418396 2.027593 1.470286
304.318115 17.831806 1.978888 0.863070
308.170929 204.889221 1.933832 -1.305828
308.170929 204.889221 1.933832 -4.456082
309.443329 445.676605 2.227876 0.058781
309.443329 445.676605 2.227876 -3.731248
311.709534 200.598297 1.993646 -1.403299
312.216248 232.374603 2.036492 -3.307415
312.581390 244.813538 1.837689 -3.264516
312.828003 331.440247 2.018155 -1.773644
312.467743 616.783020 1.947491 0.472980
312.467743 616.783020 1.947491 -0.608402
314.773468 188.953995 2.052866 0.217433
315.123993 317.284424 2.153583 -3.176713
316.168915 567.369446 1.896253 -2.140946
318.903290 571.500061 1.837363 -3.340289
319.275269 273.204071 2.047923 -3.306127
320.206909 266.550537 1.855286 -0.751700
320.206909 266.550537 1.855286 -3.494770
320.986206 315.557526 2.144877 -3.229324
325.003906 272.515961 1.930665 0.243936
325.027832 181.519424 1.885215 1.368244
325.027832 181.519424 1.885215 -2.026074
328.044586 388.873047 2.044315 -4.171501
332.713959 65.826591 1.998119 0.832772
333.448639 95.312439 1.862897 -1.105753
333.889496 2.786176 1.942169 -3.367432
336.718262 515.420349 1.930718 -0.382339
338.082520 149.882965 1.909940 0.606765
338.554108 373.428955 1.853517 -0.686387
338.554108 373.428955 1.853517 -2.878900
339.755371 218.088577 1.889134 -4.486856
340.985321 238.819229 1.861176 -1.989350
341.630310 54.948582 1.950691 -3.224886
341.575134 252.366684 2.054888 1.009381
344.499054 342.547150 1.963143 -0.229912
344.319489 380.876862 2.035389 -0.761214
345.808563 48.090508 1.835306 -3.248867
348.018433 162.060135 1.808613 -2.773442
348.242889 328.112976 2.193887 -1.409484
349.704681 346.168945 1.865332 -0.230787
352.291687 6.732325 2.135314 -0.357086
353.339630 353.169342 1.883328 -0.145468
355.225708 329.182159 2.018065 -1.821973
355.225708 329.182159 2.018065 -4.307672
357.853394 422.433136 2.176796 -3.270954
358.956696 438.702515 1.979911 -3.176722
359.241516 446.471222 1.852380 -3.383474
361.264557 524.458679 1.802816 -1.447379
361.264557 524.458679 1.802816 -3.090342
361.013397 614.474365 1.950537 -1.292848
363.728394 452.912109 2.133361 -3.084186
363.946808 462.332581 2.028124 -3.169011
368.405518 206.388611 1.680087 0.018704
369.371918 139.447861 1.903209 0.580018
370.221741 265.456207 1.807613 -0.167206
369.727234 574.401184 2.210179 -3.374000
371.056335 133.573654 2.082231 0.352900
372.714844 282.480652 2.027555 0.493122
375.046570 56.441128 2.039581 -3.092474
376.496277 64.789818 2.084834 0.811787
379.254303 398.282440 1.818931 -0.323854
379.254303 398.282440 1.818931 -1.631476
380.826324 293.289673 2.162234 0.157137
384.306580 49.437344 1.722008 0.607058
384.306580 49.437344 1.722008 -2.754313
383.733368 472.990295 1.867786 0.032479
384.671631 495.173615 1.932479 -0.190137
386.519135 358.828461 1.919864 -0.390681
386.519135 358.828461 1.919864 -2.006689
386.325378 510.090820 2.044021 -0.429341
385.618683 562.806946 1.974230 -1.264393
388.260986 90.301956 1.832996 0.971513
388.255493 126.043419 2.122479 0.121493
387.529846 244.389786 1.807745 0.088749
387.529846 244.389786 1.807745 -3.172335
387.784760 458.993378 1.800121 0.396787
388.224731 468.358429 1.809869 -0.006202
389.260040 301.075989 2.083933 0.043503
389.525452 184.157135 2.039635 1.025714
393.387451 513.726868 1.979628 0.084152
393.609253 606.985474 1.678308 -0.774613
395.883942 237.733826 2.070764 -0.115066
395.880554 378.218475 2.040412 -3.100506
396.808228 534.870300 2.186943 -0.233403
401.575806 452.574554 1.840623 -0.057909
402.925232 344.543671 2.424826 -0.883600
403.992096 280.678650 2.644799 0.201396
403.992096 280.678650 2.644799 -3.752216
405.223999 238.890442 1.813422 -0.023282
408.594910 196.310486 1.849380 -1.321753
408.594910 196.310486 1.849380 -3.328735
417.178314 189.414337 1.863849 -3.983895
420.352722 368.075439 2.153601 1.127772
422.026276 30.548454 1.784742 -4.302670
424.629242 629.905151 2.320169 -1.264291
7.811489 7.981689 2.407742 1.509510
9.279096 135.362671 2.398177 0.182098
9.152740 381.119171 2.419147 -1.894248
10.509339 43.181141 2.478837 -4.184054
10.044466 210.129532 2.517751 0.043604
9.930310 217.811966 2.453275 0.237204
11.264031 193.388412 2.406253 0.288057
19.319021 97.423683 2.397812 0.689767
19.319021 97.423683 2.397812 -3.620187
28.223980 217.420746 2.472847 -2.194781
36.093021 228.783829 2.543764 -3.153047
36.674610 98.439308 2.714685 -1.696959
37.195385 208.646393 2.428156 -2.788609
39.318176 615.592957 2.724127 -1.056442
41.290165 32.943733 2.525177 -2.695321
45.548393 63.034576 2.527763 -3.921294
46.647186 54.734711 2.695995 -3.737593
47.051418 99.928268 2.347950 -1.853707
48.283337 428.830444 2.826370 0.086242
51.299614 375.806702 2.930828 0.179287
53.975124 534.776306 2.789055 1.295224
61.811859 22.744818 2.742925 -3.373637
61.811859 22.744818 2.742925 -4.523995
62.522118 494.407532 2.675976 -1.194527
64.809303 458.690735 2.615319 0.004458
64.637749 514.082642 2.539006 0.055606
65.795296 149.771866 2.466317 0.143698
70.326637 58.697422 2.216909 0.122674
71.198769 336.683563 3.328919 -4.643495
76.224319 588.325867 2.596460 -1.062360
77.156715 213.360291 2.318696 -3.731604
80.244789 424.504486 2.325613 -4.381943
81.937004 296.507080 2.529760 -4.437630
81.144081 531.786255 2.747371 1.356840
85.162987 507.068420 2.233369 0.186237
84.931938 247.049774 2.615294 -4.252475
86.782516 553.440491 2.294409 -1.263952
88.448051 69.438393 2.417932 0.249123
89.292007 302.634521 2.780217 -3.813487
89.292007 302.634521 2.780217 -4.669108
101.362923 100.336388 2.503497 -1.218442
101.362923 100.336388 2.503497 -3.142488
101.362923 100.336388 2.503497 -4.416578
104.248421 74.404182 2.587184 -0.233564
107.759445 210.738617 3.171473 -3.527894
108.053955 272.014893 2.564412 -3.449306
107.792152 556.180115 2.376006 0.570000
110.340820 567.382812 2.554048 -1.037228
110.854187 49.951458 2.568328 1.261820
110.397186 516.798218 2.493011 -4.664354
113.576935 137.657425 2.848419 -0.071411
118.336464 3.403376 2.844573 1.106868
118.336464 3.403376 2.844573 0.607854
119.256241 60.477165 2.656348 -2.573711
125.270279 323.335846 2.602698 -1.980342
127.063751 103.637039 2.778490 -4.382377
127.719566 606.632202 2.480579 -1.429460
129.201599 395.540039 2.500572 -3.303968
129.201599 395.540039 2.500572 -4.458803
131.154694 378.596619 2.708040 -1.966820
131.931335 541.870728 2.398894 -1.333974
132.809326 5.781600 2.324937 -0.579951
132.629669 325.892059 2.325818 1.121137
136.305084 255.877869 2.523020 -0.593343
136.815811 246.677887 2.395687 -2.845603
137.572525 559.117798 2.606511 -1.539169
141.931366 49.854462 2.502800 -1.263721
143.229904 319.866119 2.798944 1.061972
143.579742 537.673462 2.216367 -1.618245
148.585922 519.439331 2.643898 -1.588188
152.934387 148.832077 2.806239 0.640113
154.276657 400.987640 2.721496 1.494919
156.619064 176.073349 2.610920 0.722110
159.312103 540.948547 2.662985 0.942971
164.769669 11.191915 2.400947 -4.473844
165.333572 39.130623 2.684064 -1.272476
165.333572 39.130623 2.684064 -4.459949
164.604080 181.975769 2.350536 -3.466267
166.054108 200.044266 2.632724 -4.619659
168.563782 172.403534 2.189654 -1.611356
170.747955 39.947517 2.658657 -1.322656
171.589554 137.999939 2.759883 -1.299667
180.220230 133.902924 2.457438 -2.127508
181.495667 4.857055 2.523378 0.687579
182.780716 359.827179 2.635590 -1.805551
182.588333 396.273041 2.543648 1.308085
183.982071 383.359863 2.552169 0.122113
185.284439 139.029572 2.557831 0.754644
185.162903 320.075684 2.365206 -0.721872
189.561127 83.756836 2.417007 -1.539556
190.514160 359.978149 2.664187 -3.880482
191.850327 38.847218 2.359930 -2.030463
191.486893 76.794052 2.360278 -2.296890
193.410736 136.534485 2.581364 0.662765
194.054123 331.011108 2.311558 -0.422959
195.945618 480.839508 2.502124 0.110687
197.553009 563.484314 2.425212 -1.486025
202.253922 493.176544 2.884675 -1.472674
205.302170 546.570007 2.240295 -1.570923
206.204437 472.467743 2.682854 0.065398
212.500900 464.072327 2.319079 0.056502
216.998688 504.102051 2.527931 -3.809577
219.485458 518.831970 2.450337 -3.227081
221.863144 385.764954 2.426683 -2.657471
229.906860 234.923996 2.502754 -2.261790
235.523392 85.147644 2.497878 0.424255
237.576157 606.941406 2.399824 1.105766
237.576157 606.941406 2.399824 -0.890744
242.908539 232.930466 2.401725 1.126794
245.037720 628.313416 2.434487 -1.311523
247.085373 335.311890 2.539614 -1.784232
247.746552 231.151352 2.408046 -1.909320
248.041367 533.217041 2.537318 -0.651744
248.041367 533.217041 2.537318 -1.474050
249.635788 287.182800 2.267230 1.281734
249.635788 287.182800 2.267230 -2.061271
252.197098 605.697327 2.330284 0.842145
255.044632 98.626968 2.391607 0.624673
255.149445 300.801575 2.620825 -1.010273
257.495087 117.153847 2.503887 -4.292873
259.482025 129.553223 2.506351 -1.192518
270.008484 278.103333 2.612010 1.010821
270.249786 587.645691 2.188258 1.225690
271.746460 36.069057 2.333571 0.728218
272.054871 136.633606 2.375232 -0.492000
273.292236 122.006996 2.406227 -4.445121
275.522675 610.647888 2.505805 -1.912073
280.231079 35.874039 2.516348 0.751923
280.007874 80.920670 2.420624 -2.524007
281.709320 272.663635 2.525023 1.115230
281.709320 272.663635 2.525023 -1.915083
281.709320 272.663635 2.525023 1.115230
281.709320 272.663635 2.525023 -1.915083
284.082916 465.232635 2.646794 -2.956414
284.888824 513.960205 2.557596 -3.506955
286.757721 28.764143 2.552798 0.751743
287.750031 277.535248 2.765071 1.228811
288.440674 453.921204 2.639672 1.492938
288.440674 453.921204 2.639672 -1.618252
287.628784 620.146057 2.650816 -1.969690
288.564056 137.416214 2.500888 1.406259
289.466736 446.462494 2.716712 0.502463
297.559052 412.575745 2.734248 -1.922294
302.510803 183.451172 2.819704 -0.338528
302.510803 183.451172 2.819704 -3.294644
305.568329 572.604126 2.759568 1.455763
308.701660 66.873390 2.846086 0.062345
308.701660 66.873390 2.846086 -3.608646
310.180939 184.516037 2.428860 -2.616873
310.697784 463.743774 2.491635 -1.467709
312.920166 8.209337 2.441650 0.274059
313.415894 520.675171 2.703782 1.428065
316.340515 206.974701 2.729018 -1.021240
317.870728 418.966858 2.302903 -3.195010
317.868134 484.657318 2.662823 -4.542080
318.611053 253.217606 2.600142 -2.638655
320.412537 360.789001 2.378235 -0.893960
323.841278 245.156296 2.329651 -2.397982
326.013123 615.913757 2.698970 -0.076707
326.969147 23.005762 2.691360 0.105591
331.942139 573.172119 2.439755 1.449831
334.287262 195.229782 2.832347 -3.238382
336.698456 212.528168 2.194910 -4.519642
337.973083 96.280174 2.320182 -3.171187
339.157898 7.924480 2.251293 -3.275215
340.239563 327.073334 2.301591 -1.488766
341.798859 68.541435 2.770806 -3.267591
343.349548 243.975403 2.839386 1.115624
343.349548 243.975403 2.839386 -1.958021
352.533752 29.522276 2.258934 -3.290559
359.582367 599.819763 2.740037 -1.582958
359.738403 491.489990 2.522700 -4.498437
365.134674 498.852386 2.621062 -3.401253
366.974579 56.485924 2.672814 -1.247875
367.837219 373.331207 2.946396 -0.626189
372.952972 391.305389 2.585742 -1.081152
375.058929 22.125690 2.480709 0.668403
375.000397 203.554077 2.595013 0.643217
376.143463 48.735561 2.650629 -2.645865
376.948669 178.190918 2.610697 -2.004543
378.016998 314.371552 2.278494 0.340468
379.615967 124.314507 2.771830 1.057360
379.615967 124.314507 2.771830 0.284925
379.615967 124.314507 2.771830 -2.024614
386.449524 210.238037 2.371173 -1.156225
388.111206 268.180786 2.258947 -0.085836
389.089874 294.928802 2.629699 0.208332
389.614868 385.091125 2.600150 -0.771563
389.634796 612.605042 2.478256 -0.803608
389.634796 612.605042 2.478256 -3.170872
394.011292 468.788300 2.664598 -0.068990
394.977661 439.468933 2.776749 -0.053991
396.386383 138.006500 2.371817 -2.916440
398.580780 399.498718 2.467802 -0.605741
400.809479 417.601318 2.380888 -0.182591
402.685303 472.136536 2.612767 -0.179815
402.989227 544.910400 2.531621 -0.547648
408.343903 272.998871 2.500461 -1.810072
409.690765 38.453377 2.835673 0.218480
409.882141 316.507050 2.264883 -1.576551
413.746735 141.679230 2.814694 -2.996852
416.261353 541.088257 2.604064 -1.501949
418.946594 330.179840 2.481575 -0.553000
418.946594 330.179840 2.481575 -2.272605
5.450929 98.610825 3.271643 -1.536283
7.152268 50.587154 2.996617 -4.383124
9.237407 117.848000 3.364524 0.259377
9.237407 117.848000 3.364524 -4.484343
11.563841 78.115410 3.360077 -1.439167
13.077953 174.489868 2.910242 -3.220349
17.468693 307.068085 3.277921 -1.668995
30.120358 74.924744 2.989423 -1.290931
38.489437 52.278282 3.057553 -3.918383
39.159702 269.271973 3.056936 -3.006075
53.961498 26.548079 3.786100 -3.095645
59.009518 242.986252 2.869717 0.130893
58.448044 448.597565 2.999549 0.398962
61.601494 326.354431 2.889949 1.279493
61.601494 326.354431 2.889949 0.119560
80.775162 157.475296 3.127616 -4.456085
81.864517 140.264679 3.171680 -1.383665
88.505432 59.092297 3.569732 0.429559
90.537399 185.143051 3.633604 -1.421057
99.849236 527.191528 3.251245 0.342745
101.562210 178.295761 3.104778 -3.256233
101.318268 548.180298 3.057761 0.583042
101.318268 548.180298 3.057761 -1.754695
107.820564 209.471771 3.470278 -3.556288
108.704994 300.320282 3.311844 -4.706158
109.319481 11.394652 2.922850 0.468367
109.230301 525.488281 3.547509 1.530406
109.230301 525.488281 3.547509 0.332957
113.792404 137.335114 2.964749 -0.107823
116.167274 108.628716 3.395959 0.467547
116.167274 108.628716 3.395959 -4.435091
121.457947 393.119446 3.071215 -0.017192
121.457947 393.119446 3.071215 -3.164214
122.247955 190.035660 3.281875 -3.584440
123.364861 67.517921 3.248014 -2.708894
126.010376 516.302490 3.395122 -0.468452
130.923859 111.177551 2.954576 -4.462028
135.708099 303.490997 3.299309 -4.170444
139.541809 199.910461 3.525078 0.644764
143.105652 231.256805 3.051069 0.215668
143.307724 41.414906 2.874022 -1.158353
147.002274 156.700195 2.892055 0.486885
149.632523 544.278809 3.131781 -1.446194
153.444336 409.381500 2.919624 1.502669
153.885010 134.586975 4.027579 -1.292292
155.454926 224.093384 3.215483 -4.196555
159.384689 488.734161 3.239494 -1.405981
170.054062 138.160751 3.334218 -1.308001
174.427582 397.406067 3.231391 1.276785
174.589233 219.037460 3.172081 -1.105998
180.326523 480.879364 3.128960 -3.047564
182.805771 44.639664 2.985667 -1.716941
184.865707 539.999817 3.014467 -1.617703
185.729324 612.101624 3.052143 -1.218368
188.057648 476.860291 2.940000 -3.093843
187.877258 487.907623 3.540229 0.035628
187.877258 487.907623 3.540229 -2.868986
188.054581 500.146362 3.140365 0.177927
187.934479 512.005188 3.129416 0.031305
192.572571 64.750580 2.884822 -2.231649
195.099487 218.099701 3.283446 -4.565092
194.877274 255.569519 3.105816 -0.562269
195.597183 46.068024 3.217691 -2.162552
196.171494 540.484802 2.961299 -1.256831
196.569931 555.316772 3.496097 -1.502562
198.281525 8.284901 2.990818 -4.637905
199.540970 90.907227 3.024350 0.351286
201.870880 378.161957 3.259713 -3.305301
208.648636 160.333359 3.347400 -0.341846
208.856995 367.907349 3.001237 1.516509
209.046066 519.988831 3.085169 -1.335293
211.302048 17.124916 3.511776 -2.568514
214.241440 182.050049 2.990512 0.617091
214.251358 492.658844 3.414747 -1.792547
216.339157 35.850529 3.286131 -2.553516
225.207947 512.692993 3.075812 -4.500653
243.317474 82.954956 3.062938 0.534871
244.783127 1.559627 3.375401 -2.482006
245.610855 336.665131 3.258402 -1.871838
255.907028 202.805130 2.911857 -3.326487
258.226074 255.162170 3.040988 -3.340943
260.725647 88.544098 3.365538 -1.272227
262.919037 478.353333 3.587483 -0.234990
262.040375 582.160828 3.128038 -1.620068
267.672852 287.560150 3.385047 0.799447
276.208344 375.187042 2.891287 -4.695365
276.885681 221.466934 2.906161 1.042495
284.027496 421.036560 2.910089 -3.119844
286.448792 58.238132 3.069970 -2.340461
287.469208 277.981415 2.918461 1.263749
286.529907 435.080811 3.441765 -3.130989
292.083313 268.473877 3.303742 1.008429
292.083313 268.473877 3.303742 -2.266197
293.108643 608.439209 2.921039 -2.186892
296.533142 201.833038 2.955282 -2.044389
305.390808 8.795394 3.326159 0.470847
315.030548 382.344513 3.460924 -4.144728
316.979401 442.602661 3.549955 0.225042
316.979401 442.602661 3.549955 -3.295141
322.063263 174.843094 3.248190 -1.975420
324.498810 380.904266 3.412179 -4.057370
323.647369 548.418884 3.372327 -2.943776
329.763733 113.422569 3.430686 -0.351735
330.962891 586.103821 3.271300 0.403182
331.992340 565.776672 3.636298 1.360033
331.992340 565.776672 3.636298 -0.128675
331.992340 565.776672 3.636298 -3.121041
334.097321 347.285736 3.356523 -0.267658
334.097321 347.285736 3.356523 -1.452090
344.416626 617.937561 2.885306 -0.965419
347.415833 177.888031 3.497086 -3.215198
352.066528 266.006775 3.276987 -3.290969
367.939301 560.273254 3.316502 -3.036468
388.440399 582.121582 2.910292 -3.009966
389.574768 554.311829 3.200149 -1.298448
401.047546 35.695763 3.267909 0.433295
401.047546 35.695763 3.267909 -3.376975
403.525787 74.643204 2.899619 -3.406178
403.074463 558.044983 3.074935 -1.636149
407.875885 328.162842 2.872597 -0.065953
407.875885 328.162842 2.872597 -4.051981
412.437561 596.615112 3.922350 -0.005113
412.437561 596.615112 3.922350 -4.575195
411.814301 54.953609 3.705225 0.959735
414.638977 249.956726 3.233775 1.199999
417.771698 572.046753 3.575578 -4.361920
420.395172 41.507217 2.917510 -3.633391
11.110973 34.863308 3.719510 -4.050543
9.508129 473.834534 4.281588 0.104909
14.801976 145.522232 3.772515 0.056694
14.801976 145.522232 3.772515 -2.937354
17.152260 369.370789 4.004502 0.385782
16.751219 494.192291 4.431798 1.391829
16.751219 494.192291 4.431798 -1.045928
25.136688 232.785599 3.926787 -4.472537
26.109217 243.188828 4.334216 -4.414198
59.129269 268.431061 4.297647 -0.010356
66.044548 532.587219 4.022957 1.318344
67.849358 432.753326 4.064317 -4.380575
67.406105 454.593750 4.741454 -3.469855
69.155075 135.885818 4.336678 0.049979
68.283936 472.074524 3.377706 -0.508674
78.169884 572.107544 3.652489 -1.262908
79.294182 561.691223 4.143382 -1.041572
86.813080 269.719971 4.166704 -2.684513
88.664856 59.137867 3.621262 0.399419
88.764336 195.035553 3.909443 -1.481313
88.764336 195.035553 3.909443 -4.290440
96.636116 283.019806 4.121426 -3.523202
98.666817 84.699287 3.826687 -4.528900
113.879150 97.331970 3.950813 1.431621
112.799820 157.384735 3.874648 -2.541163
122.165588 369.552979 4.015189 0.003493
121.663292 399.876434 3.996449 0.034882
140.954529 199.196854 4.029972 0.655313
148.419815 272.249878 3.649987 -0.593015
159.533905 455.447845 3.881049 0.071229
161.102539 420.104187 3.994586 0.500424
160.323898 438.127380 4.103336 0.192589
162.302094 283.649567 4.025460 -0.819731
167.946426 138.789246 4.350034 -1.264953
170.000198 591.740295 4.466992 -1.756027
170.172928 49.949291 3.808048 -1.830024
170.172928 49.949291 3.808048 -4.041373
178.623657 349.669403 4.712967 -3.844498
183.138412 34.680813 4.250789 -1.767118
186.204376 55.950657 4.071099 -2.149197
192.481430 37.653320 3.524006 -2.172185
192.573273 388.568420 3.971407 -0.012621
192.573273 388.568420 3.971407 -2.478970
192.511429 573.680481 3.702713 -1.458624
195.276047 249.937042 4.535718 -4.059911
198.622345 283.514587 3.888686 -1.194335
198.622345 283.514587 3.888686 -2.096406
201.376877 581.842712 3.579229 -1.073372
203.089645 35.683670 4.120030 -2.347508
205.175079 191.444809 4.353036 -0.587258
216.459976 152.634720 3.844472 -0.434981
221.784439 551.967346 4.464031 -1.856690
239.609741 598.272583 4.320270 -1.399095
246.156006 241.932251 4.086264 0.860755
246.322021 278.429718 4.265899 0.074116
246.322021 278.429718 4.265899 -2.167265
248.046188 376.083374 4.559920 1.563523
247.483963 398.050262 4.412647 0.121997
252.708328 295.837158 3.896287 -0.831099
256.932861 203.106888 3.577037 -3.348145
269.086060 288.374939 3.901364 0.735612
274.225800 351.274078 4.239011 -4.491713
285.297729 261.018677 4.084301 1.459078
285.297729 261.018677 4.084301 -2.289720
284.118317 314.398865 4.508607 -1.630334
289.175720 68.986305 3.813244 -2.650149
290.585693 323.082733 3.682474 -1.673850
299.871704 448.075134 4.573997 0.591666
299.871704 448.075134 4.573997 -1.714246
299.871704 448.075134 4.573997 -3.951756
308.330017 250.266891 4.432859 -2.111111
321.872162 341.682922 3.907101 -0.497940
321.872162 341.682922 3.907101 -1.400634
322.623993 546.815430 3.979150 -2.903934
342.414154 107.726952 3.975101 -3.187964
347.280945 177.899460 3.499807 -3.239958
351.059570 250.443985 3.710838 -3.077546
366.661591 557.846069 4.253100 -3.048025
371.651947 114.457352 4.511083 0.083663
370.948181 148.738342 3.996818 0.380888
370.561401 392.177185 3.704424 -0.810049
374.381012 219.673386 3.741499 -0.639619
380.022400 171.785278 4.483964 -2.013079
382.947998 393.367798 4.313830 -0.797296
386.876160 354.339233 4.594013 0.371950
388.981506 40.317768 3.949402 -3.526056
395.532959 255.698074 3.925144 0.070164
399.836212 569.389648 4.511539 -1.705438
403.441864 161.003754 3.813845 -3.119002
405.746490 306.676178 3.820177 0.375562
408.426636 445.255432 3.838542 -0.021123
413.671692 349.440948 4.539056 -2.172574
412.581238 401.786041 4.198721 -0.420504
413.236725 597.627563 4.465319 0.014470
413.236725 597.627563 4.465319 -4.651525
7.624611 476.126160 4.819505 -0.029455
11.299729 164.230438 4.608263 -3.296415
11.895199 433.625641 4.544955 -3.038447
15.363357 354.100830 5.588600 0.452229
15.363357 354.100830 5.588600 -3.708399
18.938137 569.518066 4.743026 -0.624041
26.124285 180.476776 4.816398 0.759905
26.124285 180.476776 4.816398 -3.978953
29.874710 118.832253 5.659236 -3.724033
35.929668 20.960487 4.709318 -3.311656
41.904709 76.949867 4.967289 -1.562319
45.486153 519.669678 4.930031 -0.027745
53.167736 360.089722 4.758245 0.110877
53.552849 381.585785 5.941066 0.131050
65.810791 574.416992 4.667885 -1.227374
73.011993 89.210045 5.540549 0.164278
75.349297 286.701538 4.862129 -2.438694
75.471260 585.290283 4.618963 -1.219267
94.983658 372.225342 4.788952 0.125370
107.160965 455.224396 4.847941 -1.214471
117.068123 127.189964 4.943776 0.065760
124.385277 331.216339 3.976928 1.048869
132.940933 10.652587 5.085578 1.461931
132.940933 10.652587 5.085578 -0.333372
134.228973 389.139099 5.289119 -2.068218
138.397354 468.410553 5.449423 -0.034307
139.830048 624.722229 4.855849 -1.267273
145.891327 92.850266 5.127512 -4.231771
145.274689 119.398575 5.577078 -1.550666
145.274689 119.398575 5.577078 -4.526981
150.398468 499.268250 4.664620 -1.073675
159.709045 568.317688 4.869520 -1.607388
161.501022 7.149078 5.435897 -2.792839
192.977478 531.079224 4.666230 0.693528
197.578857 24.339661 4.592046 -1.888217
218.714279 402.903900 5.188812 -3.270263
221.696045 234.406281 4.936011 -1.971327
230.869156 481.988312 4.924740 -3.063469
233.391327 266.213226 5.255505 0.133642
243.508560 569.098511 4.778677 -1.317677
259.482483 312.929291 4.920634 -0.870037
269.219696 111.100533 5.135445 -4.449391
272.313293 507.480835 5.316172 -1.059000
288.008453 441.932465 5.016616 -3.239305
324.680878 197.029007 5.203528 -0.803305
330.573395 492.598419 5.283974 -0.219930
334.732239 626.434937 4.941164 -0.618803
348.205902 228.794418 5.525651 -3.182776
359.557770 191.800308 5.932883 -3.262202
359.382355 238.311050 4.817239 -3.126787
360.863922 258.179138 4.663204 -3.197455
385.797211 375.541412 5.572854 -0.754758
408.026764 263.091858 5.285429 0.030147
408.026764 263.091858 5.285429 -1.757013
1.948633 111.095451 6.785343 1.344621
1.948633 111.095451 6.785343 -1.423735
7.623192 63.906696 7.550777 -1.535518
13.451550 323.633759 6.316507 -3.246619
12.989350 454.030151 6.688560 -2.233268
18.567648 131.248596 5.164028 -3.693093
27.734161 156.607574 6.442662 -3.175034
69.621864 159.652374 6.617633 0.108035
93.538277 211.550690 6.048714 -3.821374
106.775307 471.605286 6.622587 -1.144239
108.507957 379.539978 5.919179 0.023605
124.229034 86.744522 5.934842 -4.172625
127.268394 245.632660 6.532485 -0.830341
126.384735 481.966949 6.188975 0.032032
133.984497 369.931702 6.990715 -2.604095
138.242447 323.004089 6.463868 1.242094
152.193542 31.657665 5.950628 -2.655526
166.749481 124.092850 6.463743 -1.267100
166.749481 124.092850 6.463743 -4.219491
170.352814 608.239197 6.315153 -1.293926
172.989243 507.069550 6.273657 -1.489420
175.128754 185.855118 6.066308 0.189764
177.615372 29.392132 6.863868 -2.504917
177.599411 161.264175 6.170851 0.727716
181.744415 333.997803 6.300453 -3.942714
197.486237 318.438049 6.077167 -0.790731
202.086975 137.747559 6.950369 0.792065
216.390213 264.576111 5.919283 1.567031
216.390213 264.576111 5.919283 -1.019197
221.112549 332.633270 6.317163 -1.635569
265.214355 244.557739 6.959917 0.971704
287.694153 577.150818 5.734882 -1.547459
288.014374 190.704468 6.554211 -2.072998
299.458801 510.912994 5.831647 -1.511169
307.177612 275.498016 6.152782 -3.575311
308.792969 312.258972 6.331898 -1.487891
357.022156 166.405823 6.558869 -3.215619
394.081238 327.490967 6.026228 0.189749
18.535177 21.591551 8.306610 -3.933706
17.832289 87.587898 7.385185 -1.573289
18.899294 593.222778 8.467322 -1.136252
28.982580 528.176758 8.041183 1.221092
58.503616 355.258453 9.181483 0.187108
72.861450 131.091675 8.052282 0.094160
88.150932 426.415985 8.685897 0.219157
98.753891 614.766968 8.012026 -1.205968
107.139099 472.563965 6.766077 -1.111287
112.836349 19.234707 7.660465 0.445231
133.869110 66.636169 8.753155 -4.101056
149.732697 588.660339 8.557746 -1.249630
160.145340 54.913654 9.386134 -1.855795
160.639816 279.036102 8.356578 -0.793149
169.743622 206.945511 7.644027 1.170929
169.743622 206.945511 7.644027 -0.900997
204.666183 512.667725 8.018323 0.057207
214.530182 619.138794 7.500911 -1.009727
230.492905 295.923462 8.126544 -0.702387
301.239685 388.637665 8.708694 -4.139696
310.386749 495.544800 7.397122 -4.463620
316.325806 536.316040 7.785490 -3.077303
319.080292 597.652100 7.938910 0.083702
324.195343 295.567230 7.327263 -0.103154
324.195343 295.567230 7.327263 -2.995023
331.979889 561.320496 7.510920 -0.189640
335.855682 84.576111 9.206213 -3.284411
353.752686 348.262390 7.351280 -1.176374
353.752686 348.262390 7.351280 -2.802587
30.069939 455.858612 10.108993 0.026233
33.658474 402.404358 9.799390 0.093168
60.175255 312.561462 8.924424 0.119461
69.739075 252.984573 11.580404 0.187963
73.404808 173.104263 9.814045 0.139575
96.458252 587.294983 9.798705 -0.953766
126.988098 177.568832 11.376109 0.730066
190.315002 563.463013 10.198198 -1.453868
291.313507 41.613060 8.844881 0.823742
300.410156 473.931885 9.600962 -4.367339
303.886780 202.608185 9.110059 1.106956
303.886780 202.608185 9.110059 -2.080083
336.547028 193.621292 10.540608 -3.303230
346.213654 282.617218 9.716582 -3.230475
346.888916 303.936615 9.830108 -3.045685
357.468140 510.267426 9.331364 -3.297272
358.241150 540.283447 10.884140 -3.097376
391.481873 98.827209 9.057262 1.281314
391.481873 98.827209 9.057262 -3.433904
396.449158 149.152603 9.549168 -2.970055
39.419140 224.979538 12.346338 0.324836
109.064690 45.905411 13.200662 0.428521
115.554718 271.516724 13.843574 -0.701789
129.155319 360.970398 13.953168 0.999971
143.468948 154.591431 14.206359 0.640554
207.771103 523.516663 13.817461 -0.166444
207.771103 523.516663 13.817461 -1.514897
207.771103 523.516663 13.817461 -2.274509
272.377472 67.289566 13.856502 0.727819
267.974701 451.437134 13.564387 -3.014762
280.089844 302.417267 12.181567 -1.421011
309.452576 422.265320 12.099944 -3.047260
332.544586 155.611099 12.728823 -3.245562
346.494171 420.317688 12.417288 -3.571377
358.056824 588.076050 12.374122 -3.138533
378.160248 479.744110 13.418344 -3.179772
63.059895 484.268311 15.543889 0.009643
143.515228 241.320786 17.007277 -0.536264
159.269043 389.550171 14.604515 1.266442
177.500854 34.880608 17.403843 -2.552251
272.949188 399.058929 17.928644 -4.401396
391.229309 583.783752 15.412294 -3.149182
301.040588 345.973572 18.532253 -1.527526
301.040588 345.973572 18.532253 -4.214535
62.834854 559.788086 23.859732 0.712059
230.145554 342.774414 26.936384 -4.614815
201.062683 75.411316 26.541300 0.955619
310.642365 72.102356 33.426483 0.912083
313.036652 281.454193 31.332018 -3.181656
