14 91
30 855
38 214
57 4
58 5
63 9
64 550
67 7
68 8
70 11
71 319
72 320
73 17
74 12
76 19
77 20
78 22
80 30
82 29
84 330
87 33
88 36
89 31
91 339
92 43
94 50
97 42
99 40
102 45
104 52
105 53
111 61
112 62
114 51
117 70
118 68
120 77
121 69
122 76
130 84
134 83
136 87
139 88
142 98
143 96
144 99
145 100
146 97
147 374
148 102
151 108
152 116
154 386
156 380
157 764
159 115
163 120
164 121
165 122
167 124
168 123
169 126
171 129
173 133
177 139
178 623
179 624
181 142
185 137
191 148
192 149
193 150
194 148
195 158
198 412
200 163
201 414
203 167
204 166
207 173
211 175
212 427
215 169
217 186
218 199
219 187
220 174
221 181
222 178
223 189
225 190
227 193
228 557
229 192
231 195
233 204
236 210
237 205
238 206
240 211
241 217
243 214
244 213
246 216
248 222
249 223
250 228
251 229
253 232
255 237
256 238
257 235
260 230
266 476
268 247
269 249
270 249
290 624
291 319
293 141
299 431
327 307
329 313
336 521
339 321
340 323
341 325
342 326
343 324
345 322
348 331
349 34
350 330
351 338
352 340
360 344
361 347
362 341
363 345
365 351
367 352
368 353
369 354
372 360
374 357
375 364
376 365
378 550
379 361
381 95
383 764
384 366
386 369
387 370
389 371
390 378
391 375
393 372
394 112
397 379
398 384
399 381
400 383
401 559
402 119
403 387
404 388
407 390
408 392
409 385
410 393
411 127
413 394
414 399
416 136
417 396
418 397
420 400
421 398
422 405
423 581
424 402
425 577
426 408
427 406
429 407
431 145
432 410
434 155
436 413
438 417
439 164
441 423
444 431
445 595
446 424
447 425
448 432
449 185
452 435
453 437
456 433
457 439
458 434
463 447
465 202
466 203
467 452
468 445
469 449
470 450
471 453
472 215
473 212
475 460
476 220
477 221
478 464
479 461
481 465
483 469
484 466
485 236
486 239
487 474
488 619
489 477
525 520
528 520
531 522
537 524
538 525
539 327
543 653
545 657
547 532
549 533
550 660
551 534
553 535
554 540
555 545
556 546
557 543
559 549
560 367
561 547
562 548
563 551
564 556
565 554
566 553
567 555
568 561
570 675
571 562
572 563
573 395
575 565
577 567
578 564
579 683
580 566
581 575
582 578
583 402
584 570
585 571
586 572
587 573
588 574
589 579
590 587
591 583
592 580
593 584
594 409
595 590
596 588
597 585
598 586
600 589
601 592
602 696
603 698
605 601
606 604
607 605
608 603
611 606
612 607
613 608
615 610
616 456
617 609
619 457
621 467
622 473
624 478
626 478
629 622
667 797
670 647
671 648
672 650
673 651
675 656
676 655
677 654
678 653
679 755
680 662
681 659
682 665
684 664
687 757
688 668
689 669
690 759
691 670
693 671
694 678
695 673
696 674
697 672
699 677
700 682
704 566
707 687
708 684
709 685
710 691
712 693
714 694
715 700
717 702
720 704
721 708
722 705
723 706
724 707
725 709
726 612
727 613
728 614
729 714
730 715
731 618
734 624
753 741
754 742
756 744
757 745
758 746
759 748
760 749
761 750
762 752
763 753
764 800
766 756
767 667
768 802
771 805
772 762
773 766
774 767
775 765
776 763
777 770
778 769
779 680
780 772
781 692
783 690
784 774
785 773
786 775
787 777
788 699
789 779
791 711
792 713
794 782
805 798
806 799
808 801
810 803
811 804
812 805
813 806
814 807
815 809
816 810
817 814
818 813
819 815
820 812
821 811
822 818
823 817
824 819
825 822
826 780
828 824
829 823
830 825
831 826
832 827
836 831
837 859
839 833
840 863
841 836
842 839
843 840
844 842
847 841
848 843
849 844
850 845
852 846
854 848
855 850
865 860
866 862
867 864
868 865
870 866
871 867
872 868
876 879
877 862
879 880
880 881
881 882
882 883
888 895
889 882
890 896
891 897
892 898
894 888
895 889
901 899
903 904
