7 497
28 435
55 10
63 18
69 290
75 24
77 28
78 27
79 31
80 32
81 33
82 686
83 23
84 29
87 36
89 40
90 303
94 41
95 313
97 44
98 49
99 45
100 46
101 320
102 47
103 51
106 54
108 55
110 326
111 327
113 58
114 60
115 61
117 66
118 67
119 336
120 71
121 72
122 69
123 73
124 68
125 65
126 63
127 70
128 77
129 75
130 345
133 80
136 83
137 79
138 536
139 88
140 82
143 85
144 84
145 86
147 362
148 93
149 94
150 95
152 99
155 365
158 104
162 545
163 102
166 665
172 111
175 115
181 116
185 121
187 123
188 127
192 124
193 130
194 125
197 128
200 129
202 136
203 137
204 135
205 132
206 133
207 141
209 402
212 138
214 140
215 144
216 139
217 148
220 145
221 146
222 151
223 149
224 152
228 155
229 153
230 147
232 157
233 158
234 159
235 160
240 168
251 170
252 683
255 173
256 174
259 175
260 176
265 14
266 693
267 183
284 196
287 590
298 204
304 209
306 216
307 590
330 377
347 291
348 288
351 293
352 299
354 300
355 301
356 498
357 302
360 307
361 298
362 499
365 503
366 312
367 317
368 502
369 314
370 315
371 316
374 318
377 507
378 328
379 323
381 324
383 330
384 332
385 509
387 338
388 339
390 335
391 340
392 344
393 342
394 351
396 349
397 348
398 350
399 354
402 353
403 534
405 357
406 356
407 355
409 535
411 358
412 420
415 364
416 368
417 370
419 108
420 372
423 112
425 371
426 373
427 374
428 111
429 114
430 376
431 378
432 119
433 379
435 382
437 383
439 389
440 561
441 387
442 388
443 387
444 388
446 386
447 389
448 390
451 557
452 396
453 391
454 398
455 403
456 404
457 399
458 407
459 408
460 150
461 406
465 154
466 409
467 410
468 411
470 156
471 414
472 413
473 579
474 167
477 169
478 419
479 417
480 418
481 181
483 177
484 421
491 188
496 431
498 432
499 430
502 433
507 593
509 213
533 636
534 492
535 493
536 496
537 638
539 498
540 497
543 640
544 499
547 500
548 501
549 504
550 505
553 508
555 511
556 514
559 515
561 518
562 517
563 521
565 523
566 522
567 528
570 526
571 656
572 657
573 524
574 525
575 536
578 538
580 530
582 541
583 537
584 544
585 542
586 539
588 548
589 543
590 550
592 551
595 113
597 553
600 555
601 381
602 384
603 559
604 564
605 390
606 560
608 563
609 562
610 566
611 567
612 568
615 390
616 571
617 569
618 578
619 572
620 573
621 574
622 575
623 576
624 577
626 582
627 584
628 586
629 424
630 590
631 438
634 592
641 598
660 633
661 636
662 634
663 635
667 642
668 644
669 643
671 647
672 648
673 649
674 650
675 653
676 521
677 717
678 654
679 655
680 718
682 658
683 534
684 659
687 721
690 532
691 661
692 723
693 664
694 662
695 667
696 671
697 727
699 669
700 670
701 672
703 555
704 674
706 675
707 730
708 676
711 734
713 677
714 679
715 680
716 569
717 581
718 582
719 583
720 586
721 740
723 587
725 687
729 689
730 849
731 597
736 806
756 637
757 495
758 711
759 645
762 712
763 713
764 646
765 715
766 773
767 774
768 714
771 720
773 724
774 725
775 665
776 726
779 729
780 728
781 731
782 736
785 737
786 798
787 738
788 739
789 741
800 764
802 767
803 769
804 770
805 768
806 771
807 772
808 776
809 779
810 780
811 777
812 778
813 782
815 785
817 787
818 788
819 789
820 790
821 791
822 792
823 732
824 793
825 733
826 794
827 795
828 797
838 810
840 837
841 813
842 838
843 814
845 816
846 817
847 786
848 820
849 821
850 796
851 822
852 823
856 826
859 237
867 840
868 841
869 842
872 827
874 828
876 487
880 853
881 854
882 875
883 876
884 856
885 857
886 858
887 861
888 859
889 880
890 864
891 843
892 844
893 845
894 867
896 884
897 877
899 879
901 881
902 882
904 889
905 890
906 891
907 892
