5.208278 303.050720 1.909984 -4.430735
5.744668 289.645477 1.752871 -4.622880
7.219439 620.043396 1.942363 -1.165961
8.174526 227.461838 1.747929 -1.334391
7.787387 259.000244 2.239290 -2.430742
7.625716 268.819611 2.057659 -2.921852
7.528711 607.151672 1.996563 -0.948305
9.778994 487.453369 2.008626 -0.518415
11.663010 188.799637 1.943802 -4.459491
13.272985 22.082273 2.137627 0.449316
13.193245 89.281837 2.069792 1.433974
13.193245 89.281837 2.069792 -1.199046
12.457126 364.500641 1.888297 -1.348658
14.677355 484.138580 1.859146 -3.097121
15.922816 122.899384 2.012202 -4.611926
18.271301 290.782104 1.873333 -4.459055
17.850080 545.149170 2.058385 -1.779477
20.070990 22.378288 1.832619 0.360676
19.908743 173.328339 1.985966 -1.088321
19.908743 173.328339 1.985966 -4.245861
26.635897 293.431793 2.091820 1.492310
27.465414 33.415710 2.037063 0.425099
26.509508 609.024292 2.116866 -0.418787
27.577744 168.381821 1.934437 0.941425
30.043640 582.306702 1.952497 -1.059942
31.928967 160.977005 2.012868 -0.623673
33.175289 245.827194 1.940295 -1.956153
33.901867 21.720268 2.131098 0.436199
34.692776 338.210266 1.992777 1.174993
36.784882 77.252357 1.852430 -4.461769
37.238369 138.778442 2.218440 0.626266
37.238369 138.778442 2.218440 -0.880884
38.134850 116.719528 1.987460 -2.593637
42.327892 3.711169 2.201353 0.248969
43.183716 143.750275 2.074787 0.708611
43.415180 333.338562 2.039573 1.127469
43.886864 587.718323 1.971644 -1.100786
45.351875 101.970955 2.064783 0.109898
48.014606 64.974197 2.255157 -2.674768
48.769009 227.423950 2.091136 -3.350279
49.191910 403.596191 2.062497 -1.637993
55.644844 110.785660 2.222769 -4.346677
56.593952 549.953125 2.068444 0.922556
58.935375 411.237701 2.283477 0.961538
60.521873 401.822845 2.225953 -2.214437
60.521873 401.822845 2.225953 -4.611651
62.160049 428.044128 2.076677 -3.038527
61.562565 503.568787 1.888226 -1.355074
64.065292 196.042282 1.959458 -4.539764
65.326164 38.222855 1.754215 -2.583172
68.031830 380.333435 2.086145 -1.951277
70.107750 294.035828 2.079947 -4.181587
72.290848 302.509613 2.166651 -3.814109
72.845169 374.291809 1.894317 -2.847949
78.056015 334.607147 1.958217 0.421949
80.215286 68.844757 2.294056 -4.251859
83.329155 361.530487 2.181058 -1.779338
83.306625 335.269226 1.875960 0.456842
85.888367 173.541855 1.778646 0.465695
87.831863 345.944305 1.955352 0.057761
88.341103 481.859528 2.049454 -1.380342
90.484833 122.164795 1.856913 -1.231592
93.080521 611.858154 2.136461 -1.178191
96.278389 75.798325 1.956014 -3.999763
95.775528 597.095398 1.909434 -1.704133
96.803520 203.312119 1.897323 -0.580697
96.803520 203.312119 1.897323 -3.450383
97.374184 505.362610 2.050873 -1.601107
98.930443 391.322449 1.989351 -2.077236
100.132355 451.140076 2.051278 0.073445
100.811256 302.198914 1.945575 -0.507372
100.811256 302.198914 1.945575 -1.337170
101.059433 416.905579 2.000036 0.305250
104.725517 5.072881 2.173167 -4.336233
105.327026 466.466217 2.014096 -0.027364
108.531281 577.397156 2.152195 -2.035855
108.780571 192.367920 1.931512 -4.492003
115.925262 530.257690 2.155096 1.202318
120.048729 549.473083 2.159092 -1.622956
123.889488 120.429665 1.855350 -4.007558
127.209305 549.405762 1.714521 -1.562163
127.684067 400.434479 2.010579 -4.597088
128.632446 116.421928 2.167761 -3.983596
129.702713 474.592133 1.948016 0.098919
130.668777 443.934570 2.106828 0.006823
132.571579 394.270813 2.133550 -2.067768
133.396637 595.133972 1.898975 -1.215238
134.680435 50.911880 2.126568 -3.337105
139.582230 612.400269 1.842179 0.457189
139.582230 612.400269 1.842179 -0.601896
141.220001 94.511841 2.216263 0.441292
141.220139 312.902405 1.868595 -0.829346
141.220139 312.902405 1.868595 -4.354128
141.116470 320.350952 1.856234 1.198108
141.116470 320.350952 1.856234 -0.874990
142.361786 464.558807 1.985678 0.357391
144.258392 457.261871 1.935952 -0.241996
147.388779 82.988441 2.241903 0.546638
148.058395 124.929878 1.941017 -2.353432
150.643097 196.977554 1.764271 0.023608
151.478745 566.752930 2.046211 -1.460261
154.031448 395.294830 1.957431 -3.337962
155.056168 82.233734 1.862684 0.960436
159.490097 8.970830 2.185492 -3.451608
162.478256 339.978333 2.142407 -1.726043
163.607803 558.240845 1.707632 -1.674480
164.849792 331.100159 1.827193 -1.428640
164.242828 607.763611 2.231946 -0.883136
171.472656 570.651306 2.012808 -1.376834
172.395172 634.007690 1.921622 -1.557585
173.959061 606.814026 2.170950 0.860436
182.825821 231.180359 2.242117 -1.849598
191.361465 203.087158 2.259033 -3.246365
193.242569 99.575554 2.045126 0.550864
194.078812 56.906475 2.049655 0.707924
193.781158 320.013245 1.905647 -0.920438
195.315979 13.975943 1.864984 0.444934
195.735764 568.702271 1.921325 -1.545642
197.988434 131.175491 2.081141 -1.306560
198.440506 357.954010 1.885724 -1.297410
198.902618 198.590378 1.902679 -1.233675
201.850891 49.069027 2.180298 0.806676
204.883850 120.823418 1.962428 -4.445854
209.253586 386.266022 1.918587 1.530653
209.696655 399.905731 2.002501 -3.143805
210.795578 4.693477 1.992913 1.062326
210.795578 4.693477 1.992913 -2.663412
217.882935 192.063980 2.195093 -1.397870
217.589081 342.405182 1.641476 -4.242672
218.985687 31.776201 2.054397 0.797764
222.056168 345.835449 1.852868 -3.901322
223.802048 429.783264 1.986644 -0.899244
223.802048 429.783264 1.986644 -3.525727
225.470215 171.358597 1.832494 -4.620946
228.315643 176.410751 2.013538 -4.300419
229.239227 86.465614 2.196496 0.762945
229.239227 86.465614 2.196496 -0.911673
229.773224 384.238037 2.218350 1.457618
230.556320 514.546326 1.984230 1.428038
232.638229 332.218597 1.938365 -1.888061
234.413132 14.909919 2.092570 0.801453
235.697479 382.859619 2.253797 1.510928
239.343002 431.895325 1.826927 0.141317
239.737885 89.761307 2.000939 -1.311594
240.288193 445.819153 2.129537 0.104409
240.288193 445.819153 2.129537 -3.736614
243.353348 565.519043 1.851693 -2.229101
244.439178 23.226276 1.982078 0.906031
246.445541 235.142242 2.002543 -3.316371
246.329453 187.637314 2.325826 -2.660307
247.015900 203.602600 2.015748 -1.354506
246.756653 248.035995 2.129968 -3.205886
247.250748 318.782745 2.188220 -3.178168
248.805222 419.555939 2.177463 -3.154069
250.624451 191.878311 1.860308 0.282691
251.213196 612.474304 2.313927 -0.155124
253.079758 275.431213 2.036100 -3.277838
253.704132 268.600159 1.832903 -0.678128
253.704132 268.600159 1.832903 -3.477913
253.514282 316.629639 2.419340 -3.217620
258.970306 233.543381 1.977059 -0.100177
263.377533 4.751908 1.953353 0.479108
263.053802 213.882507 1.903903 -1.353227
263.053802 213.882507 1.903903 -4.332621
265.099579 588.219971 2.437428 0.375254
271.348145 216.579697 2.181628 -1.226331
271.348145 216.579697 2.181628 -4.437614
270.898712 55.959175 1.884698 0.983457
271.327850 329.016602 2.220573 -1.430023
275.219604 344.376556 1.908235 -0.212516
275.155853 403.061005 2.112671 -4.083280
276.912231 4.154489 2.113938 -3.094639
279.217377 330.260773 2.164320 -1.376096
280.124695 348.367340 1.873860 -0.247188
285.540924 331.352051 1.942727 -2.041224
285.540924 331.352051 1.942727 -4.145583
287.874359 490.824951 1.907598 -4.478986
288.256012 14.400600 1.742045 0.443970
288.256012 14.400600 1.742045 -0.398746
288.256012 14.400600 1.742045 -3.232401
287.754028 40.084667 1.678798 -3.261927
289.915680 34.935860 2.052847 0.545273
290.862030 452.883331 1.843161 -3.068089
300.392517 367.415527 1.893894 1.199060
300.392517 367.415527 1.893894 -1.807737
305.102600 93.315895 1.896966 0.557577
306.251038 139.970154 2.174797 -0.041164
310.000244 185.478729 2.344865 -1.982776
309.125854 227.340805 2.023906 -2.763397
309.193420 324.888489 1.911645 0.650315
310.564026 436.344788 1.914681 0.101366
312.473175 413.630737 2.335515 0.086915
312.216400 566.904968 2.473916 -3.088992
315.241608 49.557106 1.883555 0.261574
314.733948 284.991638 1.850425 0.284136
314.701904 361.357727 1.917568 -0.329593
316.006989 326.822693 2.037097 1.012462
316.006989 326.822693 2.037097 -0.376553
320.349792 52.160606 1.898369 0.246159
319.483002 531.794373 1.797773 -0.145144
321.166443 191.805084 2.198201 1.026534
322.513031 406.468048 2.143507 -0.778492
321.166443 191.805084 2.198201 1.026534
325.855774 243.280365 1.986913 -0.071344
326.135284 540.384033 2.035142 -0.593461
328.707062 372.113708 1.945014 0.924630
330.281189 304.241302 1.865336 0.409847
332.996002 196.354660 1.828463 0.483636
333.405457 285.743408 2.084867 -3.743297
332.566010 411.655670 1.987688 -0.026867
333.722443 341.511414 2.035527 -0.780939
334.854950 300.566620 1.930169 0.649190
336.373596 278.151062 2.149127 -1.788284
337.227264 538.004272 2.176882 -0.834729
337.774841 468.318146 1.904280 -0.045945
339.151642 203.734100 1.946023 -1.222378
342.581726 325.613464 1.792995 0.389659
348.293121 178.931168 1.904838 1.478856
350.167389 559.366394 1.795200 -1.473082
352.121033 210.163254 1.922341 1.426625
353.521729 285.105743 1.884247 1.192572
357.429749 29.297415 2.028335 1.282809
357.738281 120.826401 2.260014 -3.256838
358.276886 385.062836 1.852318 -3.714580
359.321320 608.063293 2.234361 -2.977416
360.274414 303.653687 1.950074 -0.200186
360.274414 303.653687 1.950074 -1.767262
360.274414 303.653687 1.950074 -3.356519
360.443970 369.440308 1.826122 -3.493339
361.220520 309.566437 1.945896 0.912338
360.971863 324.128235 1.956736 -2.512748
362.559052 36.583111 2.082547 0.753654
362.040680 209.029968 1.842501 -4.076253
365.071472 612.262512 2.202824 -0.382470
365.650024 266.806244 1.955674 -1.789291
366.475494 25.799644 2.197898 1.135509
368.159485 232.395737 2.211016 -3.254475
369.498779 405.095154 2.150323 -0.444428
369.828369 311.443359 2.144541 0.821184
373.961731 626.356201 1.943158 -3.293540
376.225433 9.473304 2.449208 -0.194896
376.225433 9.473304 2.449208 -4.649032
377.044128 102.859932 2.020447 0.961782
377.183990 285.562225 2.124531 1.211013
377.567413 163.320526 1.966865 0.444062
380.151855 468.806580 1.906682 -1.286368
380.151855 468.806580 1.906682 -3.308618
384.754608 303.030487 1.863904 1.067961
389.328979 625.552612 1.902250 -1.421944
391.670166 100.684578 1.973012 0.129669
391.895752 433.667786 2.049790 -2.654931
392.227722 118.226631 2.268113 0.874393
395.138947 321.321014 1.897274 -0.844559
395.138947 321.321014 1.897274 -2.410507
398.394196 134.034653 1.999269 -2.072662
400.607788 151.733994 1.938783 0.979353
401.046539 389.033386 2.175301 -1.171636
404.554993 285.308533 1.791720 0.498876
404.554993 285.308533 1.791720 -1.555305
404.377991 535.512573 2.087839 -3.192443
403.962891 576.091553 1.777567 -1.342464
404.953888 406.295654 2.126198 1.433903
404.953888 406.295654 2.126198 -0.716432
405.347900 148.983871 1.841299 1.083452
406.054535 245.528046 2.059371 0.448079
405.962463 297.167175 1.807872 0.105239
405.756104 488.515808 1.953497 -2.104676
408.005615 89.775246 1.997812 -3.506626
408.363708 493.952393 1.792949 -2.097615
409.309662 598.095825 1.736434 -3.479269
411.030792 343.634216 2.065705 -1.718820
410.840759 567.869141 1.858630 -1.531848
413.417297 184.287033 1.821817 1.266682
413.144897 523.474792 2.015378 -0.602789
413.144897 523.474792 2.015378 -2.456211
414.113220 231.124115 1.861975 -4.706468
415.977753 236.833969 2.133737 -4.569593
417.187225 196.086594 2.127328 1.130214
419.197968 179.124847 1.841061 -3.243550
418.891266 265.146271 1.873086 -3.154915
420.217896 437.184509 1.929582 -3.904664
421.364990 597.230286 1.947068 0.051812
5.558707 576.062622 2.829147 -1.319960
6.707340 423.684113 1.967130 -4.526679
6.839809 109.168373 2.748638 0.348884
8.171965 206.645569 2.284562 -3.856651
7.810895 387.486176 2.389378 0.992008
9.381098 556.970947 2.529503 -1.122455
11.458533 444.700592 2.344101 0.286656
15.331141 430.921600 2.263088 1.224542
16.969112 241.080841 2.584468 -4.416575
18.264635 526.111145 2.208659 -3.111716
20.551085 298.091431 2.956687 -4.666252
21.570593 227.425781 2.314801 -0.164492
21.475391 199.676498 2.241540 -4.683920
24.299303 28.424568 2.513755 0.407009
29.958542 95.504288 2.444201 -1.210952
36.553047 518.027161 2.578345 -4.653402
36.792095 90.596107 2.732271 -1.147310
36.792095 90.596107 2.732271 -4.427005
38.780457 63.478340 2.495198 -0.266370
39.890835 267.697083 2.765757 -3.466834
40.921623 560.865356 2.479986 0.369738
41.893490 57.639793 2.394069 0.916864
41.893490 57.639793 2.394069 -0.138007
45.506714 263.903717 2.367821 -0.174130
47.407803 39.133751 2.697154 1.385773
47.407803 39.133751 2.697154 -1.071807
50.382870 573.563599 2.680365 -1.409499
51.974815 602.328003 2.439070 -1.076114
54.297993 219.563461 2.486725 0.105234
56.667591 320.212616 2.677738 -1.953935
59.129574 240.145508 2.366508 0.072644
59.171757 393.877136 2.566988 -3.245247
59.171757 393.877136 2.566988 -4.476254
61.384827 376.481415 2.894443 -1.927718
63.194744 95.960289 2.621953 -4.301970
64.262383 323.031464 2.419199 1.137823
65.287643 13.598297 2.291328 -1.448492
68.141861 167.613953 2.276256 0.548382
71.411957 218.778625 2.495269 -0.212019
71.411957 218.778625 2.495269 -2.648031
75.399353 317.138000 2.736313 1.089623
76.609154 520.123108 2.722436 -1.610233
77.701157 157.462341 2.800884 0.512786
76.971725 507.491913 2.448025 -0.453011
76.971725 507.491913 2.448025 -1.595017
80.639465 41.761421 2.496152 -1.264186
80.925507 83.725273 2.221683 -4.377496
84.933327 399.729187 2.749802 1.506297
86.751678 569.417053 2.589979 -1.739884
92.641533 171.525269 2.598087 0.791665
94.598129 137.076279 2.566166 0.772007
99.163521 232.455948 2.464730 -3.566607
101.340752 196.049713 2.371880 -4.591612
101.547516 88.041443 2.319836 -3.813134
102.757858 566.032959 2.349654 -1.606578
105.074066 32.833023 2.679166 -1.176491
105.074066 32.833023 2.679166 -4.423721
105.957542 168.295959 2.267757 -1.532901
108.691856 515.458679 2.526464 -1.453460
109.676476 133.948486 2.595789 -1.234920
109.562401 498.596283 2.582729 -3.259441
111.320618 34.283211 2.646528 -1.258563
110.792419 240.807434 2.398245 0.449738
110.792419 240.807434 2.398245 -4.067992
111.358498 81.616837 2.567185 -3.823636
113.804413 395.237732 2.595629 1.320561
114.859703 358.509521 2.666689 -1.789681
115.717407 382.442383 2.468871 0.149996
118.147598 130.224091 2.479169 -2.155284
120.828384 72.356377 2.508079 -1.606637
122.508163 358.524536 2.561102 -3.884980
123.073929 135.613403 2.590546 0.786820
125.967644 480.888184 2.670216 0.110721
126.728035 329.551025 2.401086 -0.427611
131.376297 133.418732 2.627196 0.701699
136.515396 472.362946 2.673237 0.075478
136.736511 77.488197 2.366272 0.385599
140.570999 58.909115 2.366774 -1.896505
140.570999 58.909115 2.366774 -3.365251
148.713745 41.882637 2.577286 -2.210579
151.958817 633.371948 2.476974 -1.154161
154.010956 385.022614 2.512306 -2.644119
154.778442 133.198090 2.421159 -4.532739
158.762131 496.735168 2.327561 -4.553917
161.628433 566.305420 2.515094 -1.680008
165.167328 233.548706 2.815603 -2.195488
166.789658 528.269165 2.561651 -1.679486
175.070953 84.537682 2.518583 0.478591
177.514694 532.759033 2.563008 -1.470023
178.277817 232.709045 2.410670 1.129723
183.958878 287.088196 2.338959 1.263393
183.958878 287.088196 2.338959 -1.991417
187.379013 572.593567 2.411284 -1.471324
188.568161 301.002167 2.551051 -0.762380
191.886337 459.995300 2.248234 -0.024780
196.310318 118.238777 2.670874 -4.243330
204.105560 278.773132 2.624316 1.073603
205.144730 11.301908 2.624051 -2.537605
208.906052 375.502258 2.829490 -4.674690
212.082748 38.620163 2.348299 0.768678
211.873398 123.630165 2.423987 -4.417926
212.559540 222.497452 2.826441 1.071353
214.160370 513.214233 2.325794 0.880588
214.160370 513.214233 2.325794 -3.663906
215.498505 273.870758 2.400319 1.105786
215.498505 273.870758 2.400319 -1.851165
220.718338 38.852707 2.536525 0.789763
221.162262 278.838287 2.596556 1.237439
220.576630 446.231659 2.639736 0.552608
221.489212 290.026520 2.682577 -3.144967
221.511856 301.226593 2.705676 -3.120439
226.179550 61.580158 3.024387 -2.052134
225.550827 24.476177 2.307092 0.755539
226.462875 139.838959 2.308066 1.429892
229.196152 111.512123 2.604275 -0.847724
229.454300 412.691711 2.684628 -1.944628
232.267731 570.850159 2.726915 1.434749
232.267731 570.850159 2.726915 -1.940565
234.541122 372.195770 2.415122 -3.985086
239.569687 9.735769 2.188217 0.985391
239.007797 185.721756 2.704398 -0.300738
239.007797 185.721756 2.704398 -3.256164
241.314072 402.526459 2.723187 -2.834664
240.986923 463.404694 2.443502 -1.467125
247.856201 71.571770 2.669256 0.096275
247.856201 71.571770 2.669256 -3.574452
247.501617 483.869110 2.695125 -4.544694
252.593811 256.164520 2.461032 -2.544182
253.074005 362.431763 2.681204 -0.984197
253.643539 316.667847 2.332347 -3.224365
258.843231 571.103088 2.453534 1.365989
266.253448 30.127396 2.444043 0.102951
269.016998 250.883896 2.810008 1.037946
275.838440 633.096558 2.735831 -1.411349
276.450989 247.342773 2.627348 1.146346
276.450989 247.342773 2.627348 -1.917341
278.828674 75.415405 2.449304 -3.248434
284.139526 523.037109 2.272090 -3.096268
291.120087 497.446472 2.495367 -3.396121
292.401459 342.282745 2.447319 -3.231537
293.192505 57.776566 2.587596 0.423553
293.192505 57.776566 2.587596 -3.075846
305.837372 49.107250 2.781763 -4.322695
310.636292 197.964661 2.313360 0.975676
312.317474 413.685486 2.260287 0.076061
312.705688 131.292984 2.589777 -0.243805
315.108795 500.139679 2.413389 0.071491
316.770172 386.280090 2.293223 -0.710704
318.222565 216.888672 2.236127 -1.201821
318.823425 299.298553 2.386105 0.198054
319.108246 466.089508 2.284911 -0.055175
319.542023 544.953369 2.470813 -0.550766
321.206390 91.995331 2.343401 0.152059
325.160583 386.613678 2.367313 -0.259729
328.235352 15.000634 2.542877 -4.494178
335.543060 49.652500 2.442967 0.468310
336.210907 400.094849 2.771802 -0.377677
337.031525 16.296722 2.395644 0.645848
337.031525 16.296722 2.395644 -2.680576
337.447449 320.966888 2.519883 0.509599
337.447449 320.966888 2.519883 -1.349734
336.616913 356.570038 2.556434 -0.274396
336.616913 356.570038 2.556434 -1.937446
342.127686 21.625984 2.400732 -2.761975
342.127686 21.625984 2.400732 -3.686408
346.180450 370.933167 2.374588 1.190128
346.227203 440.915894 2.341928 -0.034823
348.622864 629.051880 2.459234 -1.148879
352.602142 7.318273 2.748531 -3.574913
353.550262 358.755646 2.927383 -2.181075
353.325958 24.149446 2.319601 1.406554
353.325958 24.149446 2.319601 -2.544849
356.063232 142.176849 2.486600 -1.653639
361.303619 7.938268 2.778141 -3.510207
361.642090 97.518036 2.197655 -4.209865
365.150116 68.277588 2.436254 -2.621945
368.563507 379.328735 2.626121 1.306388
369.716766 369.094635 2.639289 0.006079
369.716766 369.094635 2.639289 -3.342620
372.823700 97.121208 2.264670 1.048077
373.256897 198.959961 2.756930 0.826996
376.041565 18.980034 2.766472 1.538256
376.548248 151.604691 2.772435 -1.336498
377.449463 369.303925 2.548559 -0.009444
380.835480 213.678375 2.543214 0.076926
381.770325 516.898621 2.519248 -1.091622
383.467499 324.633789 2.457738 -1.125003
383.467499 324.633789 2.457738 -2.601057
385.488037 568.946167 2.286923 -1.308779
385.651581 630.544861 2.506008 -0.197670
386.819000 29.368561 2.467312 0.927516
386.819000 29.368561 2.467312 -3.186616
387.071289 219.903778 2.624646 0.875064
388.749756 501.477936 2.369037 -0.530640
388.749756 501.477936 2.369037 -3.615186
390.638153 6.975996 2.530633 -3.406225
390.760834 466.699432 2.716903 -3.098717
397.147034 225.961746 2.485647 0.999306
397.998779 529.056824 2.501513 -2.929798
406.650757 384.417877 2.136391 -1.288058
406.650757 384.417877 2.136391 -2.636261
415.760437 110.245041 2.310930 0.202650
415.760437 110.245041 2.310930 -3.293118
417.480011 383.277435 2.387696 -0.033703
3.736397 21.542873 3.334969 -1.690157
3.736397 21.542873 3.334969 -4.462613
11.189940 341.758362 3.075885 1.307125
13.294462 148.582916 3.040668 -4.567418
15.647194 130.861526 3.254580 -1.276889
23.895416 178.304504 3.502153 -1.272604
25.303356 528.841370 3.420761 0.324277
28.569021 280.688538 3.545058 -3.383446
32.813202 456.850433 3.600021 -1.448853
35.414459 171.175583 3.287047 -3.246506
39.866016 296.378815 3.399063 -4.681658
41.086277 202.888855 3.416246 -3.521602
49.270103 129.526581 3.151503 -0.091210
51.184246 391.469818 3.159395 0.000790
51.184246 391.469818 3.159395 -3.137724
51.538460 611.150024 3.290301 -1.304198
56.642586 50.218349 3.059888 -2.542823
56.949955 184.121155 3.468642 -3.545503
60.514175 57.847797 3.168830 -2.648667
64.851921 21.332865 2.934598 -1.366409
64.849899 560.828308 3.061647 -1.454861
67.765175 300.275116 3.394684 -4.151319
75.739624 545.798645 3.290700 0.947890
75.739624 545.798645 3.290700 -1.264035
77.100014 226.864395 3.149281 0.250558
77.930557 157.539413 2.837112 0.516133
79.803001 559.344727 3.423625 -1.582648
82.291603 33.014702 3.115783 -1.149051
83.882706 408.097656 2.909749 1.517867
86.896423 367.033203 2.963611 -1.783228
88.368385 488.793091 3.208418 -1.429035
90.312843 220.558609 3.238281 -4.156073
95.644608 498.325165 3.210646 1.451497
104.642998 362.047211 3.592453 -1.814633
108.135818 134.018524 3.139166 -1.250641
109.867683 480.982361 3.168483 -3.041743
110.325981 216.752319 3.170196 -1.096554
117.474983 500.454987 3.154963 0.204889
117.017670 512.487183 3.208167 0.040480
117.837784 476.671967 3.008357 -3.086173
119.107483 574.777832 3.170078 -1.605250
122.390938 39.603992 3.035364 -1.559384
123.194252 620.745239 3.045136 -1.009901
126.743301 555.403992 2.992867 -1.527560
129.086472 581.250061 3.091306 0.314855
129.086472 581.250061 3.091306 -0.983939
129.828751 571.961914 3.352676 -1.271060
132.478851 34.279160 2.835622 -1.954934
132.155701 493.196289 2.973156 -1.485434
133.120407 63.007816 2.949817 -2.039516
133.869614 377.111420 3.308058 -3.287393
135.116974 42.595676 3.284677 -2.056659
138.315475 519.935852 3.085857 -1.344818
139.383194 4.805350 3.143876 -3.241920
138.695786 85.411713 2.944942 0.157970
141.332245 366.815155 3.096052 1.493494
144.019608 492.650116 3.274876 -1.795136
146.156326 158.410294 3.354815 -0.314242
146.140717 619.833008 2.991049 -1.287479
147.830460 375.840881 2.911638 1.408939
152.236588 14.081046 3.477360 -2.551890
151.317856 180.435394 3.019104 0.651769
152.864868 397.744659 3.134194 -3.276588
157.693314 34.008736 3.450319 -2.539022
183.061752 82.726730 3.051052 0.584304
196.801483 139.239609 3.345018 -4.413589
199.346039 89.022125 3.283714 -1.132743
199.935608 307.432068 3.283077 -0.724379
200.463150 288.524994 3.251384 0.912478
206.592133 135.338013 2.937318 -0.369444
211.252457 619.715271 3.086414 -1.961664
216.210175 100.358841 2.912345 -0.685629
215.595657 420.968384 2.958126 -3.092727
217.765305 434.934631 3.465055 -3.103437
219.318878 83.567139 2.902330 -2.542444
220.048706 606.150391 3.136922 -2.190820
225.785141 270.329651 3.361263 -2.196185
226.449661 61.376568 3.083399 -2.210252
231.135880 103.168686 2.886410 -1.501959
232.121857 204.215073 2.921978 -2.005654
245.534302 14.640491 3.118266 0.661666
246.554993 383.074738 3.346287 -4.099810
251.217178 546.484375 3.377719 -2.909162
254.288788 13.430843 3.005965 0.492414
255.981461 381.986908 3.398297 -4.043620
257.147552 583.345337 3.316545 0.419261
259.025757 563.656006 3.466768 1.224751
259.025757 563.656006 3.466768 -0.068020
259.025757 563.656006 3.466768 -3.089413
264.857330 349.017365 3.454622 -0.280950
264.857330 349.017365 3.454622 -1.446966
266.996857 118.546043 3.292767 -0.259184
269.724640 199.636261 2.952599 -3.237923
274.241547 258.278717 3.229220 1.026092
278.621002 113.096512 3.655252 -3.174922
281.480103 182.641571 3.229915 -3.201542
283.435181 254.351776 3.435599 -3.121605
283.966217 270.154449 3.571594 -3.245390
284.999512 357.646393 3.242636 -1.947727
291.712280 556.023071 3.627796 -3.036411
299.943939 393.297394 3.215440 -0.747873
307.841431 57.945778 3.042068 -0.252071
309.366089 391.882904 3.719480 -0.798404
312.474945 550.478577 2.972144 -1.330477
321.776398 79.733368 3.026465 0.634971
325.601318 554.114746 2.993740 -1.576701
326.705902 470.956787 2.874591 -0.165783
334.600555 313.191315 3.145636 0.198934
335.884399 28.936659 3.150389 -3.845866
335.210754 170.233688 3.511852 -2.233125
335.210754 170.233688 3.511852 -3.262976
338.398956 566.861084 3.181047 -4.388534
343.512634 52.238140 3.297292 0.493824
345.465637 115.656433 2.856757 1.514253
345.465637 115.656433 2.856757 0.103764
344.563812 361.741547 2.832054 -2.060884
345.411560 332.807770 2.983109 0.281390
346.920898 304.195557 2.909437 0.335210
348.017212 320.183319 3.311757 -0.267540
350.226746 108.881271 2.921077 1.549894
350.226746 108.881271 2.921077 -3.809852
359.441223 495.909271 3.347687 -1.004132
359.441223 495.909271 3.347687 -1.999235
361.203918 47.656399 3.565888 -4.578908
365.958069 335.091888 3.341340 -2.306054
368.076019 438.263031 3.007073 -1.098685
370.809479 562.399902 3.183415 -1.418788
372.520813 386.680084 3.121551 1.484458
376.616058 493.942810 2.918085 -2.119679
380.897369 444.110382 3.371536 -2.070563
381.695831 554.827454 3.542622 -1.451409
388.516785 291.012482 3.215312 -1.953766
394.146912 572.268494 2.906811 -1.301556
396.093201 345.849518 2.948819 -2.058186
399.897797 67.721527 3.504161 1.450365
400.186035 400.407501 3.165606 -3.248372
402.176361 9.853700 3.024484 -3.337078
403.478027 207.744308 2.928363 0.671990
403.539032 236.908386 3.170717 -4.124298
405.981628 526.504639 3.406735 -2.838851
406.796295 632.894775 2.950326 -0.763190
406.796295 632.894775 2.950326 -3.077308
410.887085 497.445068 3.526613 -3.605711
412.203156 209.187759 3.198417 0.634617
412.203156 209.187759 3.198417 -2.547416
419.895325 416.146423 3.492481 -2.528265
17.117819 264.853973 4.204331 -2.669064
22.184242 188.015533 4.022511 -1.313102
22.184242 188.015533 4.022511 -4.396779
23.916393 46.733925 3.981685 0.438598
24.439087 369.571564 4.594073 0.128126
26.379761 551.007874 3.634914 0.476929
32.477642 207.823013 3.718755 -3.591901
35.527458 527.638123 3.802403 0.518989
40.964977 391.526245 4.184403 -1.513900
47.513462 150.395752 4.063467 -2.488373
51.600426 398.090454 4.219732 0.037480
52.089787 367.341370 4.290515 0.026645
54.567638 328.962219 4.376029 1.076331
62.724876 628.426636 4.080123 -1.257098
81.790855 269.276703 3.911974 -0.577519
89.278603 454.829315 4.048619 0.088578
91.320221 419.398254 3.977211 0.532186
90.342262 436.870880 4.324919 0.223686
94.946091 41.278275 4.153718 -0.414644
94.946091 41.278275 4.153718 -4.438526
95.687523 281.200592 3.699866 -0.793944
110.014030 44.311855 3.876032 -1.684142
110.014030 44.311855 3.876032 -3.989986
117.455200 487.915649 3.650623 0.045367
117.455200 487.915649 3.650623 -2.765194
125.365715 51.555298 4.145043 -1.927538
124.245293 387.310577 4.162210 0.015797
142.176025 274.816162 4.096472 -0.925662
144.578445 32.158752 4.155118 -2.296274
150.355133 551.151062 4.439265 -1.875558
152.235306 13.984189 3.472909 -2.614583
154.242065 151.163513 3.832879 -0.430021
161.043427 482.715851 4.406304 -3.038764
166.290436 598.124146 4.357645 0.478522
166.290436 598.124146 4.357645 -1.399974
180.264969 375.977295 4.502381 0.106984
180.264969 375.977295 4.502381 -4.706266
179.260178 397.966705 4.346237 0.138206
181.255661 241.872787 4.121924 0.962611
186.789429 296.005920 3.863986 -0.738927
191.953461 367.014893 4.165920 -4.653226
206.366882 351.452972 4.071911 -4.473828
219.822021 262.074402 4.114210 -2.242595
229.116943 72.105736 3.665318 -2.576793
242.914139 252.304840 4.384857 -2.099200
245.839539 372.417938 4.118885 -4.170314
253.209488 343.124023 3.835104 -0.513409
253.209488 343.124023 3.835104 -1.345227
257.101227 381.350922 4.062331 -4.103287
290.518036 553.805054 4.527774 -3.041848
304.303864 156.056381 3.711682 0.329094
306.965820 13.845252 4.081994 0.866014
306.965820 13.845252 4.081994 -4.608382
309.740906 247.622025 3.788248 0.019329
313.205170 179.048080 4.142136 -1.846615
314.928284 357.387695 4.212120 -0.071734
325.170624 261.478607 3.749987 0.101653
346.456970 173.281845 3.941530 -4.569069
359.069916 318.960571 3.957585 -2.077805
359.065277 496.311646 3.494773 -1.280225
365.724548 124.992027 3.883873 0.452899
365.724548 124.992027 3.883873 -3.141033
372.331268 41.333199 3.839283 0.655388
372.331268 41.333199 3.839283 -4.615337
380.317413 402.655365 4.456520 -3.403324
381.873108 554.765625 3.403918 -1.457534
385.770081 259.888519 4.194436 -0.056449
388.271240 279.730927 4.242833 0.485863
388.271240 279.730927 4.242833 -1.966616
390.976196 417.882812 4.357948 -3.422451
392.566650 474.668823 3.867818 -2.980559
393.064453 558.846802 3.811204 -1.376995
400.768341 262.557617 3.962565 -0.349723
404.828613 506.651520 4.393241 -2.111106
404.828613 506.651520 4.393241 -3.512943
406.866913 571.284668 3.810487 -1.331217
11.794426 169.412033 5.235899 -1.059568
27.863054 276.667297 4.718182 -3.670397
52.929428 119.583984 5.263359 0.075642
64.348549 387.527222 5.417195 -2.042555
67.206284 468.502625 5.520473 -0.007538
78.896790 499.825378 4.777255 -1.119403
83.820953 86.585693 5.278306 -4.156717
90.792191 568.089966 5.905180 -1.573966
97.955475 592.996948 4.590103 -1.623769
108.698166 348.298187 5.334342 -3.829528
120.004021 599.464722 4.954619 -1.161008
122.149605 531.326782 4.842505 0.678027
130.214645 248.517395 4.683424 -4.027812
137.744812 20.613087 4.889471 -1.678644
141.902405 190.193848 4.634840 -0.569775
150.640076 401.931091 5.100394 -3.255024
157.933762 233.295883 4.816165 -2.057810
168.160278 264.728699 5.009652 0.205634
180.868591 277.072418 5.006938 0.149541
202.663864 507.089355 5.043073 -1.034721
207.986053 112.621758 5.144586 -4.424660
216.447845 314.345734 5.047278 -1.528682
218.987640 441.458862 5.083458 -3.205445
217.754028 575.896301 4.837197 -1.616466
227.927780 509.920563 5.672959 -1.486993
230.440811 448.542023 4.623574 -1.738085
242.719727 334.565613 5.937446 -1.380656
260.078247 200.547485 5.199061 -0.756835
280.118958 233.061768 5.751668 -3.179397
291.784882 242.829468 4.997539 -3.116874
293.126007 261.448792 4.678072 -3.217819
306.080078 121.484039 4.623812 0.043377
313.701813 377.417969 5.286180 -0.664337
323.810699 332.225067 4.496638 0.073612
337.525238 268.252747 5.426349 -1.756748
337.796051 401.534027 4.525173 -0.270965
358.013214 42.940193 5.768201 -4.447328
356.723206 293.845276 4.776855 1.166603
361.752716 466.326630 4.928120 -3.222815
367.480652 531.265381 4.782008 -2.599542
370.331482 287.875488 4.704721 1.070606
369.855286 484.125122 4.935934 -1.516264
372.451355 146.163406 5.265146 -1.149924
372.074432 424.860687 4.817547 -0.975438
391.348907 637.642517 4.991590 -0.130718
391.348907 637.642517 4.991590 -3.209970
396.499146 330.075104 5.506595 -2.195029
399.265198 445.998138 5.523187 -2.718127
403.852814 467.076508 5.139412 -2.716663
414.168976 262.024750 5.827084 -0.396700
413.300934 445.973511 4.790602 0.103031
413.300934 445.973511 4.790602 -2.382075
413.300934 445.973511 4.790602 -3.921973
414.236816 97.651894 4.660871 -3.653554
7.728555 75.885719 5.572525 1.475236
26.887590 205.230026 6.221458 -3.820935
33.946320 471.969055 6.972653 -0.150727
33.946320 471.969055 6.972653 -1.203277
37.960056 377.028809 6.295391 0.065858
54.277943 483.043884 6.750205 0.042600
61.695786 77.719261 6.079707 -4.094376
60.803703 241.188080 6.940817 -0.816578
64.966995 368.271454 7.000038 -2.560326
70.067215 320.196747 6.441798 1.265527
83.093094 113.434929 5.818380 -1.487446
83.093094 113.434929 5.818380 -4.456027
91.104622 22.903133 6.257676 -0.339931
91.104622 22.903133 6.257676 -2.729605
95.964798 610.731079 5.904207 -1.258526
102.003479 507.885345 6.298160 -1.470511
104.403786 119.423470 6.625930 -1.203153
104.403786 119.423470 6.625930 -4.184095
111.461540 182.362793 6.152806 1.476457
111.461540 182.362793 6.152806 0.254995
115.262939 22.647518 6.526628 -1.925711
115.262939 22.647518 6.526628 -2.667755
114.501595 157.983154 6.502955 0.772824
125.904861 619.094299 6.027761 -0.998452
129.873322 316.479187 5.984521 -0.769135
139.734039 136.138977 7.197305 0.824104
151.505920 262.747650 6.216506 1.524977
151.505920 262.747650 6.216506 -1.008742
153.894333 331.622681 6.578287 -1.609192
201.078537 245.104202 6.902947 0.986905
224.064423 192.266602 6.691594 -2.013849
241.255051 277.123016 6.036137 -3.507530
241.323837 314.208099 6.119679 -1.471726
240.244064 494.607178 7.083544 -4.513217
290.824829 172.171616 6.355604 -3.184544
293.121704 197.133331 5.808927 -3.236855
313.888550 119.644363 7.028546 0.101343
353.799683 277.963715 5.972013 -1.878841
372.793091 144.772110 5.844965 -1.177645
372.590881 248.350449 5.618413 -3.208738
396.983795 131.200897 6.364542 -2.005916
401.718018 378.727081 5.716337 -2.180400
401.718018 378.727081 5.716337 -4.517415
408.060333 614.819824 6.482281 -4.090591
16.120419 425.670502 8.285531 0.230799
23.036707 619.180298 7.489769 -1.154720
33.997330 473.028564 7.292577 -0.228002
33.997330 473.028564 7.292577 -1.136207
46.723549 332.042847 7.334896 1.063001
50.078403 7.741551 8.989169 0.276690
75.888100 590.370789 7.855210 -1.197485
93.946442 276.372467 8.519938 -0.772992
101.916489 345.493652 8.236075 -3.931611
105.912781 204.062912 7.641310 -0.932136
134.660339 512.624512 8.351331 0.080459
141.288010 135.919479 7.809216 0.851060
145.363220 472.637024 7.652270 -3.008120
164.046310 295.943146 8.383871 -0.676884
233.034805 388.749023 8.453538 -4.114557
244.100937 534.296326 7.843572 -3.047594
245.621826 594.391418 7.418567 0.155411
253.674408 264.338440 7.472311 0.245433
253.674408 264.338440 7.472311 -3.764022
272.458069 89.728973 8.752961 -3.256932
278.425293 282.086090 8.645849 -3.199332
283.868134 508.468445 8.774994 -3.263478
292.230194 171.362839 7.465072 -3.188464
326.284851 26.403913 8.344378 1.562634
362.678711 157.939163 8.573442 -1.226143
362.678711 157.939163 8.573442 -4.665802
369.948853 522.927002 7.520686 -1.558869
397.262085 507.800110 8.915640 -1.430131
397.262085 507.800110 8.915640 -2.619320
32.389778 500.575928 9.994308 0.191285
72.352852 58.577126 9.401412 -4.013592
100.017967 47.974556 9.434732 -1.590413
136.435745 348.939575 10.961744 -3.991228
231.499649 43.484661 7.997002 0.873415
231.442810 473.483917 9.709752 -4.371508
239.952209 206.673859 9.235388 1.126557
268.799133 160.634018 11.329967 -3.201259
275.332092 418.877686 11.463569 -3.522681
283.438751 582.116272 10.842722 -3.123049
330.313446 156.623611 9.711870 -2.879599
343.340179 602.649658 11.255537 -0.050430
343.340179 602.649658 11.255537 -4.543486
348.193573 534.997437 10.801194 -1.462752
352.042297 66.236061 9.685828 -4.531031
360.005646 309.076416 11.473662 0.478947
360.005646 309.076416 11.473662 -1.888488
44.409931 37.481991 13.245388 0.407940
47.843285 266.943756 14.147555 -0.691474
95.374214 310.176971 12.532342 -4.558124
137.643982 522.206177 13.782268 -0.129080
137.643982 522.206177 13.782268 -1.494034
137.643982 522.206177 13.782268 -2.291142
198.553391 450.585541 13.471641 -2.997342
199.619034 234.352478 12.874150 0.922730
213.953140 67.986046 14.306864 0.776212
215.440475 181.786041 13.089398 1.381292
215.440475 181.786041 13.089398 -1.912490
240.231125 422.749542 11.791725 -3.029459
264.353546 27.008116 14.178864 0.786816
264.353546 27.008116 14.178864 -3.339709
304.498749 479.778229 12.768203 -3.161465
337.557098 338.345001 11.532293 0.121870
337.557098 338.345001 11.532293 -2.952818
344.457977 477.813477 11.340878 -0.304203
360.521149 311.861420 12.118294 0.314412
360.521149 311.861420 12.118294 -1.910235
366.800354 359.656982 11.529678 -2.040416
396.020813 541.998047 11.642158 -1.463374
60.052277 358.742004 15.020104 1.027704
79.667267 150.107254 15.228195 0.687226
90.166527 388.544922 14.918563 1.264017
111.388542 41.671162 14.320872 -2.180066
204.384125 398.494415 18.405811 -4.374180
218.499252 300.310181 14.950855 -1.385897
233.327713 346.713928 18.032942 -1.457024
233.327713 346.713928 18.032942 -4.202508
77.319809 234.179718 18.593420 0.363610
77.319809 234.179718 18.593420 -0.396864
364.528137 412.128235 17.968452 -3.295408
369.490906 512.925415 18.581398 -1.512107
369.490906 512.925415 18.581398 -3.090675
139.278625 76.386436 29.085320 0.919335
160.963470 341.481140 27.064728 -4.615693
137.276657 75.675453 26.614273 0.968597
247.116882 76.634789 32.910419 0.946179
244.925781 282.520630 31.259670 -3.136228
325.063171 176.339615 31.250051 -3.396367
