36 268
44 265
46 8
47 12
49 14
50 273
55 18
57 20
58 21
59 323
60 24
61 23
62 26
64 289
67 475
69 30
70 251
71 31
72 32
75 33
78 37
79 39
80 48
82 46
83 51
84 49
85 50
86 303
88 57
91 62
92 59
94 58
95 59
96 60
99 314
100 68
104 74
105 72
106 657
108 317
110 13
113 328
114 85
115 88
116 82
119 330
120 90
121 484
122 92
123 333
124 94
130 103
131 381
132 101
133 102
135 108
136 109
137 110
138 107
139 104
141 358
142 111
144 116
147 115
150 122
153 118
154 121
155 123
158 125
159 126
161 127
162 131
163 129
164 130
165 128
169 132
170 134
173 136
174 137
176 141
178 142
179 713
181 242
188 225
193 381
198 391
200 154
205 395
207 165
214 168
216 175
218 179
220 754
222 187
225 181
232 193
233 668
234 185
235 192
237 197
240 196
249 207
251 434
262 222
263 221
274 226
275 227
282 545
313 267
315 264
316 468
318 268
323 278
324 277
328 281
329 22
330 280
332 285
333 484
334 288
335 290
336 34
337 287
339 490
341 35
342 38
343 487
344 295
345 291
348 292
349 293
350 294
351 297
353 298
354 301
355 299
356 302
357 304
358 305
361 311
362 67
365 316
366 70
368 321
369 319
370 323
372 324
373 325
374 326
377 78
378 329
379 332
380 336
381 335
382 343
383 342
384 341
385 339
386 340
387 344
388 345
389 350
390 347
391 346
392 348
393 349
395 353
396 352
397 354
398 351
400 524
401 355
402 362
404 360
405 359
406 357
407 365
408 366
410 368
413 369
414 374
415 373
416 372
417 375
418 376
419 377
421 379
422 543
424 381
428 389
430 390
432 155
433 392
438 404
439 557
442 402
443 403
445 554
446 177
450 406
455 415
462 203
465 425
471 431
472 204
476 199
488 591
503 467
504 466
508 472
509 474
510 475
513 476
514 482
515 479
516 483
517 481
520 486
521 38
522 488
523 491
526 493
527 492
528 498
530 496
533 497
534 502
535 499
536 307
537 500
538 503
539 501
542 505
543 506
544 509
545 504
546 508
548 511
549 621
551 516
552 631
553 518
555 517
558 521
559 519
562 520
563 523
565 356
566 525
567 528
568 526
569 527
570 529
571 693
574 641
576 530
577 531
578 532
579 533
580 536
581 537
582 538
583 539
584 540
586 542
587 544
592 548
593 397
594 551
596 555
597 556
598 552
603 407
606 413
618 573
619 574
627 578
628 579
640 479
641 499
646 257
647 602
648 604
650 605
653 606
654 608
656 610
657 611
658 615
659 612
660 618
661 620
664 622
665 623
666 624
668 625
669 626
670 627
671 628
672 629
673 630
674 633
675 634
676 635
677 637
678 638
679 639
680 640
682 642
686 646
688 647
689 651
697 658
701 430
703 664
704 575
708 580
712 674
715 677
716 676
718 678
719 679
721 680
722 681
723 619
724 621
726 682
727 683
728 685
729 686
730 688
731 689
732 687
733 690
734 691
736 692
737 744
738 693
739 643
741 695
743 697
746 700
749 704
751 705
753 662
769 720
771 719
772 721
773 722
774 723
777 724
779 725
780 726
781 727
782 728
785 731
786 730
787 732
788 762
789 733
791 734
792 735
793 738
794 740
795 741
796 739
797 747
798 748
800 750
806 754
812 669
814 758
815 759
816 760
817 761
818 762
820 764
821 766
823 742
826 767
827 769
828 772
829 747
831 775
832 776
833 777
838 781
839 782
841 783
843 784
844 785
845 786
847 788
848 789
849 790
854 756
856 796
858 797
859 798
860 799
864 800
867 801
868 787
870 713
876 806
878 795
879 815
880 809
881 810
882 811
886 817
888 820
889 821
890 820
891 823
892 822
