4.074235 444.698151 1.860037 -3.102593
5.957967 210.377579 1.826082 -0.018777
5.957967 210.377579 1.826082 -2.370835
6.536602 551.154297 2.007073 0.761043
8.241887 381.271576 1.959236 -1.793419
8.213467 564.800720 2.121303 -1.475407
9.476503 285.135040 1.842488 -4.185050
8.382721 400.576019 2.356443 -4.653427
9.303468 443.417725 1.895472 0.024146
9.303468 443.417725 1.895472 -3.053945
8.810053 505.082672 2.017348 -1.307075
10.022744 427.498016 2.182264 -2.998284
11.834580 619.568787 1.880710 -1.132530
15.745006 190.599762 2.025632 -4.490277
17.814613 262.984436 1.795559 -0.672621
24.008467 75.091881 1.932054 -3.825306
24.704618 27.097519 1.984326 -2.527099
28.228327 332.210449 1.986420 0.442401
28.932423 38.318375 1.929335 -0.477285
32.839844 359.869843 2.182938 -1.760650
33.433731 332.947662 1.899779 0.482569
34.705013 75.412437 2.065261 -4.385144
35.971695 482.125000 2.026250 -1.390938
38.001911 344.615417 2.049628 0.075943
43.147530 385.723114 2.045316 -3.220709
43.884476 116.026711 1.892230 -1.192101
45.028049 555.469971 1.832049 -1.551573
46.211830 90.875290 2.145412 -3.712380
47.168850 296.046478 1.982208 -1.438616
48.766567 390.197693 2.036100 -2.056154
52.055145 299.898285 1.898713 -0.456292
52.055145 299.898285 1.898713 -1.378002
53.753849 466.776031 2.074786 -0.058736
56.266369 82.293900 2.148151 -3.646153
57.404758 517.032776 2.252488 -1.420178
63.506752 61.234779 1.798617 -1.354734
63.851276 531.348511 2.176082 1.197007
65.719650 128.986328 2.166363 -1.174120
65.790054 551.792725 1.986777 -1.690029
68.550697 318.550446 1.960381 -0.387101
68.550697 318.550446 1.960381 -1.349426
71.247467 629.975586 1.771793 -1.018735
73.154243 210.186905 2.025507 1.068593
74.173065 472.789642 1.911109 -0.439575
74.173065 472.789642 1.911109 -3.050051
78.097206 399.794861 2.080065 -4.615530
77.552818 414.508636 1.988598 -3.146317
78.805763 115.906670 1.965289 -3.980278
79.074684 474.772827 1.929824 0.099908
80.485100 444.015015 2.203495 0.022981
83.893661 111.875435 2.224435 -3.955810
85.937515 83.054901 2.083752 -0.149112
86.425636 75.720055 2.191759 -1.300891
89.979599 260.308167 1.928488 -0.019091
89.979599 260.308167 1.928488 -2.410824
90.420265 591.227173 1.803546 -1.398905
91.167160 45.389549 2.267097 -3.356630
93.150604 318.990845 1.913492 1.300851
93.150604 318.990845 1.913492 -0.914357
92.661491 464.668701 2.151860 0.204101
95.559937 147.138794 1.940422 -2.174151
97.781128 90.464470 1.797322 0.508934
97.621475 43.026188 1.896145 -3.220664
98.826813 503.817383 2.029470 -4.346111
98.651497 520.004028 2.290290 -3.089110
102.799713 31.651953 1.976380 -2.102671
105.101112 37.241287 2.223091 -2.098824
104.906105 194.056656 1.918733 0.105323
109.672211 94.639091 1.817052 0.809011
108.847076 497.368988 2.034737 -4.560928
109.552742 64.769699 1.953585 0.891310
114.472328 339.000427 2.184515 -1.716728
114.374313 544.199219 1.834987 1.395240
116.887466 5.071301 1.859727 -3.497541
121.048553 83.634155 1.810766 0.875550
128.534286 76.495491 1.775509 0.935097
134.153625 30.984884 1.828109 0.767375
141.458374 466.244904 2.301359 -0.034001
142.326797 72.810738 2.106780 0.891906
142.836105 423.050720 1.926299 0.099524
146.415085 59.953918 1.812776 0.733330
145.970032 319.211029 1.912542 -0.874356
148.970963 72.953873 1.842974 0.754486
149.235153 166.686829 1.954959 0.225061
150.091690 97.426353 2.052768 0.506641
150.683487 442.624603 2.061769 0.489444
150.683487 442.624603 2.061769 -0.208855
151.626038 54.939770 2.121503 0.740547
153.034256 35.919243 1.837912 0.557174
153.136810 359.057587 1.934554 -1.393907
156.550049 186.463104 1.742954 -0.866661
159.050812 47.907749 2.180667 0.817726
159.448120 206.077164 1.821106 -0.955165
161.088837 386.122345 1.983593 1.529746
160.708954 419.538574 2.012511 -3.123182
166.046402 40.774521 2.089614 0.770517
168.205765 185.065506 1.946014 1.420255
169.567078 11.882876 2.024989 -2.598252
170.025024 175.434631 1.941669 -4.643102
171.451096 384.624420 1.793866 1.423158
175.299545 429.797760 1.901271 -0.894188
175.299545 429.797760 1.901271 -3.523033
176.903000 31.174631 2.140705 0.827326
180.440582 514.771851 2.020979 1.285644
180.664520 460.354340 1.929704 -1.986317
181.126053 564.701294 1.877994 -1.963818
181.880051 384.221252 2.239406 1.467809
183.655258 175.391312 2.034945 -4.283203
186.176193 86.616524 2.223616 0.806952
186.176193 86.616524 2.223616 -0.851599
187.692795 382.895264 2.263880 1.515859
189.930099 179.354004 1.944706 -2.407202
189.398224 537.116455 1.812099 -1.140600
190.967453 132.083786 1.871006 -4.416017
193.334778 565.110046 1.845723 -2.169846
196.692642 90.093361 1.980821 -1.296827
199.587646 319.430023 2.253878 -1.419654
199.587646 319.430023 2.253878 -3.169340
200.322006 276.421051 2.116574 -3.221923
199.625519 305.987732 2.125660 -3.143399
200.576660 420.579590 1.870727 -3.063098
201.545334 188.105270 2.247778 -2.703746
205.545380 192.593170 1.908496 0.304800
205.976151 583.768188 2.253067 0.617987
206.792496 268.822601 1.892082 -0.636315
206.792496 268.822601 1.892082 -3.444846
212.611496 234.094818 2.046767 -0.060466
213.260757 587.874512 2.176275 0.509982
217.212204 215.029892 1.906752 -1.295077
217.212204 215.029892 1.906752 -4.333924
222.273773 6.166832 2.079359 0.632693
223.269455 329.632080 2.228532 -1.414982
224.810303 381.467865 2.079008 -0.791348
227.045639 345.186035 1.923444 -0.162030
228.305984 102.882591 1.896350 -0.965882
231.104584 331.022827 2.114996 -1.365827
231.703506 349.081421 1.873859 -0.187438
233.705261 608.065552 1.977796 -1.136806
234.818100 59.297920 2.022034 -3.230230
236.786819 332.241302 1.939863 -2.435088
236.786819 332.241302 1.939863 -4.094397
246.664810 38.984154 1.992085 0.454828
254.806915 63.856659 1.851950 0.102390
256.133301 249.239456 2.085804 -0.317097
256.133301 249.239456 2.085804 -2.441616
256.485168 110.120682 1.805711 -0.129260
257.836975 492.724213 2.064420 -0.252198
259.402466 144.393082 2.020852 0.189453
259.982758 625.243652 2.034039 -2.417818
261.683929 414.927704 1.789042 0.209270
263.501648 89.162735 2.189961 0.668809
266.209534 388.565399 2.022958 -0.706436
267.094910 418.520264 1.960078 -0.014168
266.978729 529.530640 2.086157 -0.266909
269.081177 300.174042 2.088200 0.305625
268.926056 458.978668 1.972109 0.467012
271.164032 341.978088 1.860710 -0.589693
274.643921 195.043213 2.220242 1.112174
275.793610 39.219372 1.942792 0.338488
274.643921 195.043213 2.220242 1.112174
275.488678 418.265564 2.062980 -0.005862
275.814728 544.736023 1.813189 -1.217207
276.044281 568.788513 1.769747 -4.450927
278.807251 68.094215 1.785155 0.124091
281.617371 307.286133 1.902849 0.288662
285.338928 526.505188 1.828130 0.562599
285.338928 526.505188 1.828130 -0.377838
285.055389 535.597656 1.726800 -0.802567
286.058990 301.943573 2.178749 0.302318
287.325928 133.237640 2.116028 -0.439959
287.325928 133.237640 2.116028 -2.738955
287.325928 133.237640 2.116028 -3.504401
287.418823 247.055817 1.850467 1.412701
287.418823 247.055817 1.850467 0.038936
291.063293 207.870239 1.827904 -1.348219
291.262177 530.506042 1.972461 -0.500516
297.525513 28.003531 2.037287 -2.530462
300.083801 420.584137 1.891521 -0.965985
300.441376 182.977554 1.719101 1.492824
302.239929 562.292969 1.768996 -1.585480
304.707825 604.179504 2.071591 -2.936173
306.973785 35.680344 1.947153 1.087411
309.843811 173.281876 2.059494 -4.250491
310.313232 343.103729 1.978776 -2.770183
310.172729 608.451782 2.150238 -0.427030
311.213165 116.026672 2.042733 -3.824877
311.773712 38.910419 2.022434 1.088811
311.773712 38.910419 2.022434 -2.625960
311.657532 628.766968 2.167120 0.523983
313.577850 276.235901 2.254633 -1.745935
314.922241 193.028870 1.873140 1.150623
316.027161 270.109070 1.947496 -1.829306
317.027374 43.822243 1.995556 0.963486
317.027374 43.822243 1.995556 -2.634601
317.873718 484.911469 2.280235 -2.478880
318.157104 621.927185 1.888919 -3.257447
319.229034 236.966934 2.046675 -3.236987
321.843994 509.188629 1.959870 -1.707680
323.657867 57.744850 1.860227 -2.619157
322.404541 609.218628 1.749228 -0.415330
323.871216 635.674072 2.125922 -0.028057
326.204193 45.722996 2.267591 -3.981809
326.783966 104.134895 2.073208 1.086038
328.417542 624.045776 2.006294 -0.144022
331.157013 318.907288 1.961273 -2.522836
332.769226 575.979431 2.136666 -4.533026
332.923615 620.645386 1.892345 -1.455370
332.923615 620.645386 1.892345 -4.225066
335.859436 166.098648 2.027988 0.689821
338.964142 210.535751 2.153439 -2.990029
341.185394 164.117065 2.166512 1.032121
342.933838 79.601448 2.087639 -2.731329
342.933838 79.601448 2.087639 -4.417736
344.573029 241.019684 1.891824 -4.638547
344.372345 632.499329 1.733034 1.023577
344.372345 632.499329 1.733034 -2.750621
347.823334 290.840759 1.805477 -1.691061
347.823334 290.840759 1.805477 -3.066125
350.251831 6.237349 2.017107 -2.911769
350.251831 6.237349 2.017107 -4.466997
351.491638 407.240417 2.024259 -0.929193
351.491638 407.240417 2.024259 -4.516863
357.006073 2.589636 2.046478 1.386565
357.006073 2.589636 2.046478 -3.042563
356.771942 155.882187 1.736525 1.168728
357.185364 520.555420 2.068842 -0.643383
357.185364 520.555420 2.068842 -2.485915
358.064178 291.593658 1.996284 -3.502775
358.816498 346.061859 2.115080 -1.932081
360.470306 546.114441 2.044817 -1.248690
362.349915 257.975616 1.872550 -4.069014
364.808777 109.757988 1.841815 -3.404304
366.213623 119.145172 2.088372 -3.233127
371.779785 572.615234 2.121007 -1.432944
372.691010 597.028015 1.978420 -0.124323
372.691010 597.028015 1.978420 -1.137536
374.195526 228.344559 2.050357 -3.088922
382.198120 135.967865 2.124429 -0.285072
382.423553 7.816122 2.063392 -4.352778
383.340363 53.447720 1.828337 -0.168142
383.340363 53.447720 1.828337 -3.404808
384.817261 313.928162 1.790495 -0.013334
384.734222 62.643116 1.851253 -3.927792
395.693939 60.426102 2.110644 -3.606788
401.654816 64.289841 2.012018 -2.909747
401.503723 336.366089 1.792679 -0.116103
403.486450 86.836891 2.149940 -3.529197
406.706329 234.127396 1.869426 -0.316514
408.954163 32.835812 2.138248 -4.048825
412.252197 103.642776 2.161359 1.566191
413.161713 469.652435 2.052491 -3.226666
413.636841 269.646454 2.395483 -3.216119
415.014832 30.971571 2.018704 -3.982938
417.389893 635.956970 2.238548 -0.139285
419.460876 14.802432 2.400281 -4.457962
419.498474 255.037872 1.890628 -1.417478
418.900879 467.809418 2.059655 -3.208000
420.764557 209.629654 2.027285 -0.738358
420.764557 209.629654 2.027285 -4.692598
422.986542 43.768597 2.179430 1.402846
5.503811 81.408081 2.979443 -4.312658
7.442672 102.337219 2.446868 -4.325085
6.355345 317.319550 2.669973 -2.005720
7.401115 392.733154 2.537763 -4.515149
7.006718 410.360443 2.358368 0.925277
9.057562 245.264938 2.356687 -0.728971
9.750826 235.660980 2.421426 0.081504
13.886057 320.294556 2.511559 1.147208
16.068172 447.556519 2.716422 0.004944
16.068172 447.556519 2.716422 -2.915938
17.232580 428.732483 2.644027 0.158442
17.232580 428.732483 2.644027 -3.122285
18.104525 28.247839 2.252754 -2.555396
20.022463 35.902267 2.380228 -2.457354
22.337894 227.377090 2.554742 0.548132
22.337894 227.377090 2.554742 -3.584910
23.432314 521.568787 2.823862 -1.629473
25.532921 314.374329 2.744227 1.102911
33.484695 359.420502 2.375209 -1.717626
34.172432 398.615814 2.809187 1.503963
34.857910 32.734177 2.595850 -1.122205
38.319809 419.975983 2.793784 -3.250205
43.127426 356.772156 2.438141 -1.765444
44.725380 607.387939 2.676206 -1.224897
45.935272 166.507523 2.625549 0.872182
47.813641 505.711853 2.476342 -1.353553
49.991688 567.924500 2.429431 -1.562710
51.259171 228.797989 2.315695 -3.385149
51.567585 69.077988 2.399683 -4.011869
54.434074 191.830368 2.531868 -4.564975
63.342583 238.087067 2.476634 0.337359
64.013985 394.278381 2.617002 1.327012
65.613350 357.132141 2.694448 -1.773712
66.036896 381.200623 2.605427 0.153734
66.283234 26.599964 2.675810 -1.121795
68.826843 317.553833 2.357000 -0.695599
73.298172 125.820953 2.478543 -2.142849
73.278557 357.316040 2.572490 -3.881890
75.329773 481.023682 2.691780 0.134264
74.945580 565.033325 2.834062 0.963474
78.010162 131.220444 2.618493 0.810301
77.910088 328.131958 2.380612 -0.415225
82.926804 393.668274 2.386312 -2.143073
86.323402 129.445541 2.629210 0.721787
86.207108 472.438660 2.738149 0.078350
86.490593 614.805237 2.433856 -0.151525
88.510994 57.818996 2.622481 -2.010642
89.195992 559.460999 2.632250 1.246432
96.080772 628.537170 2.778618 -1.384264
97.784943 54.354916 2.490072 -2.082852
97.784943 54.354916 2.490072 -3.294036
98.985931 199.035751 2.266853 1.547203
104.262924 121.869308 2.266001 0.838129
104.262924 121.869308 2.266001 -2.079020
108.542549 615.194946 2.361851 -0.960397
109.724716 129.888611 2.353908 -4.512468
112.390205 608.538208 2.756951 -0.848126
114.553467 60.194931 2.288901 1.178814
115.979469 528.671570 2.679305 -1.666116
115.445572 601.695984 2.545858 0.970593
119.097168 231.744904 2.837543 -2.180683
122.865540 589.963745 2.393811 -4.698148
131.656387 82.111954 2.572629 0.524996
132.552826 231.318985 2.230268 1.191470
136.698715 286.132690 2.354113 1.283438
136.698715 286.132690 2.354113 -1.970672
142.874878 459.798340 2.615181 -0.022890
146.288330 201.663269 2.487033 -3.236164
152.526337 116.437790 2.481073 -4.203991
154.466736 129.384476 2.478537 -1.179591
153.383392 155.967300 2.415449 1.512069
157.111954 278.232605 2.406697 1.145379
159.808640 119.956718 2.347660 -4.368378
160.781006 399.636108 2.538886 -3.166089
161.011475 375.263306 2.791540 -4.660797
162.986679 10.312030 2.464231 -2.545419
163.416656 275.673889 2.355881 1.093689
163.416656 275.673889 2.355881 -1.852804
164.392197 513.043640 2.571382 0.925195
164.392197 513.043640 2.571382 -3.801828
167.092621 221.780670 2.686788 1.101585
168.059906 122.795433 2.432684 -4.393625
170.005447 37.550133 2.390484 0.812089
169.014191 273.493469 2.409880 1.142263
169.014191 273.493469 2.409880 -1.881242
172.083633 446.027954 2.666368 0.562490
174.583420 278.594574 2.616037 1.238347
174.904709 293.146759 2.706887 -3.138667
174.769104 304.634979 2.759355 -3.099898
178.725372 38.324013 2.549287 0.824061
181.360092 412.782990 2.623818 -1.949206
182.791046 139.729721 2.472690 1.354494
183.833588 24.079828 2.272460 0.800759
186.126862 111.158829 2.669842 -0.831503
186.469711 372.289001 2.359102 -3.956048
188.078430 102.896515 2.857029 -1.582853
191.928696 463.408325 2.440094 -1.476785
192.351944 15.628014 2.179139 0.851183
193.301880 402.412659 2.782619 -2.815838
194.293793 186.118988 2.720798 -3.246039
194.695190 23.477293 2.650246 0.864651
197.635788 10.611481 2.369127 1.022514
197.970886 374.768921 2.751315 -4.244857
199.927429 202.578903 2.744440 -1.158415
205.125900 72.627457 2.546595 0.122141
205.125900 72.627457 2.546595 -3.552631
206.025940 211.003098 2.806425 -0.908283
206.302673 256.861053 2.410491 -2.513971
207.974014 570.659668 2.398320 1.334079
216.339905 270.677795 2.591552 0.828807
215.405899 327.696014 2.500571 -1.118291
221.023621 632.803833 2.639444 -1.269962
222.287827 252.199020 2.920926 1.029385
224.043961 32.085175 2.533198 0.110564
229.742416 248.772079 2.614752 1.164161
229.742416 248.772079 2.614752 -1.888349
235.037689 78.341171 2.308538 -3.227807
236.451981 269.936768 2.790642 -3.242464
240.068298 497.125641 2.451493 -3.407084
248.813019 61.035397 2.301859 0.502941
248.813019 61.035397 2.301859 -3.101877
254.611664 294.190826 2.162911 0.487818
255.901291 413.360199 2.417880 0.198850
260.428406 233.293030 2.673673 -2.269560
260.943848 407.075104 2.687517 0.021681
261.021790 548.015747 2.365419 -0.770709
264.320953 200.697342 2.379834 1.140402
265.018677 361.032990 2.635248 -0.346831
267.395813 135.321320 2.677695 -0.142526
266.478851 387.815521 2.208965 -0.701426
268.265808 327.922943 2.663327 -0.177863
268.160980 465.683136 2.513999 -0.022302
269.793152 219.532654 2.453072 -1.635077
272.784943 479.905853 2.531268 0.028530
273.082672 539.177795 2.285821 -0.578988
275.058868 335.733215 2.791298 -0.501324
274.850128 472.241638 2.601461 -0.125963
276.044891 301.542267 2.586643 0.297412
280.998291 151.439865 2.474779 0.818264
283.950256 289.667725 2.436305 0.301325
284.924377 22.587841 2.388618 0.594886
289.181946 323.171265 2.820412 0.690326
289.181946 323.171265 2.820412 -1.283740
290.830048 54.920807 2.681394 0.481505
293.985443 259.685211 2.855632 1.133628
294.079987 625.402344 2.357441 -1.158247
295.355927 334.866943 2.441137 0.346508
296.330658 371.811188 2.291527 0.890193
297.107025 57.906719 2.381559 0.470398
298.643982 516.529602 2.884691 -0.216826
298.643982 516.529602 2.884691 -3.014088
299.255951 119.800797 2.519565 -0.198336
303.696991 113.970047 2.342067 1.345721
303.696991 113.970047 2.342067 -0.248184
309.297791 147.709000 2.395111 -1.599126
314.651794 543.338196 2.402262 -1.632605
316.168701 18.477762 2.176402 -3.336953
317.240326 425.804901 2.631229 -0.085389
317.722656 125.554001 2.369980 -3.224158
320.574951 434.516022 2.283814 -1.107554
321.102356 92.674896 2.474173 -3.562449
320.781952 258.490326 2.631455 -3.196990
326.511841 125.437340 2.494113 -0.140065
326.511841 125.437340 2.494113 -3.873692
328.383057 157.556274 2.761662 -1.267463
329.177460 20.054075 2.428196 -3.983770
330.057709 334.115875 2.315540 -3.578795
330.676666 109.124359 2.279638 -3.223643
330.858185 219.561066 2.543082 -0.267047
330.858185 219.561066 2.543082 -3.007536
331.220459 565.968994 2.519437 -1.267777
336.599823 11.350558 2.586428 -3.394190
337.633240 569.008850 2.882716 -1.275800
338.591003 433.426117 2.424963 -2.526969
345.488556 545.415894 2.412586 -1.185457
346.534027 42.098354 2.440617 -3.268067
349.946503 334.163879 2.415104 -1.781489
349.946503 334.163879 2.415104 -4.233116
352.855743 24.431822 2.268308 -3.181591
355.693115 301.566956 2.443846 -2.955898
363.499146 332.490173 2.633360 -2.857244
365.592560 475.168762 2.515396 -3.293179
370.306122 367.990051 2.791579 -3.884439
385.508484 585.061951 2.250973 -1.022165
390.929230 560.248047 2.811969 -3.042819
391.544556 93.172325 2.878529 -3.484402
399.825775 116.511818 2.695071 -3.252904
401.248260 33.216244 2.396927 -3.974669
401.958618 5.831297 2.467383 -3.722561
408.866821 186.733688 2.510656 -3.168154
411.229767 85.772942 2.678268 -3.794135
412.933380 6.063003 2.402840 -4.221703
414.324768 240.732208 2.529807 -0.023098
413.746704 378.039459 2.301310 -1.625162
415.912598 135.572220 2.507775 -4.015497
416.939972 185.064423 2.280554 1.332297
418.149597 86.729248 2.364880 0.717027
418.149597 86.729248 2.364880 -3.753658
417.934509 445.011658 2.585588 -3.202083
418.408142 176.360306 2.370587 1.393462
419.626373 266.682617 2.572475 -1.541381
419.626373 266.682617 2.572475 -3.130265
420.106018 517.880005 2.348967 -4.305901
5.293596 317.149689 3.005908 -1.952882
8.759448 178.657318 3.318109 0.625741
8.759448 178.657318 3.318109 -3.482564
9.720377 40.093006 3.198107 -2.501557
10.226691 374.235260 3.228442 -1.928740
13.508055 572.139465 3.056053 -1.477361
14.089138 76.806686 3.300173 -3.830544
16.530277 87.559250 3.183016 -4.273151
18.097975 297.226807 3.395267 -4.121293
20.435526 96.501511 3.187527 -4.417469
22.098528 547.730347 3.296130 0.888301
22.098528 547.730347 3.296130 -1.210870
26.831221 562.279724 3.330703 -1.609056
30.285929 419.766418 3.249139 0.337658
30.285929 419.766418 3.249139 -3.284235
33.056843 407.203308 2.966056 1.516705
33.130421 544.960938 3.379999 0.857291
35.687267 488.880432 2.862378 -1.444308
37.014198 24.147301 3.375750 -1.031329
36.703434 365.401123 3.028242 -1.755775
43.340931 138.234985 3.077048 0.806467
55.419453 395.266998 3.295212 1.306147
55.026680 360.565918 3.636293 -1.803103
56.843945 498.354614 3.096534 -3.355017
58.763466 481.192078 3.069109 -3.047872
60.552563 25.528004 2.828434 -0.987956
60.552563 25.528004 2.828434 -4.456497
63.618233 213.713165 3.167088 -1.087217
66.440468 576.643188 2.836642 -1.487007
66.916229 476.969879 3.063119 -3.085535
66.371841 568.391968 3.213972 -1.468478
73.561440 358.098022 2.720497 -3.891995
74.946648 556.643494 3.065901 -1.606435
76.914963 574.062683 3.207628 -1.296132
78.847076 33.588329 3.112430 -1.492661
81.101868 493.645325 3.026784 -1.449023
84.747673 376.250580 3.353337 -3.281396
87.258316 520.942261 3.090159 -1.360067
89.272263 28.558367 2.865139 -1.882739
92.006828 36.991459 3.196494 -2.005603
91.980431 621.359619 3.114392 -1.266375
92.644676 365.256317 3.120295 1.460247
93.712143 492.629120 3.225894 -1.807711
97.767059 518.095947 3.015994 -3.019186
99.182007 374.891968 3.009222 1.411094
101.137779 155.233994 3.387198 -0.321498
104.864601 238.447174 3.044590 -1.516842
105.814041 177.770477 3.102828 0.689417
115.351463 527.735901 3.040330 -1.772589
124.835915 250.863342 3.031737 0.182544
137.326233 503.637054 3.112489 -0.929308
139.223129 581.682129 3.566295 -1.684705
139.821716 80.563484 3.052180 0.600091
153.245224 287.966461 3.219584 0.951871
156.919556 87.986610 3.140300 -1.111606
167.097061 420.958801 2.929437 -3.082412
170.958740 605.232300 3.077665 -2.208958
172.395462 99.192856 3.119701 -0.442236
179.293060 270.102600 3.270293 0.924159
179.293060 270.102600 3.270293 -2.181270
180.583038 571.136047 3.080526 -1.950625
186.409393 204.523407 2.837730 -1.956769
198.498993 383.371307 3.312594 -4.053272
200.732956 546.461487 3.312960 -2.884431
203.533371 15.757769 3.182793 0.735830
212.364136 14.966472 2.991649 0.529984
216.731232 349.385986 3.227771 -0.283411
216.731232 349.385986 3.227771 -1.400679
222.929733 120.470436 3.257286 -0.207543
224.669952 200.335373 2.987413 -3.248208
224.942139 361.505219 3.171308 -0.445901
224.942139 361.505219 3.171308 -1.425676
227.541245 259.488068 3.176875 1.027999
234.551193 115.094528 3.198962 -3.158768
235.649841 184.388000 3.074905 -3.196274
236.230179 255.946274 3.332574 -3.092591
236.406113 270.840576 3.141158 -3.248293
236.310669 358.256195 3.111495 -2.545973
239.659744 555.186462 3.674511 -3.032395
243.592026 343.169495 2.692473 -3.196360
248.093262 395.115051 3.213850 -0.792571
258.863647 159.290543 3.143730 0.992482
265.575684 184.074707 3.667879 -2.024481
268.556427 79.582863 3.075545 0.478710
273.359161 552.864380 3.031276 -1.552756
281.264221 446.218628 3.132262 0.037630
281.855988 630.275818 3.426803 -0.726685
284.829834 314.608490 3.040476 0.069398
286.248566 565.089661 3.317389 -4.398913
287.352936 356.798004 3.236223 -0.561111
287.352936 356.798004 3.236223 -1.910752
288.149841 174.237854 3.468806 -2.232986
288.149841 174.237854 3.468806 -3.219387
289.120667 405.569031 3.030377 -0.360234
298.202423 532.624756 3.184068 -0.755595
298.202423 532.624756 3.184068 -2.580616
298.850189 75.551399 3.512189 0.961997
298.489258 557.731689 3.077895 -1.507471
305.711426 15.805382 3.525751 -3.668793
305.711426 15.805382 3.525751 -4.400329
306.389160 65.162781 3.184018 1.481199
309.589172 124.332504 3.201807 -3.292457
309.960083 515.331543 3.397220 -1.621575
309.960083 515.331543 3.397220 -2.768950
321.852966 7.632141 3.049965 0.637315
321.852966 7.632141 3.049965 -3.516751
324.607574 490.146881 3.341048 -2.302605
327.813812 444.633728 3.633629 -3.082925
335.735962 465.059479 3.189655 -2.729831
337.412811 294.500092 3.270457 -2.057031
337.338623 568.312195 2.988185 -1.268893
337.680145 559.134888 2.962389 -1.311689
343.467010 18.981956 3.450991 -3.372713
342.899689 347.802368 3.488363 -2.374078
348.269592 626.936157 3.121663 -0.797320
348.269592 626.936157 3.121663 -3.238583
349.026215 568.498413 3.533128 -1.255447
352.065338 352.735535 2.840016 -2.472563
354.690674 619.887024 3.576992 -3.150783
356.253479 396.073547 2.947847 -3.137722
355.992188 496.790375 2.968972 -3.459875
360.907043 293.394867 3.344421 -2.996752
367.697662 462.165314 3.320976 -2.644754
374.012573 482.156830 3.072671 -3.010069
376.652283 340.589020 3.299274 -2.334790
381.494141 573.259583 3.059812 -1.101869
389.076416 544.528198 3.658549 -2.974116
389.889496 593.895752 3.135091 1.299644
389.889496 593.895752 3.135091 -0.788983
391.494995 50.945885 3.094307 -3.655766
400.872070 22.761703 2.864139 -3.769142
409.898651 173.275925 2.982231 -4.088990
415.113007 403.021118 3.138545 0.046176
415.113007 403.021118 3.138545 -3.229357
417.384644 223.789459 3.340602 -4.580193
419.022675 334.762360 3.070792 -0.607160
11.789228 370.828156 5.325137 -2.050887
28.097729 189.374390 4.306793 0.718322
32.744530 265.829926 4.137683 -0.574104
36.588261 231.154114 3.548474 0.225725
37.137409 455.373871 3.806991 0.101431
38.783623 436.934753 4.220404 0.234581
46.928150 278.133942 3.801150 -0.777211
54.822132 360.705658 3.667747 -1.788211
65.562019 37.353188 4.199347 -1.568291
64.589554 587.700134 3.854065 -1.260505
66.250565 487.950043 3.783426 0.090281
66.250565 487.950043 3.783426 -2.755080
74.805260 386.476654 4.176883 0.031260
78.786057 23.413406 3.997742 -1.447896
78.199036 583.958740 3.765983 -1.109428
81.214523 45.678753 4.408230 -1.805948
84.945450 280.339325 3.945500 -1.117140
84.945450 280.339325 3.945500 -1.696044
94.819710 272.545502 4.282125 -0.953193
96.368088 186.849503 4.362381 -0.579930
100.913536 27.545366 4.218763 -2.211421
102.690735 399.407501 4.250258 -3.231121
109.379951 148.297836 3.796316 -0.445403
111.125175 483.046692 4.514795 -3.033575
113.863014 599.163391 4.265313 0.609311
131.932037 376.137543 4.607568 0.074064
131.932037 376.137543 4.607568 -4.691060
130.552429 397.570526 4.373968 0.143901
134.925278 240.683411 4.162773 1.040952
139.058319 294.991638 3.764984 -0.700439
143.764877 366.761810 4.152975 -4.633428
151.290085 137.462463 3.666728 -4.347433
157.766052 165.058884 4.253435 1.438438
157.808807 351.336212 4.328215 -4.498841
173.466583 262.042236 3.897449 -2.214640
186.233490 72.171112 3.717414 -2.502628
194.438522 336.455475 4.303628 -1.447183
196.439545 252.561111 4.508998 -1.958985
197.310959 372.241364 4.387313 -4.141879
205.209396 343.227112 3.882059 -0.494265
205.209396 343.227112 3.882059 -1.276601
208.683701 562.612976 4.412504 0.162316
238.198853 552.267029 4.884487 -3.048744
245.575882 263.392029 4.785084 -3.153408
245.479553 378.193268 3.987358 -0.803608
260.803314 126.142784 4.101010 0.142516
264.586792 267.946411 3.774627 0.031677
265.228333 359.320526 3.563345 -0.272227
269.427917 562.878357 4.344598 -1.614692
275.553558 475.352173 4.294238 -0.114277
277.762634 44.880478 4.293957 0.242378
276.879211 264.374298 3.728245 0.127021
298.504669 238.720047 4.222467 0.012488
305.891876 15.867683 3.391290 -4.394733
305.856140 498.814362 4.176089 -1.049102
318.701202 181.032974 3.802178 -4.523951
326.042969 49.384609 4.552724 -3.301539
327.708649 444.585388 3.638100 -2.987038
328.482056 403.743561 4.255705 -3.469784
330.424622 91.412033 3.827996 -3.582583
332.662750 236.317764 3.573771 0.329451
332.662750 236.317764 3.573771 -3.414512
333.920654 629.908752 4.134178 -0.143772
338.414459 474.584747 3.830623 -0.076150
338.414459 474.584747 3.830623 -3.000274
342.579681 347.562653 3.688992 -2.520385
348.373657 102.744026 3.812065 -3.385596
351.492218 267.884827 3.603734 -3.347054
354.279449 596.364685 4.220634 -4.246266
354.642853 636.633545 4.656612 -3.192392
391.713989 569.655823 3.611784 -1.168948
391.216797 594.199829 3.528929 -0.542881
415.364380 387.276245 3.776629 -0.078557
419.486420 211.919403 5.225753 -4.522808
13.050600 386.117432 5.619466 -1.999828
14.547342 468.726715 5.829310 -0.023715
33.690945 571.756226 5.041805 -1.555476
37.929012 79.314735 5.490317 -4.158825
59.907124 346.881073 5.188324 -3.807269
70.676117 602.276428 5.898564 -1.101897
83.493439 246.087097 4.699921 -4.008778
95.280724 15.126716 4.841134 -1.576309
121.189980 263.069305 4.849945 0.250205
133.072220 276.243958 5.075850 0.170686
148.238281 12.986028 5.015044 -2.248282
153.995392 507.256439 4.648360 -1.052134
163.905289 111.547592 4.927700 -4.403719
166.755432 575.837646 5.075686 -1.702434
168.963837 314.214935 5.104206 -1.485680
170.311478 441.444427 5.071905 -3.200899
175.199310 508.262177 4.637960 -1.465112
181.873077 448.387939 4.629120 -1.726346
214.764542 201.857498 5.226305 -0.626697
245.539871 245.188110 5.432068 -3.081527
264.511780 16.391682 4.957745 1.138223
264.274628 377.948212 5.013894 -0.636332
289.229126 270.837555 5.485663 0.119986
289.229126 270.837555 5.485663 -1.746541
292.035461 352.707001 4.740986 -2.294714
301.901886 98.080063 4.795154 -3.859205
306.041718 297.405273 4.894283 1.269660
309.241180 467.460419 5.094374 1.046763
309.241180 467.460419 5.094374 -0.255020
315.297180 483.020905 5.483714 -1.134404
322.724884 290.951813 4.527954 1.123739
325.152771 151.945465 5.261877 -1.117203
336.911835 262.959656 4.681559 -3.224699
339.456421 282.314850 5.164010 -2.401065
338.219818 418.927246 4.982355 -3.214576
345.109985 333.439606 5.280150 -2.433332
345.427307 448.149445 4.870611 -2.948387
364.654572 323.240387 5.224618 -3.134181
368.872375 270.229767 4.482705 -2.984255
374.758759 370.065002 5.127467 -3.493834
384.467010 132.587601 4.399922 -0.190099
386.477692 155.153671 4.692831 0.048648
403.170593 73.986649 5.267112 -3.781707
2.071078 581.299316 6.680215 -1.236835
12.063398 182.782730 7.157585 0.814742
13.911921 367.670837 6.691791 -2.515137
14.775627 68.422112 6.209174 -4.107402
19.842598 317.580811 6.308354 1.272357
37.025711 106.854774 6.165826 -1.409167
37.025711 106.854774 6.165826 -4.449961
42.823795 614.401367 6.138908 -1.210022
58.976971 114.088654 6.738375 -1.170219
58.976971 114.088654 6.738375 -4.133827
65.210716 178.423065 6.195058 1.557686
65.210716 178.423065 6.195058 0.228561
65.180801 330.482941 6.673827 -3.910750
69.323975 620.521729 6.031340 -0.982475
68.701530 153.576721 6.606060 0.822940
81.822189 316.044373 5.893049 -0.747330
104.869659 260.295959 6.297410 1.535621
105.444183 330.928497 6.372466 -1.595719
155.443024 243.642990 6.406190 1.147653
166.509415 575.741333 5.482154 -1.684088
176.514847 587.261353 5.967098 -2.326751
178.619598 192.184662 6.821057 -1.914561
191.358902 494.696777 7.005147 -4.509087
194.266434 277.367126 6.077814 -3.393926
194.171158 314.297211 6.134012 -1.416697
193.910812 593.456116 6.359964 0.278784
208.480530 559.682495 6.875793 -0.058717
232.730774 234.762970 6.039606 -3.182381
233.880341 352.299683 7.332101 -0.968920
233.880341 352.299683 7.332101 -2.860459
245.419296 174.258102 6.495862 -3.187803
247.484482 199.030258 6.286123 -3.236910
247.910812 265.935760 6.417808 -3.183163
304.181061 281.083160 5.758700 -1.878813
325.396881 150.598755 5.810389 -1.154125
347.081573 138.640579 6.397325 -2.322912
348.444031 380.127869 6.418274 -3.390190
350.227966 609.734985 6.779979 -4.123445
387.871613 158.401550 5.759717 0.045276
14.867559 274.744049 9.718893 -0.655233
22.996090 594.228577 8.287200 -1.189054
45.310333 273.536865 8.539594 -0.763984
52.395847 343.855713 8.343308 -3.922754
59.266529 200.461288 7.739879 -0.927500
84.239723 512.647217 8.591986 0.094157
96.460678 132.253296 7.972096 0.879060
105.439560 329.741913 7.159947 -1.500409
116.781853 294.771179 8.154292 -0.680382
150.380768 525.279480 8.042949 -1.027897
184.976151 388.556854 8.446706 -4.095338
228.670471 92.146729 8.384510 -3.236136
229.963638 308.227356 8.842877 -3.000434
230.962646 282.710602 8.041601 -3.174178
233.754135 351.443939 7.416790 -1.089553
233.754135 351.443939 7.416790 -2.720840
233.007233 507.661224 8.465446 -3.252378
250.288925 197.991013 8.375367 -3.240717
311.470673 356.540131 8.579614 -2.206143
315.781464 163.743225 7.946177 -1.209706
315.781464 163.743225 7.946177 -4.633111
317.555939 521.129517 7.331143 -1.360002
363.465179 448.134918 7.653675 -3.164644
388.475250 127.854645 8.059946 -0.113535
25.288712 49.069614 9.741302 -4.029774
54.185371 40.717915 9.426321 -1.338255
87.560577 347.803162 11.135795 -4.002902
182.682327 473.578491 9.901791 -4.380798
224.197708 163.426712 11.007095 -3.207834
226.309189 419.621948 11.287039 -3.474479
231.472061 581.046997 10.597231 -3.130224
288.290192 342.872223 10.815976 0.037929
289.953583 600.205383 11.337503 -0.069846
289.953583 600.205383 11.337503 -4.567256
295.497437 533.688721 10.533134 -1.438510
330.745758 43.347485 9.558308 -3.600494
369.539948 145.060165 9.379478 -0.045036
392.705750 169.729523 9.075871 0.031305
15.118013 353.360168 10.813678 1.433827
63.117596 39.583424 12.519340 -2.015228
87.832535 518.773987 13.736606 -0.140601
87.832535 518.773987 13.736606 -2.432449
149.356110 450.797516 13.661676 -2.981670
154.620972 231.249481 14.324846 0.934730
191.767227 422.970428 11.585264 -3.019190
253.355728 480.418762 12.248968 -3.148865
286.578644 29.191557 11.656807 1.517746
286.578644 29.191557 11.656807 -3.387779
312.965210 314.749481 12.415694 -2.628087
346.026215 537.332092 12.825573 -1.472830
33.903442 141.653854 15.446412 0.716139
36.789265 241.474579 15.949446 -0.598629
38.902523 387.450012 15.924254 1.326749
171.136215 300.111023 15.034814 -1.340534
183.401215 345.729126 17.376528 -1.409135
183.401215 345.729126 17.376528 -4.208286
264.689087 568.981873 16.736618 -3.125837
305.114471 33.885426 15.118601 -4.023232
306.400879 69.849884 14.404491 -3.850396
156.460022 397.303864 17.982288 -4.343579
319.391907 412.941681 18.759022 -3.257080
329.543701 512.760925 19.004644 -1.518007
375.757965 588.902893 21.115316 -3.907387
66.559906 441.296234 26.247887 1.508458
95.526817 73.841415 27.780317 0.936643
111.927597 340.328644 27.241161 -4.610091
197.870407 282.572144 31.322531 -3.065571
201.983719 73.273605 30.598715 0.958072
313.548157 162.490631 45.296562 0.068276
313.548157 162.490631 45.296562 -3.437763
295.022186 374.013184 57.395176 -3.285630
