31 634
32 635
33 524
40 634
51 288
53 290
55 3
57 291
58 5
61 10
63 16
64 47
67 297
70 18
72 298
73 20
75 26
76 28
81 34
82 30
85 309
87 524
88 35
91 277
93 38
94 37
95 313
96 339
101 43
102 44
104 46
105 47
107 48
108 336
109 51
110 52
111 50
112 53
114 55
117 343
119 345
122 61
123 62
124 344
126 503
127 64
129 68
130 69
131 79
132 358
133 71
136 76
137 78
142 641
169 115
180 108
181 122
185 123
189 124
190 392
196 129
197 139
200 134
201 135
203 153
206 144
211 161
221 167
225 180
226 170
227 171
232 780
233 188
238 192
240 198
241 613
242 734
246 199
249 208
254 203
259 437
262 491
316 22
321 495
323 305
324 304
327 308
329 311
330 315
331 418
332 312
333 320
334 314
335 317
339 318
342 45
343 330
344 326
345 327
346 324
350 333
351 331
352 334
353 339
354 340
357 335
359 338
360 342
362 59
364 348
365 351
366 352
368 350
369 347
370 356
371 353
373 359
376 361
377 363
379 82
380 641
381 734
395 372
398 378
400 379
404 388
405 610
406 381
408 120
411 386
415 132
417 400
419 399
422 796
431 401
433 152
435 158
447 202
450 205
503 490
506 614
507 488
508 491
509 492
511 493
513 496
514 497
516 502
517 506
518 509
519 510
520 508
521 512
522 513
523 514
524 511
525 516
526 519
527 518
528 522
529 523
530 354
531 355
532 524
533 360
537 529
538 528
539 527
541 526
542 525
543 530
544 531
548 536
550 540
552 541
553 543
554 544
556 546
559 547
567 551
570 556
571 656
572 561
574 152
578 565
579 566
580 406
582 569
589 577
594 428
595 581
597 426
619 694
621 616
622 617
623 695
625 698
626 699
627 697
628 620
631 622
632 624
633 623
634 626
635 630
637 632
639 634
640 635
641 521
642 525
643 712
644 640
646 535
648 807
651 647
655 655
657 656
658 658
662 657
669 570
670 645
671 579
672 199
682 696
685 700
686 702
688 701
689 704
690 705
691 628
692 708
693 711
696 719
697 720
700 723
701 724
703 726
705 767
706 661
709 729
711 643
712 669
713 732
714 670
715 773
716 735
733 752
737 755
738 756
739 757
740 759
741 343
742 758
743 760
744 709
745 763
746 764
747 710
748 713
749 712
750 722
751 767
752 769
754 768
755 773
764 798
765 781
766 782
767 787
768 786
769 785
771 764
775 791
776 792
777 789
783 800
784 801
785 802
786 803
788 804
789 805
790 807
791 668
792 793
800 815
805 819
809 799
810 822
811 823
815 826
817 827
823 831
824 834
