8.567533 347.536499 1.830670 -1.730778
9.991227 179.221451 2.058203 -3.396866
10.142051 254.042068 2.061431 -2.464143
11.789772 306.722046 1.925590 -4.259403
11.558301 314.675568 1.927312 1.477998
13.287502 523.300598 1.793143 1.231561
14.574941 510.677032 2.092275 1.560492
14.608413 44.028797 2.108269 -1.854156
18.048571 148.216339 1.929840 -3.423099
19.386700 136.701462 2.046070 -2.034951
19.715246 60.216412 1.904819 0.484990
21.197554 67.281639 2.400612 0.287175
21.219578 81.276825 2.177629 0.721075
21.923178 324.724884 1.843240 -1.290977
21.923178 324.724884 1.843240 -4.614535
23.499659 28.866806 2.121854 -3.224522
23.411926 474.296112 2.200046 -3.020762
24.688585 499.218964 2.146997 -4.583714
27.366573 411.481171 2.322693 -3.088511
27.821444 547.164795 1.859028 1.361535
29.957769 65.048424 2.244144 0.701238
34.055824 119.383873 2.134479 -4.483376
34.247444 183.233368 2.132266 -1.453387
42.190281 78.452148 1.845647 0.930242
42.190281 78.452148 1.845647 -2.308757
48.161327 73.226189 1.929889 0.933490
54.682381 21.072300 1.750385 -3.695424
55.884357 66.901733 1.873470 0.975551
57.420578 591.702637 2.263555 1.244670
66.977882 316.480835 1.986728 -0.979228
66.977882 316.480835 1.986728 -4.246343
69.828926 519.197083 2.177683 1.523633
72.557358 568.838257 2.004402 -1.541337
75.088753 51.503418 2.091309 0.789539
80.585899 46.869110 2.167046 0.780367
81.511002 5.409683 1.858611 0.491560
81.620117 384.920837 1.992262 1.534713
84.512619 201.518494 1.934339 -0.921251
88.204636 81.891937 2.014836 -0.994436
93.610519 321.002563 2.311502 -1.696722
94.066010 605.963684 1.797693 -2.409711
95.164124 342.313934 2.232054 -4.219094
95.385262 429.115356 2.143173 -0.788600
95.385262 429.115356 2.143173 -3.542879
95.802460 117.209236 2.278268 -4.302981
96.931290 514.870972 2.005759 1.136021
100.044281 460.478882 1.944232 -1.948354
102.923050 383.100281 2.245029 1.483500
106.371346 330.866669 1.973812 -1.834759
109.671829 381.896332 2.228022 1.530146
116.217056 82.042381 2.033141 0.772063
116.217056 82.042381 2.033141 -0.779184
116.648628 176.554733 1.771528 -2.391016
117.752235 380.171539 2.034598 -4.322893
118.771461 128.214478 1.989893 -4.348108
118.926743 621.059448 2.054936 -0.588399
121.311920 500.632446 1.670173 -3.182049
124.036034 10.238664 2.347779 0.888454
129.092590 6.025247 2.186717 0.987581
128.549652 176.772827 2.217249 -3.129260
128.511917 185.722412 2.213606 -2.733465
131.897903 190.677490 1.973031 0.302650
133.885437 20.197155 2.037630 1.005898
137.305893 233.282242 2.055062 -0.046320
137.840790 216.823669 1.900090 -4.392820
142.264725 322.764648 1.828893 -0.244616
142.556366 184.640198 1.761666 -1.887111
142.595352 213.971085 1.912566 -1.223216
142.595352 213.971085 1.912566 -4.295160
143.669571 258.923584 1.837626 0.610877
145.759567 381.076874 1.918939 -0.799454
146.915207 594.222473 1.927544 -1.479999
150.020020 217.093216 2.200775 -1.154859
150.020020 217.093216 2.200775 -4.344173
149.187866 514.509277 1.757985 -1.215214
153.064133 330.567200 2.200084 -1.329254
153.064133 330.567200 2.200084 -4.541930
153.482742 348.543427 1.725262 -0.144868
153.741928 4.806471 2.002843 0.569544
153.703949 459.021240 2.224883 -2.868471
157.633163 220.130692 1.971829 -4.323074
157.837830 497.351746 2.231894 -3.299234
158.813599 316.613434 1.850425 -2.980109
160.502182 239.600082 2.168025 -2.877322
163.653763 114.695999 2.287631 -3.123193
164.262634 350.619476 2.036355 -3.045820
165.175430 45.347946 1.722806 -3.177087
166.048401 255.703262 2.129226 -3.135421
172.539658 367.543488 1.750025 1.173310
175.079636 325.107910 1.950898 0.588906
177.092514 42.628265 1.813671 0.589474
177.092514 42.628265 1.813671 -3.828321
179.973053 63.037392 1.920499 -2.717618
180.808853 204.768188 1.923345 0.966411
181.429886 294.167908 2.225194 0.250749
184.807999 362.994171 1.956640 -0.490699
184.807999 362.994171 1.956640 -1.658516
186.320084 388.235382 2.051586 -0.921341
186.376602 465.952820 2.183569 0.281862
187.173630 572.078003 1.851125 -0.046185
190.991394 282.720703 1.838858 -0.074785
192.569016 92.231583 1.871767 0.933578
193.905533 451.531860 1.920241 -0.000991
194.635513 6.436467 1.678443 1.486194
197.371567 458.322113 2.015636 0.365302
198.290314 447.755188 2.008046 -0.079402
199.090042 64.564056 1.849550 -3.223216
200.659149 555.954712 1.899200 -1.633949
201.800964 152.147171 1.972667 0.192241
203.205338 307.624756 2.299841 0.440150
203.604736 184.318176 2.157274 -1.950913
205.327896 47.050240 2.162891 0.545311
207.935379 152.204102 1.996463 1.078925
207.935379 152.204102 1.996463 -3.177095
208.668777 304.671021 2.157141 0.575481
211.911560 322.826294 1.867898 -1.397101
213.176804 3.979372 1.839755 -3.038904
213.176804 3.979372 1.839755 -4.055809
214.084122 505.188782 1.930956 -3.507039
214.597717 373.242279 2.095969 0.841882
216.467850 138.998352 1.926397 -4.607087
218.687164 601.348083 2.042920 -2.892214
223.963348 605.380737 2.065120 -0.303592
225.011429 625.362793 2.102682 0.513619
225.602921 398.175934 2.204366 -0.448233
225.602921 398.175934 2.204366 -2.717902
225.602921 398.175934 2.204366 -4.094363
231.396332 308.313568 1.835737 -0.303754
231.107864 618.093018 1.822090 -3.236818
232.305222 551.558594 2.097501 -1.342806
233.346558 423.061157 1.928186 -0.350051
234.473969 152.619766 2.246511 -1.581765
235.776855 457.324280 2.119191 -0.768304
235.798798 605.584595 1.870916 -0.394280
236.418381 631.545044 2.132765 0.004055
237.207352 230.019485 1.790192 -3.187552
237.782684 372.205139 1.978150 -0.251201
238.436890 388.104431 2.055148 1.169750
242.034805 241.074448 2.107247 -3.173751
242.860931 513.881104 2.022564 -1.134039
244.388885 453.671387 2.164169 -1.837782
244.152039 468.837372 2.179697 -3.033044
246.398651 199.765656 1.900932 1.082704
245.748627 572.989441 2.262935 -4.578577
247.050491 82.201958 1.970388 0.298868
247.050491 82.201958 1.970388 -2.523263
249.084808 100.170021 1.845940 1.134889
249.084808 100.170021 1.845940 0.172312
249.512421 338.514984 2.274464 -4.206374
249.939270 405.076447 2.074707 -2.506533
249.939270 405.076447 2.074707 -3.775433
251.786331 568.874329 1.877201 -1.292773
253.187363 110.665115 2.159442 1.180904
254.479645 228.964828 1.913156 -3.055291
254.845444 307.857666 1.837806 1.339530
254.845444 307.857666 1.837806 -2.336461
258.846832 14.264470 1.896137 0.247100
259.003479 544.055359 1.897972 -0.930370
262.877533 506.999023 1.841430 -1.836147
264.015106 44.273319 1.749814 0.731708
264.808685 170.132248 1.929471 1.104552
265.530670 20.101427 2.275703 0.141443
265.530670 20.101427 2.275703 -3.252832
267.055939 81.218079 1.881026 -2.273255
266.896210 486.910675 1.951584 -2.150838
268.381165 408.544373 1.999125 1.401819
268.381165 408.544373 1.999125 -0.632558
269.365875 133.088745 2.030078 -3.590998
270.768372 429.191925 1.892719 -2.667931
271.324249 518.990173 1.981757 -1.060395
271.324249 518.990173 1.981757 -2.392283
270.928009 571.806946 1.850143 -1.086867
273.069092 21.864634 1.994718 -4.514246
272.991119 175.132309 1.835717 -2.283075
275.270874 305.003571 2.236358 -1.128789
275.270874 305.003571 2.236358 -2.569200
275.892395 254.912277 2.025267 -2.574466
277.535156 222.610535 1.978807 -3.531421
279.008209 507.532562 2.390676 -3.509913
280.341614 163.732788 1.911800 1.202615
281.884735 64.679581 1.833584 -3.220117
281.884735 64.679581 1.833584 -4.377934
282.032074 258.296021 2.139690 -3.624080
283.993317 93.141830 1.890737 -3.051123
284.495819 591.011414 1.897531 -0.477908
286.303467 82.231400 2.017699 -2.382886
287.885681 534.885803 1.846182 -3.527242
290.717621 127.692169 2.023640 -3.128017
292.953918 236.536865 1.840314 -3.043088
300.869202 542.321655 2.198468 -2.848053
302.256805 522.818848 1.819306 -1.129294
305.212646 145.594070 2.210012 -0.262995
309.119476 74.775154 1.939583 0.139031
309.119476 74.775154 1.939583 -3.773193
312.937134 133.974701 1.834297 -3.751913
316.760101 37.245384 2.240313 -3.593979
317.264709 144.335159 1.891270 -3.489294
317.021027 257.971832 2.004995 -0.134989
317.873138 314.571014 1.841236 -0.025153
321.057465 117.494705 1.997209 -3.359757
322.054932 335.958466 1.844039 -1.708663
322.503479 127.742729 2.202134 -3.021692
323.843201 636.908386 1.975850 -0.045401
325.545959 24.182749 1.939219 -3.631262
328.056396 195.747314 2.032043 -3.018965
328.649506 380.908569 2.118798 -1.739942
330.748352 515.544983 2.144296 -3.817522
332.043274 49.988529 2.214231 -3.815211
331.912231 98.202972 2.183645 -3.497453
332.253632 124.227242 2.056988 -0.700440
332.379272 528.952637 2.178183 -2.925598
332.339661 552.309265 2.121760 -2.691110
335.921234 34.666656 1.832901 0.149633
335.921234 34.666656 1.832901 -4.371937
336.555634 147.449463 2.139767 -3.639835
339.494568 43.427338 1.836753 1.517160
339.098969 96.025093 2.209766 -3.457043
339.788239 102.463936 1.797206 -3.397922
339.887573 118.817802 1.977794 -0.518289
339.887573 118.817802 1.977794 -4.362422
339.566284 350.947174 1.801949 -0.397686
340.780762 343.153015 1.822717 -2.179098
342.472595 23.533028 1.877671 -3.965325
343.165466 569.245117 1.982005 0.156263
343.165466 569.245117 1.982005 -2.538935
344.244904 306.454529 2.050038 0.174849
344.125763 605.891357 2.031461 -2.379894
345.977509 312.606781 1.771303 -3.929991
347.697632 290.095428 2.093429 -0.740169
347.306030 451.178375 1.914613 -0.027360
349.110779 319.940796 1.811589 -3.350790
348.698914 371.524078 2.163662 -3.178323
356.995514 81.664948 2.013966 0.404616
357.035736 98.411972 1.817175 -3.563745
356.961517 110.391815 1.843348 0.389252
358.148376 317.258118 1.816641 -0.523882
359.126282 209.747116 2.286101 -3.953884
360.143738 503.525696 2.244736 -3.745644
360.047485 574.727966 2.076621 -2.501104
360.918243 70.334824 1.790877 -0.460322
362.532257 79.420547 1.972443 -4.242586
363.888580 263.275635 1.912896 -3.389013
367.098541 67.164513 1.854548 -0.388857
367.481384 513.661743 2.264207 0.550949
367.481384 513.661743 2.264207 -3.705112
369.913513 171.561188 1.886348 -3.100360
370.328491 220.570908 1.951327 -3.748896
370.591583 173.492538 2.094685 -3.113872
373.443085 385.735138 1.760448 -3.105632
375.183075 281.933655 2.144948 -0.588974
375.183075 281.933655 2.144948 -3.681614
376.088135 223.732224 1.788514 -4.251402
375.709198 551.208435 2.227095 -2.721812
377.227203 275.790619 1.925150 -0.690520
376.923126 305.383087 1.991378 -3.075623
378.747894 337.342468 1.905301 -0.323159
378.747894 337.342468 1.905301 -3.986919
380.633453 408.795135 1.963099 -1.934141
381.883118 219.951141 2.250368 0.129692
386.418396 109.102547 1.897548 -0.116901
386.455353 449.212189 2.097607 -0.177620
385.619965 506.231598 2.373927 0.636137
385.804718 518.500244 2.059504 -0.026276
387.938690 68.029144 1.950437 -2.083222
389.985443 533.133606 2.199276 -0.009675
392.217468 10.212460 1.862618 1.240700
392.142029 126.180977 1.990318 0.232759
393.439423 144.014465 2.529556 0.079926
392.804779 482.658173 1.750255 -1.540890
395.107635 556.038147 1.977078 -1.385515
395.107635 556.038147 1.977078 -2.504268
396.425079 13.415143 2.009948 1.233974
397.126038 299.341431 2.068783 -3.344756
397.913849 135.913559 1.919933 1.059283
401.000885 436.983093 1.951772 -0.129261
402.010803 430.244995 2.004776 -1.555613
401.551880 563.865173 2.100431 -2.402715
404.468353 521.192566 2.023097 -3.088804
406.506531 295.649719 2.100022 -0.496517
409.756500 537.540222 1.880710 -3.073401
411.257263 288.075165 2.203914 -1.792273
412.089111 441.160767 2.124650 -0.230166
412.219299 112.107094 2.173902 1.254658
412.886566 613.620605 1.924533 -2.868077
416.644653 128.779358 1.981015 1.232160
420.558319 416.324646 1.970660 0.003135
6.857012 410.679047 2.419525 0.133153
7.712649 99.547165 2.432437 -4.059586
9.506567 118.280106 2.785115 0.745093
10.492792 61.338444 2.287400 -1.194318
16.514286 29.931885 2.249307 -3.362186
20.950525 81.098366 2.275805 0.748161
19.554056 257.659546 2.515048 -0.838955
26.593624 433.461884 3.029069 -3.087980
30.733330 35.033821 2.570934 -3.499448
31.439350 613.765991 2.464196 0.810573
31.681448 23.163261 2.536081 -2.060052
33.770000 336.023499 2.369658 -1.727228
36.716515 242.021103 2.491363 1.178395
38.656490 50.761391 2.473598 1.043078
41.060444 535.882385 2.423152 -1.542922
47.677597 244.578064 2.862523 0.119801
54.112854 106.601013 2.487707 -2.877207
55.618301 226.216125 2.484666 1.215965
59.171520 72.906281 2.736624 0.615160
59.402901 466.872345 2.704312 -0.017411
60.022247 224.916931 2.222714 -1.736618
60.808750 459.690796 2.678646 0.015904
78.647957 90.576118 2.395819 0.669068
79.306198 190.822083 2.347204 -1.075028
79.789696 109.899124 2.678708 -4.127382
80.253456 275.102356 2.725779 1.163621
80.217514 418.984680 2.176371 -3.102272
80.861000 398.664764 2.509448 -3.128170
81.732132 122.788536 2.540370 -1.131238
82.239326 373.764221 2.639526 -1.757044
82.239326 373.764221 2.639526 -4.615508
81.694427 513.988281 2.575830 0.867621
84.128967 464.831940 2.555204 -2.894136
88.836365 113.924545 2.213313 -4.331171
89.294792 453.526367 2.696389 1.475310
89.294792 453.526367 2.696389 -1.617051
89.349503 487.943970 2.720397 -4.577669
91.466568 445.700928 2.592142 0.601487
92.557739 217.712189 2.198633 1.166581
91.897545 270.947388 2.503518 1.296433
91.897545 270.947388 2.503518 -1.898532
92.258781 426.225708 2.388217 -1.151204
92.258781 426.225708 2.388217 -3.426868
100.152649 30.781507 2.526507 0.876672
102.206795 412.095795 2.580920 -1.921178
107.663071 24.764355 2.299400 0.895777
109.299370 32.392284 2.743145 0.897911
110.208488 135.245285 2.523363 1.521273
111.306778 463.403656 2.486156 -1.474756
111.446396 171.356308 2.312821 -4.175266
111.675484 585.451782 2.584036 -2.568337
114.019714 401.807892 2.655582 -2.790783
114.859291 18.162409 2.351635 0.855103
114.845543 106.624977 2.656479 -0.780338
116.321915 26.639620 2.783317 0.888222
121.140396 183.371323 2.758459 -3.220185
122.228058 317.811127 2.548732 -1.419652
122.844910 584.815308 2.385188 0.488562
124.119476 275.364014 2.648265 -3.256209
125.343216 234.151199 2.337509 -3.292425
124.954079 571.518250 2.430110 1.310395
125.655548 200.261566 2.953076 -1.153119
128.287857 382.970367 2.771198 -3.904749
130.677673 255.716629 2.245256 -2.461150
135.407959 69.511147 2.522060 0.142988
135.407959 69.511147 2.522060 -3.508115
137.557465 326.647003 2.488143 -1.113470
138.785385 348.344635 2.892210 -0.079700
138.785385 348.344635 2.892210 -1.441345
140.051422 269.837616 2.600252 0.765586
140.051422 269.837616 2.600252 -1.303567
145.539825 329.122131 2.278178 -1.406184
146.899246 251.227814 2.865782 1.062291
150.476303 199.189682 2.690690 -3.150700
154.000381 248.137009 2.378892 -1.828132
163.842010 60.567738 2.760965 -3.192336
164.425232 77.135178 2.136097 -3.216409
170.860260 393.442108 2.390746 -1.011996
172.907944 416.626190 2.216346 -0.345566
178.214279 176.642838 2.531017 -0.546043
180.782562 413.947632 2.411180 -0.015395
181.231094 426.154907 2.421289 -0.310780
182.224121 183.084106 2.357957 -0.118497
185.849991 419.870239 2.458802 -0.232499
188.325562 439.796844 2.192054 0.006499
189.733246 538.242126 2.428524 -0.459478
191.785858 299.811737 2.779434 0.350785
191.977997 505.347565 2.604962 0.030333
192.875168 468.509583 2.582747 -0.100403
194.142899 220.521011 2.393786 -0.830553
197.138565 82.135193 2.817561 0.810477
198.223602 302.589630 2.412656 0.388425
206.176163 291.284393 2.415222 0.244481
206.972580 335.949188 2.619269 -0.022551
207.533676 622.689026 2.433853 -1.199978
211.542099 96.484901 2.462703 0.836836
212.305344 453.296936 2.477870 0.272338
212.305344 453.296936 2.477870 -3.564075
215.907974 335.746490 2.239735 0.017750
216.005783 515.663452 2.357845 -3.082507
219.081451 98.446938 2.321695 -3.230201
219.977173 60.130516 2.342774 0.493135
222.485458 361.679138 2.469461 -2.085979
226.863007 296.262085 2.492278 1.178569
228.079391 79.249046 2.709028 1.028021
234.553329 279.495667 2.447649 -1.707170
233.906937 477.646484 2.775431 1.224830
234.734894 71.959686 2.811410 1.029686
235.970581 382.485474 2.497380 1.245177
242.310440 12.349065 2.641989 0.832468
241.634872 63.877075 2.840176 0.997678
244.189499 72.349907 2.325803 1.057173
244.107498 129.783829 2.566291 -3.331122
245.957306 25.188805 2.413055 -3.407990
245.541489 564.078552 2.408594 -1.291612
252.397583 555.204712 2.822445 -1.338385
256.944641 126.376297 2.304593 -4.151466
257.995422 21.390905 2.619085 0.111912
260.597961 228.590134 2.317275 -3.057940
260.670837 564.439148 2.952517 -1.235424
261.938416 351.783661 2.602707 -2.044171
265.222382 402.756134 2.555829 1.008387
265.222382 402.756134 2.555829 -3.293366
265.640320 523.198730 2.773744 -2.875514
267.503845 49.465038 2.240731 0.795561
267.503845 49.465038 2.240731 -3.104338
266.355255 615.707153 3.091865 -3.113260
271.330688 29.965227 3.063884 -3.095146
271.330688 29.965227 3.063884 -4.330515
271.912811 386.718353 2.568722 -1.320426
271.912811 386.718353 2.568722 -2.923317
276.663055 562.738403 2.581208 -1.225929
278.075256 187.226349 2.380762 -4.415032
280.501343 435.764984 2.694249 -3.866622
286.623016 240.106781 2.418397 -3.777130
287.512726 474.375122 2.691001 0.357913
288.011475 455.215149 2.604275 -1.167115
288.011475 455.215149 2.604275 -3.091120
297.290100 445.338684 2.134312 -3.941926
313.647095 104.026985 2.444038 -3.224659
316.103851 3.826169 2.400673 -3.496898
324.070953 39.177010 2.597006 -3.600259
327.087646 104.331177 2.330540 -3.336388
333.629700 107.488571 2.275534 -3.768228
334.131897 340.992737 2.298210 -0.555353
335.465729 23.946957 2.458555 1.212744
335.465729 23.946957 2.458555 -4.174239
336.434601 194.457657 2.564762 -4.139000
337.724701 559.949341 2.763219 0.051114
337.724701 559.949341 2.763219 -3.003020
339.438690 219.132690 2.303967 -4.451635
339.483337 250.487564 2.671994 -2.711740
338.775787 280.888031 2.737391 -3.068590
339.048828 392.986328 2.738711 0.227037
339.491028 322.524261 2.394801 -3.548069
341.202271 72.785561 2.518916 -3.637908
345.809052 115.646599 2.596948 -0.399261
345.809052 115.646599 2.596948 -2.944070
349.002014 81.260796 2.365200 0.798775
349.002014 81.260796 2.365200 -4.481760
349.474670 273.266235 2.486188 -0.924151
350.932800 131.681931 2.475158 -0.122631
350.932800 131.681931 2.475158 -2.901386
350.500427 459.321167 2.542024 0.064199
352.573578 357.047760 2.069143 -1.856646
356.475342 393.967682 2.540599 -2.792336
358.688965 240.329895 2.532508 -3.365988
359.960327 509.975861 2.668837 -3.822968
360.677307 480.510010 3.030318 -0.002936
362.838776 313.077148 2.439952 -0.344943
362.838776 313.077148 2.439952 -1.105176
363.496094 338.158417 2.443269 -3.943987
366.011353 377.698151 2.359285 -3.182764
366.207642 418.957245 2.711367 -0.130392
368.174011 479.346893 2.713522 -0.058992
367.479034 507.383575 2.751647 0.828216
367.479034 507.383575 2.751647 -4.010706
367.779022 631.779114 2.513211 -2.683540
370.019562 537.806274 2.642834 -2.365023
372.517761 156.875351 2.421999 -2.163671
379.924011 384.637390 2.662994 -1.799950
379.924011 384.637390 2.662994 -3.096393
382.107819 245.566788 2.337089 1.345634
381.762878 499.031372 2.727190 0.775928
382.284241 323.833435 2.357156 -3.715137
387.157257 279.636108 2.251003 -0.295382
387.157257 279.636108 2.251003 -3.138824
392.297272 273.652954 2.342891 -0.298733
394.283936 288.459320 2.290745 0.043168
397.232849 583.796753 2.478375 -2.928323
396.867310 531.375549 2.990270 -3.129660
399.193298 55.800621 2.564891 -2.128122
398.676941 622.467163 2.815363 -2.729674
398.915833 134.956177 2.275157 1.033229
406.358612 442.560699 2.343614 -0.226790
406.661377 336.476288 2.480513 1.040935
414.265106 402.813385 2.334407 0.298931
414.871979 394.759460 2.369830 0.657635
418.481934 366.435272 2.424527 -3.031554
417.479553 598.870239 2.644978 -3.041810
7.147055 382.401459 3.516756 1.239476
10.778818 519.206421 3.352095 -3.028356
14.014036 11.333542 3.246527 -1.706696
16.914013 21.385721 3.459643 -1.827069
17.131426 372.239929 2.982112 1.432166
25.226885 146.100525 3.528148 -0.342419
29.341803 169.749008 3.196126 0.750533
29.341803 169.749008 3.196126 -1.886737
41.683735 225.922638 2.939910 -2.194617
47.591915 244.986145 2.942911 0.159864
53.321106 503.865417 2.945227 -0.878169
52.464828 603.496338 3.028726 0.734021
53.762226 451.275085 2.935435 -0.087049
61.453232 289.840302 2.979648 1.345862
63.166992 419.949371 2.991950 0.225336
67.654663 72.069122 3.165562 0.647846
68.959435 278.869385 3.454040 0.976074
72.236130 196.822815 3.524848 -3.295857
74.678192 116.242508 2.924208 -3.549009
74.696060 284.794830 2.999823 0.944782
79.873985 131.762695 3.532606 -4.311835
82.790688 609.932739 3.324426 -2.068040
85.288422 81.871056 3.505273 -1.003186
86.942879 420.056793 3.079034 -3.042497
97.364273 572.673584 3.133689 -1.949810
101.177956 93.797829 3.113981 -0.487377
102.768646 267.544952 3.354030 1.101575
102.768646 267.544952 3.354030 -2.165627
109.451195 352.760529 2.811858 -3.976386
111.777603 201.723969 2.918133 -1.920693
114.645287 56.025467 3.254119 -2.078884
118.035515 547.508423 3.322211 -2.863796
119.643150 382.614288 3.257949 -4.034812
125.377335 563.949951 3.638052 1.156426
125.377335 563.949951 3.638052 0.006084
135.032562 11.893018 3.339005 0.860144
144.167465 11.661637 2.963667 0.577263
151.816345 119.455910 3.225061 -0.163098
155.777328 555.573120 3.688185 -3.006981
157.588852 358.059296 2.802648 -2.626842
159.749634 255.893158 3.117686 -3.090018
161.587463 183.846268 2.904610 -3.161677
162.495270 113.539215 3.309204 -3.133808
164.782654 342.676270 2.985745 -3.192380
169.130478 393.589081 3.186114 -0.898841
174.847382 576.216919 2.894608 -2.922963
176.146927 549.400574 2.999962 -1.422315
184.250717 35.931107 3.428423 -4.654114
186.717468 270.390747 3.541851 -0.053016
189.171982 551.790466 2.970935 -1.572766
191.756638 57.799335 3.117300 -4.257360
194.595596 138.580780 3.065129 0.017902
196.048157 628.157959 3.531174 -0.348052
196.048157 628.157959 3.531174 -0.953428
201.018707 563.668152 3.344602 -4.398198
205.519272 315.645599 3.298500 0.381328
207.758362 357.300232 3.126282 -0.337977
207.758362 357.300232 3.126282 -1.897735
210.384537 35.833263 2.945434 0.897854
213.635498 177.379898 3.390927 -3.296167
214.369629 532.537903 2.976361 -2.839648
218.022110 308.221527 3.429433 0.465825
222.494720 495.434052 2.999334 -0.786345
222.494720 495.434052 2.999334 -2.123992
225.406860 514.882080 3.577637 -2.927896
228.315781 389.480682 3.173779 -3.956563
234.936493 338.938843 3.159018 -2.034213
238.565933 346.448517 3.200775 -0.737263
239.644699 317.170624 3.471741 -1.999111
240.453506 490.883667 3.315849 -2.472754
243.990601 370.189728 2.931920 -0.115332
244.794434 138.891449 3.237704 0.640773
244.794434 138.891449 3.237704 -3.257575
250.617615 16.186413 3.217387 1.034307
252.795135 465.448883 3.214272 -2.901097
255.045380 389.489532 2.922217 0.799702
255.045380 389.489532 2.922217 -2.276930
257.118866 99.898712 3.026540 -4.452972
259.753021 621.044617 3.035386 -0.829644
259.753021 621.044617 3.035386 -3.210680
264.639496 118.886284 3.709329 1.427371
264.639496 118.886284 3.709329 -3.332222
266.043762 614.785950 3.343488 -3.102672
266.411652 627.335510 3.417752 -3.137621
268.855652 225.888794 3.424114 -3.336120
275.843689 19.795763 3.163625 -4.296521
279.407959 550.063599 3.523066 -1.409780
282.407776 463.280273 3.193555 -2.089624
287.532227 478.947052 3.220751 0.252617
291.179871 630.372742 3.142648 -0.398737
293.540649 568.801758 2.833578 -1.010343
295.614899 344.563202 3.199775 -2.419519
301.203461 588.162415 3.172269 -0.535091
306.173340 144.356262 3.118838 -0.219026
329.485596 183.230988 2.889827 -3.863999
339.096863 523.839661 3.583978 -3.596593
347.423859 96.529251 2.778497 0.324093
349.365784 412.665466 3.034195 -1.639872
352.301056 313.401459 3.028651 -3.486733
353.179962 285.199158 2.899577 -0.767495
353.041901 599.906311 3.514698 -0.262348
353.041901 599.906311 3.514698 -2.679224
355.565063 534.020935 2.992363 0.430106
357.815674 420.475464 3.418549 -0.169838
367.230255 245.963394 3.631416 -3.588724
369.776093 523.768677 3.440761 -4.458563
371.366272 359.742157 3.111251 -1.905908
373.752289 261.888611 3.352982 -3.114416
375.526093 554.093689 3.390620 -2.725870
379.363556 375.410400 3.376603 -2.020395
379.363556 375.410400 3.376603 -3.589569
379.182922 524.164490 2.896530 0.693730
379.599670 443.299042 3.350841 -2.385525
380.758514 405.221985 2.977432 -2.099467
380.758514 405.221985 2.977432 -4.599937
387.980499 50.281620 3.200167 -3.678113
389.421295 59.123104 3.525850 -2.079091
389.713959 395.593750 3.079319 -0.729138
393.478668 412.704132 3.170450 -4.670559
399.512146 88.517693 3.336439 -2.055141
399.254059 116.979507 3.081437 1.075433
402.526855 97.657761 3.308158 1.254007
406.352478 400.561646 3.058971 -3.235654
411.985413 82.801414 3.095887 -2.188244
416.266846 590.285095 2.843296 -3.129518
419.083618 300.816742 3.435663 1.443389
5.737634 464.072906 3.488612 -0.057568
7.992376 493.714600 3.642886 -1.890037
13.770704 11.049178 3.456675 -1.718922
20.837580 397.088074 4.055593 -3.193104
34.085762 139.296127 4.000010 -0.442387
46.044712 439.380829 3.225959 0.070112
57.433392 272.637024 4.457901 -2.041344
58.500107 236.006744 4.405704 1.091317
72.782356 196.979523 3.838721 -3.338709
79.016716 131.336105 3.777135 -4.270346
78.477844 349.329681 4.282637 -4.451498
82.714935 159.372208 4.087980 1.439394
94.567261 74.765152 4.100772 -1.025509
96.451035 259.474609 4.011923 -2.199516
101.903923 447.683563 4.319098 0.620111
101.903923 447.683563 4.319098 -1.657195
101.903923 447.683563 4.319098 -3.940330
115.781471 66.992836 3.670548 -2.368380
117.121315 546.252136 3.841748 -2.797582
121.772041 250.519714 4.453480 -1.988572
122.556618 466.547760 4.183241 -0.098265
126.793732 342.619080 3.815774 -0.260500
126.793732 342.619080 3.815774 -1.263851
127.427505 495.079437 4.055595 -0.079836
127.427505 495.079437 4.055595 -3.331839
127.559723 531.469238 4.598058 0.116990
127.559723 531.469238 4.598058 -3.149435
164.875061 377.511810 3.801198 -0.799723
183.860336 160.563126 3.610497 0.524221
185.629669 358.557312 4.092422 -0.408515
187.915207 128.325424 3.816800 0.084010
191.468506 184.827332 3.758140 -1.726720
194.971848 20.582310 4.444176 -4.558310
195.952911 45.658131 3.740787 -4.177790
199.279770 265.499573 3.982491 0.080179
213.174088 353.153259 3.848221 -2.099338
230.663864 323.115540 4.079788 -1.789304
234.662018 23.158651 4.159316 -4.688930
234.589981 412.134918 4.072563 -0.279441
236.365631 377.954010 4.066631 -3.910874
236.365631 377.954010 4.066631 -4.541377
236.867813 425.903778 3.882473 -0.771885
242.989594 185.843475 3.727343 -4.491029
243.861786 444.762451 3.683676 -2.846551
245.773010 625.108521 3.882776 -0.168857
246.897232 404.924103 4.394475 -3.444449
252.629059 325.470428 3.642740 -2.044320
254.763336 58.001522 3.662513 0.478016
257.221375 268.077362 4.177469 -3.057319
259.987457 285.918823 4.398806 0.649416
264.899506 467.908905 4.253671 -2.849609
264.647522 504.549377 4.069514 -2.288065
264.647522 504.549377 4.069514 -3.606661
271.530151 272.055725 3.958184 -3.204263
284.342896 146.428040 3.842799 -2.099417
282.911865 197.739838 3.967516 -3.618206
295.354736 386.680939 3.603694 -2.909747
307.256927 142.819336 4.131899 -0.173036
330.311127 389.703918 3.751868 0.015657
334.960846 232.920486 4.064467 -4.150251
339.756195 132.244675 4.162544 -0.163683
338.180695 275.357513 3.852038 -2.763087
340.758606 250.241104 3.302378 -3.202174
355.583740 369.367859 4.064207 -3.298628
356.723633 421.503448 4.247257 -0.187291
362.365112 58.877968 3.911441 -4.451006
365.873047 85.857201 3.753341 -3.969496
371.206329 95.393272 3.928776 -3.737925
374.623383 302.406464 4.423804 -0.875996
381.217529 88.090752 3.950309 -0.128182
380.177338 622.015564 3.901251 -2.619649
387.249908 16.368917 4.628853 0.190019
387.272980 36.475048 3.701977 -2.774129
391.599609 462.283722 4.450175 -3.739663
392.355499 494.877594 3.676526 0.703420
394.718323 519.365234 3.776203 -3.463126
398.049744 44.369015 4.376630 -0.050797
398.049744 44.369015 4.376630 -3.610026
399.006531 209.172607 3.666661 -0.032702
412.493835 561.942749 3.834707 -2.703064
416.206451 342.072479 4.193722 -4.228679
19.243990 179.322403 4.871500 -0.549326
27.083372 483.181427 5.088702 -3.031248
43.374844 258.600037 5.285348 0.229753
49.104916 396.188843 4.590069 0.143403
51.179890 373.708832 4.581771 0.003259
51.179890 373.708832 4.581771 -4.707711
71.970024 508.091644 4.733532 -1.102825
89.517517 311.095245 5.637101 -1.449559
92.268616 105.647888 5.274456 -4.312855
91.935585 282.223419 5.009556 1.227932
89.850151 440.468231 5.282396 -3.158056
93.128334 508.832855 4.930507 -1.442786
109.237816 115.206673 5.289911 -4.496969
124.374466 622.345947 5.704248 -0.701577
141.089462 200.400772 5.310622 -0.747971
156.872025 234.968842 5.721367 -3.117855
169.361588 175.033936 4.968946 -3.112104
168.017120 246.128876 5.180755 -3.057841
168.706497 264.923187 5.137157 -3.145449
171.267212 199.717728 5.323839 -3.179317
183.120438 380.125305 5.683619 -0.752542
182.264786 467.774231 4.596151 0.038129
196.351639 369.929108 5.455748 0.783273
196.351639 369.929108 5.455748 -0.883381
196.351639 369.929108 5.455748 -1.811955
211.998047 272.756226 5.653883 0.076314
211.998047 272.756226 5.653883 -1.708638
223.389938 635.125977 5.163091 -0.727133
226.562683 283.244690 5.562177 -1.830976
227.815048 299.616028 4.879980 1.151041
225.970734 467.211151 4.950976 1.326122
225.970734 467.211151 4.950976 -3.558078
231.867691 482.586792 5.293353 -1.222557
240.633835 59.740051 5.269323 1.344537
261.667999 444.661530 5.610892 -2.692942
264.410461 336.297882 4.892671 -2.037796
267.156128 381.163116 5.075932 -3.832044
272.477417 357.955597 5.246242 -2.107146
276.715546 99.829620 4.895895 -3.484445
287.164032 278.038025 4.549925 -3.155043
291.847473 372.705353 4.827528 -0.008989
324.203552 85.608696 4.450483 -3.678776
348.015503 611.862488 5.479770 -2.498610
350.250214 26.972042 4.653823 1.283864
350.647827 492.552917 4.937551 -4.644377
355.738800 43.211071 5.579924 1.272387
369.631317 437.094879 5.301612 -0.143735
368.130829 538.000366 5.033128 -2.172485
370.475128 462.854126 5.319322 -0.017003
374.988007 347.421967 5.503857 -2.381955
388.720184 362.784302 5.678173 -2.651212
398.593658 147.775757 6.079638 0.093276
398.593658 147.775757 6.079638 -1.776112
410.615021 410.055786 4.892236 0.415115
413.061707 44.106781 5.004376 -2.879627
412.060852 108.739365 5.378256 1.276894
412.558594 327.320862 4.953950 -1.380769
11.802144 572.651611 5.721316 -1.254324
24.456451 254.748962 6.346629 -4.639456
24.089279 327.109467 6.721790 -1.652976
91.869606 589.208435 5.857612 1.154011
91.869606 589.208435 5.857612 -2.247356
105.841026 189.038986 6.649072 -1.887594
109.447487 494.732452 7.082348 -4.538603
109.963524 595.155701 6.471211 0.264820
118.180473 276.457886 6.455666 -3.384605
125.427490 561.324524 5.999586 0.098111
134.617355 271.156555 6.539468 0.163877
154.285965 280.131775 7.138571 -3.151052
154.715012 352.223541 7.259814 -0.828297
154.715012 352.223541 7.259814 -2.864217
158.848022 90.660927 7.194569 -3.202978
192.706390 333.097992 6.096658 0.316928
251.166534 155.792770 5.926805 -1.141638
261.728516 604.971252 6.526669 -4.201166
273.158783 145.545517 5.929268 -2.160893
278.375671 448.914978 6.780521 -2.390885
278.375671 448.914978 6.780521 -3.476299
281.817474 328.028137 5.544941 -2.840545
311.412384 171.529556 6.672781 0.052414
371.564117 49.051373 5.863015 0.407222
399.154999 147.208557 6.323449 0.117854
399.154999 147.208557 6.323449 -1.694625
404.830933 455.230682 6.461348 -0.263340
21.780815 121.310234 9.062353 0.960600
24.187279 326.292999 7.266818 -1.603384
33.391842 28.933174 8.050774 -2.438753
67.063370 527.364502 8.320125 -1.071225
105.697266 387.737000 7.718024 -4.059870
132.048355 264.084015 7.882771 0.198720
132.048355 264.084015 7.882771 -3.674259
153.982697 281.462189 7.401487 -3.165070
152.833282 309.295258 8.272717 -3.000513
157.959885 90.711075 8.044841 -3.224290
211.072266 165.319672 8.374570 -3.039241
232.414749 520.450684 7.610672 -1.184591
240.351547 100.515350 8.269083 -4.027923
240.625931 168.485886 8.068032 -1.215464
240.625931 168.485886 8.068032 -4.528377
293.160553 153.537842 8.475314 -0.030592
313.982300 178.452988 8.565625 0.041665
374.219147 469.246857 7.581988 0.071130
384.943909 200.706345 7.739378 -0.021186
410.823486 250.772720 10.073564 -0.217784
38.636154 291.799927 9.170103 -0.688738
85.427994 299.830872 11.500941 -1.325808
101.119453 473.523743 10.080632 -4.411725
150.584946 164.216599 10.201400 -3.155914
147.452255 419.064636 10.461571 -3.424294
147.484650 580.438843 10.215172 -3.112892
204.154282 597.493347 10.658346 -0.055530
204.154282 597.493347 10.658346 -4.614438
209.073975 479.865417 10.668688 -0.149007
208.986069 534.685608 10.332939 -1.478257
232.813950 363.431732 11.023133 -1.682748
316.131531 183.983261 10.271467 0.042211
348.030487 430.437866 9.813453 -0.413985
349.600647 470.059265 10.382279 0.116263
384.511383 231.512436 10.618930 -0.058619
397.704742 595.714355 10.851006 -2.804116
78.774857 227.576553 14.000375 1.022085
112.145103 422.179993 11.645366 -2.989620
156.013992 19.787140 10.806757 -3.295635
215.407196 404.538696 13.244514 -0.367980
234.525223 316.041992 11.475549 -1.761334
257.277466 539.331421 11.640722 -1.351114
80.842308 224.880096 14.870580 0.994841
100.897186 60.659443 15.236147 0.853001
103.474167 343.124207 17.634211 -1.380861
103.474167 343.124207 17.634211 -4.201030
114.572777 121.083870 15.670559 1.348254
328.182220 246.360153 16.899330 -0.026256
75.901474 396.249420 17.847401 -4.295423
241.783295 515.397827 18.178932 -1.310279
241.783295 515.397827 18.178932 -4.489528
337.265076 384.320770 20.616169 -0.219429
233.981277 620.091675 25.643942 -4.239760
129.926559 68.767708 32.091156 0.958684
354.695129 546.491333 29.444164 -0.025232
234.336151 509.978790 55.143475 -3.379454
246.199356 160.021820 52.283634 0.117768
