34 287
35 287
38 2
45 9
46 5
48 286
50 13
52 295
53 24
54 23
56 16
61 29
62 31
63 34
64 32
65 33
67 38
70 35
72 36
73 304
74 305
75 36
76 42
77 43
78 40
81 47
82 44
83 46
84 49
85 312
87 156
91 621
92 516
93 555
99 316
108 327
111 323
122 83
123 85
129 94
134 98
135 99
140 124
144 105
149 109
162 130
185 350
192 366
196 157
198 250
199 250
204 160
206 158
208 166
209 225
210 377
217 174
221 375
224 162
233 189
240 193
244 388
250 197
254 203
258 798
261 399
264 219
267 221
271 216
273 222
274 405
276 223
279 409
282 228
320 281
324 280
326 282
327 283
330 287
331 285
332 287
334 291
335 288
336 292
338 451
339 287
340 294
342 456
343 455
344 290
347 293
348 459
349 592
350 298
351 301
352 302
354 460
355 461
356 299
357 300
358 303
360 306
361 308
365 313
370 62
374 349
377 330
380 687
381 329
383 332
384 333
401 104
406 501
409 119
413 502
423 353
426 517
428 373
431 374
435 370
436 371
437 169
439 378
442 175
445 385
452 383
454 183
455 386
459 191
460 389
461 390
462 388
466 201
468 397
469 208
470 398
472 213
474 218
476 215
478 406
479 401
480 405
486 408
501 710
511 446
512 450
513 448
514 449
516 453
518 452
524 465
526 309
527 466
528 467
529 312
530 311
533 468
534 618
536 469
539 472
540 473
542 475
546 485
549 482
560 504
565 498
569 502
570 503
574 511
578 64
580 366
581 372
584 521
586 522
587 519
590 523
591 529
592 527
593 530
594 534
595 528
597 536
599 535
603 641
604 538
605 539
606 543
607 542
611 407
612 416
613 517
626 576
627 578
629 579
631 581
632 588
633 583
634 589
635 590
636 586
637 587
641 621
643 362
645 595
646 597
647 476
657 601
658 602
663 613
665 612
670 624
671 626
674 628
677 523
679 533
681 634
682 604
683 531
685 640
686 639
687 537
689 646
690 647
695 219
707 368
708 677
709 678
710 592
713 680
720 684
722 739
725 688
728 690
732 798
733 362
736 701
737 631
738 702
740 705
741 704
742 706
743 707
745 747
758 732
759 734
761 766
762 736
763 773
764 774
767 689
768 740
770 741
773 625
775 747
776 748
777 746
783 766
784 768
785 736
786 772
787 776
789 780
793 743
797 571
801 795
802 794
803 793
804 796
805 797
806 798
807 799
810 804
811 805
817 809
818 802
819 811
822 554
828 802
830 817
832 821
833 822
834 823
