5.438670 111.260757 2.164454 -1.088743
5.965770 191.624268 2.149745 -0.862902
8.750727 335.262756 1.857823 1.493384
9.088144 569.737488 2.086685 -1.956987
11.813106 516.138489 2.177917 1.085315
13.696410 209.205032 1.728174 1.251495
13.402696 149.123428 2.240442 -4.481008
15.725808 525.051697 1.910691 1.013169
19.314777 104.412857 2.136817 -4.313788
21.218859 569.801147 1.822577 -2.130451
24.867565 165.970047 1.814096 1.311007
27.411238 247.927795 2.019412 -0.656980
27.603596 378.553284 2.317199 1.553691
27.933126 445.203827 2.069070 0.066283
27.933126 445.203827 2.069070 -3.588924
29.401819 626.092285 2.279981 -0.770821
30.882450 189.189255 1.785490 -1.939026
31.872959 51.086388 2.096352 -2.467216
31.872959 51.086388 2.096352 -4.385037
31.692728 232.830093 1.947146 0.322940
31.695730 293.264648 1.786669 -3.088865
36.274010 371.767975 2.117599 -4.345107
35.941608 377.091156 1.842430 -4.293358
40.957226 167.801636 1.848489 -2.289362
44.335579 354.427979 1.932384 0.273716
50.350151 107.727867 1.994568 -0.857682
52.057308 261.090851 1.935591 -3.472853
53.337894 75.534660 1.947590 -1.108260
52.535549 178.593887 2.206318 -2.665320
55.154495 373.750916 1.791291 -0.944230
55.921593 183.688660 2.110387 0.355862
59.914536 227.914856 2.032339 -0.021697
60.964199 211.011765 1.922844 -4.320830
62.416557 7.315418 2.114434 1.092059
65.786972 254.170456 1.886690 0.438684
66.294312 515.014832 1.895075 -1.334100
67.536484 178.177277 1.812041 1.510083
67.536484 178.177277 1.812041 -1.842521
68.485405 341.688416 1.992495 -0.034869
73.409088 345.636414 1.770653 -0.153792
73.926178 257.455444 1.980103 -1.811005
73.584282 327.196625 2.274410 -1.324342
73.584282 327.196625 2.274410 -4.510638
73.666206 497.196655 2.101298 -3.272999
76.083794 217.917160 1.903871 -4.312612
79.878296 313.006531 1.948102 -2.964519
81.233841 215.348648 2.002457 -4.269831
82.603920 254.576599 2.154817 -2.859646
83.600639 235.256760 2.152678 -2.821439
85.988655 635.372864 2.032060 -3.142211
87.725708 48.055824 1.898500 1.357978
87.725708 48.055824 1.898500 -3.234172
88.967117 133.316696 2.222378 -3.080778
89.184586 388.674133 2.275744 -0.706354
89.744476 116.187431 2.287806 -3.037009
92.074051 82.253265 1.809899 -3.164862
92.980240 446.153534 1.830366 0.312386
94.375130 400.825592 1.975987 -0.395049
95.689781 276.371979 2.069810 -0.121952
102.011597 505.121429 1.843104 -0.048042
102.011597 505.121429 1.843104 -0.992815
104.359207 418.397949 2.095459 -0.292784
105.332130 385.077972 1.964367 -0.065742
105.773880 30.734068 1.764245 0.770773
106.195801 567.888428 1.996102 -4.469729
111.779114 32.866776 2.022373 -3.795962
112.650230 298.232788 1.907840 0.385090
113.674515 142.584488 2.079116 -0.122458
113.956306 435.565247 1.802001 -0.792065
114.657539 352.498169 1.908878 -2.136315
117.099922 247.416656 1.859900 0.006928
117.099922 247.416656 1.859900 -2.832603
116.528763 334.804840 2.322314 -1.078871
118.340561 426.153778 1.805978 -0.275756
119.061073 299.571259 2.228470 -0.020063
121.009308 134.962860 1.980997 -0.596939
121.009308 134.962860 1.980997 -2.380455
126.062248 112.416412 2.136291 0.712808
129.793549 441.531921 2.022117 -0.434127
129.793549 441.531921 2.022117 -2.853018
131.194641 280.981567 2.008756 -1.658715
132.576569 514.810547 2.261026 -3.023717
132.877502 600.419373 2.026595 -2.799851
137.321457 529.898987 2.089327 -3.168765
138.113525 604.474854 2.086241 -0.264138
138.113525 604.474854 2.086241 -1.466978
139.381744 512.295898 2.024987 -1.979875
139.381744 512.295898 2.024987 -2.896943
140.576660 209.221985 1.811210 1.212323
140.576660 209.221985 1.811210 -0.907979
140.576660 209.221985 1.811210 -3.519626
142.563110 187.689377 1.758940 1.359529
144.185760 252.966751 1.830838 0.177435
144.894516 617.124390 1.825902 -3.193000
146.833084 515.503418 1.837151 -1.030540
147.939423 14.953060 2.058491 0.517809
148.019562 349.168579 1.890337 -2.614456
149.913376 604.060425 1.894672 -0.408541
149.813217 630.194824 2.196508 0.033155
151.980896 337.111725 1.859255 -1.370370
156.630585 20.251574 1.964638 -4.629998
159.295578 614.710388 1.953102 -1.522595
159.497940 176.829376 2.007931 -4.218191
159.541962 562.080444 2.060894 -1.278537
161.799545 571.738220 2.106182 -4.625420
163.621994 70.546448 2.155482 1.036174
164.945831 261.034576 2.029866 -3.107388
170.038971 45.239521 1.829770 1.168200
169.578445 337.617920 2.128117 -4.322321
169.571167 492.904297 1.884527 -1.281022
169.571167 492.904297 1.884527 -4.288224
176.056091 82.199036 1.911217 0.796861
175.901611 535.140808 1.914212 -3.224324
182.530563 151.759796 1.831668 0.576769
182.530563 151.759796 1.831668 -1.506924
182.510818 435.116821 2.042253 0.051479
182.510818 435.116821 2.042253 -2.804690
182.841415 404.123840 1.954775 0.708588
182.841415 404.123840 1.954775 -3.260525
187.099899 407.864197 1.985839 0.700207
187.099899 407.864197 1.985839 -1.246411
188.833069 142.919830 1.912042 0.052857
188.846817 337.425537 1.786080 1.128827
188.846817 337.425537 1.786080 -0.124137
189.800400 20.525412 2.218941 0.136493
189.866165 178.910080 2.075133 0.387805
190.582352 579.166565 2.211724 -0.344150
194.968719 265.177917 1.882296 -0.267558
194.657730 505.824951 2.038631 -3.174913
195.782135 23.653156 1.804046 0.164895
195.782135 23.653156 1.804046 -2.901791
195.544617 83.399666 1.876765 -4.049337
195.854294 305.700134 1.828973 0.139738
196.854172 474.814453 2.148102 0.477626
199.661301 370.110168 1.991919 -0.001763
204.219635 438.837006 2.040876 -2.879053
204.601593 289.638458 2.168678 -1.121329
205.701996 166.207611 2.134326 1.031809
206.874420 82.015953 2.017495 -4.647504
206.704239 339.588776 2.282298 -0.151446
206.704239 339.588776 2.282298 -1.995984
206.704239 339.588776 2.282298 -3.075517
212.230820 340.943207 2.045825 -0.166639
211.977570 461.850830 1.856263 1.356968
211.977570 461.850830 1.856263 -2.362512
212.838760 62.506130 1.784649 -3.380130
216.328964 6.063873 1.804390 -3.446237
217.115524 200.914520 2.015138 0.182591
216.459213 507.555634 1.668772 -3.277886
218.448425 181.763260 1.806921 0.492803
218.822235 615.520447 1.829467 0.091497
222.210617 307.081268 1.751902 -0.002790
221.334305 410.701721 1.924302 -3.001254
223.691681 620.723694 1.868707 -0.060575
233.972839 508.182587 1.957663 0.012012
235.097794 612.814636 2.005945 -0.059285
244.694611 43.971386 2.184005 -3.561118
246.385254 381.012817 2.266429 -1.588533
248.078995 25.846630 1.866100 -3.317859
253.531387 31.599070 2.030465 -3.628721
253.648819 57.692314 2.101048 -3.461014
255.847870 565.249756 1.959738 0.300875
257.172882 104.318237 1.849949 -4.642766
256.950867 558.295837 2.007454 0.177501
257.749878 527.800049 2.020052 -2.807767
259.724213 57.698997 2.069884 -3.648529
261.342285 153.011063 2.006809 -3.361570
261.759430 223.311279 2.164735 -2.833419
261.759430 223.311279 2.164735 -4.185330
261.954224 332.626221 1.988020 -3.247802
263.736450 449.940979 1.953870 -0.056687
265.396790 9.154890 1.970883 0.850778
265.906525 105.568977 1.849267 0.036025
265.906525 105.568977 1.849267 -3.459538
267.075806 78.245735 1.984487 -3.649993
269.144012 142.995468 1.858630 -2.757937
269.147186 366.568115 2.104753 -3.869792
269.533295 308.431458 1.922263 -2.290473
269.823578 601.885193 2.106780 0.076786
271.577118 360.136627 1.798117 -3.899414
272.118622 105.914650 1.984107 0.040428
273.357208 507.793976 2.410133 0.802922
273.357208 507.793976 2.410133 -3.847275
276.877106 571.361694 1.830915 -0.489958
276.877106 571.361694 1.830915 -1.920998
278.531158 170.567612 1.813242 -2.572769
278.056702 589.068787 1.945756 -3.276215
279.307892 207.929291 1.874705 -3.776149
282.184570 87.876465 1.856409 0.490276
282.184570 87.876465 1.856409 -4.328753
283.428131 378.151642 2.208862 -3.062656
286.466919 230.092728 1.940024 -3.960152
287.423248 80.086845 1.842802 -0.366289
286.730560 104.063644 2.062252 -0.096342
288.697632 397.939514 2.165805 -2.529639
292.351624 43.104519 1.890050 0.263772
293.239105 284.105499 1.893602 -0.640282
293.564850 80.926689 1.844372 -0.393112
293.995514 147.702393 1.842801 -2.777617
293.807312 293.998352 1.883767 -3.646498
295.100525 164.152740 2.253953 -2.150481
296.146332 251.690475 2.194290 -3.447915
297.201843 280.412292 2.073951 -0.621078
298.793304 482.193817 2.292659 -1.682084
299.922516 263.085693 1.881608 -0.262974
299.713776 285.799133 1.922442 -0.605580
300.871246 148.978333 1.920015 -3.442118
302.229370 249.911163 1.963673 1.298737
301.638733 575.075195 2.108497 0.171093
301.638733 575.075195 2.108497 -2.570011
303.842407 378.795807 1.974736 0.346223
303.842407 378.795807 1.974736 -3.188169
305.075592 282.594513 2.100806 -0.455112
306.421722 294.217255 2.019195 0.065698
307.221741 577.913330 2.124779 -2.910081
307.683563 551.207886 1.933841 -2.463810
309.877899 32.042961 1.878027 -0.037297
311.571564 281.619904 2.159307 -0.360517
312.813965 79.417816 1.956123 -1.989161
313.724335 91.831520 1.938835 1.040224
314.213562 113.788826 2.077015 -0.023758
315.174866 305.693970 1.927452 -3.276907
315.612030 430.212433 1.875940 -1.564566
316.243622 493.409027 1.900934 0.106395
320.238861 442.478943 1.697587 -0.149763
325.485870 329.482391 2.217947 -1.355860
325.485870 329.482391 2.217947 -2.993141
325.617828 441.200409 2.239484 -0.129085
336.544495 490.525116 1.896410 -0.180427
338.539490 495.766541 2.045481 1.372809
341.198242 535.161926 2.104224 1.372457
340.902283 574.522156 2.207065 -0.110774
344.023743 345.218079 2.287520 -4.258807
348.977905 426.978790 2.078710 -0.165314
350.041626 449.550171 2.264905 0.106657
351.529785 486.127167 2.097393 -0.054562
355.107788 492.408417 2.131728 1.325204
356.550079 505.665009 1.999082 -1.819290
357.754791 425.078979 1.855582 -3.364279
369.552826 513.595947 2.077275 -0.050956
370.283600 43.989216 1.940289 -1.946537
370.283600 43.989216 1.940289 -3.073837
372.140076 252.216049 1.820557 -0.320529
372.075684 620.819153 2.061403 -0.548895
373.446686 525.908508 1.871471 1.258603
372.947083 587.182373 1.959401 -1.266473
375.786499 546.144409 1.843922 -1.973882
379.032806 37.394970 2.244705 -2.373435
379.871887 266.142853 2.037845 -1.775279
381.723236 227.131607 1.863408 -0.111257
383.520599 124.986008 2.062418 1.205690
383.819641 435.548370 2.191444 -0.002482
383.964233 442.601410 1.821525 -0.027658
384.891174 373.636932 2.005153 -3.196167
389.896179 379.056519 1.956670 -3.225782
390.191589 398.112946 1.841136 -3.509101
391.380859 258.393494 2.343866 -1.820495
392.428772 421.963165 1.958049 -3.300789
393.248871 589.771667 2.214010 -1.264338
394.086456 449.881378 1.857904 -3.042197
393.160736 539.392456 1.856155 -1.953817
395.040680 289.709686 2.306364 -2.206676
399.664490 270.884613 1.957299 -1.592645
400.853516 101.123474 2.047081 1.290071
400.834015 381.679199 1.930626 -1.187642
402.598053 118.951614 1.910789 1.288718
407.583801 318.744965 1.983724 -1.666569
407.884155 254.135864 2.000640 -1.806402
409.265015 83.402039 2.201115 1.374174
409.502472 89.467827 2.025454 1.417198
409.178925 116.819206 1.973458 1.301443
412.062622 260.344543 1.834551 -1.815979
412.922913 592.749390 2.114459 -1.269883
417.246033 602.929626 2.219480 0.008172
418.253235 54.853680 1.791101 -2.176913
419.105682 355.195648 2.084051 -0.152194
419.884521 22.845217 1.863738 -3.730022
420.796692 424.302216 1.931826 -2.993173
5.207136 145.582138 2.256172 -4.595845
6.871464 443.816772 2.866945 0.521802
12.424811 101.213081 2.264208 -4.380194
11.706611 264.217072 2.735477 1.291665
11.706611 264.217072 2.735477 -1.842991
13.381035 175.603821 2.373301 -0.938097
19.098717 409.513885 2.557821 -1.916976
20.556768 379.801086 2.266254 1.523346
25.890453 14.232673 2.826798 0.943535
27.109005 462.468445 2.642666 -1.486164
33.914867 8.944357 2.388878 0.957735
34.277485 587.504211 2.488610 0.551359
35.187313 125.577217 2.629798 1.538484
35.217258 163.017166 2.351240 -4.150196
38.132313 574.160400 2.512209 1.259600
41.403187 95.954735 2.725595 -0.661243
42.281059 70.137238 2.388188 -0.523204
42.287045 591.597168 2.579527 0.417748
43.386829 88.577324 2.604999 -1.127087
52.677429 250.557571 2.329360 -2.404819
61.399715 265.194366 2.550053 0.862789
61.399715 265.194366 2.550053 -1.266728
63.013012 59.123310 2.587447 0.166301
63.013012 59.123310 2.587447 -3.480426
65.554291 325.586273 2.398567 -1.397308
73.480011 211.845581 2.267638 -1.140982
73.480011 211.845581 2.267638 -4.302834
75.042091 193.424011 2.797323 -3.116249
76.923569 243.812378 2.644128 1.234499
76.923569 243.812378 2.644128 -1.790045
76.867722 355.315460 2.761536 -2.759056
82.715050 328.992371 2.348525 -3.053037
83.066811 339.980530 2.442603 -3.145373
89.655518 106.553635 2.947968 -3.110413
93.143311 413.516388 2.601812 -0.244303
96.242134 392.019684 2.474914 -0.693616
103.210396 171.227722 2.367079 -0.847453
102.616798 465.454742 2.315620 0.244185
104.583000 158.864182 2.564205 0.365972
105.985703 37.816109 2.295617 -3.265459
107.026688 264.361603 2.656795 0.075845
107.852386 56.427639 2.612272 -3.020132
108.507805 325.670959 2.347600 0.534170
108.507805 325.670959 2.347600 -0.052225
112.732773 199.368576 2.332578 1.192936
116.651718 67.030800 2.932230 0.370281
116.651718 67.030800 2.932230 -0.991174
117.756516 218.122940 2.574911 -4.647343
118.354225 555.064819 2.284062 -1.543636
120.150047 51.166500 2.780255 -4.235322
120.986519 622.729675 2.537173 -1.232131
125.808533 80.916328 2.826032 0.785011
128.147141 288.426666 2.323537 -3.589225
128.364929 451.417175 2.737308 0.336957
128.364929 451.417175 2.737308 -3.400588
128.640533 302.105865 2.381960 0.481527
128.640533 302.105865 2.381960 -4.279969
133.759384 6.811491 2.479603 -4.062287
136.838669 247.506149 2.237510 0.912859
137.733780 453.060760 2.825161 -3.387200
138.676468 94.434082 2.621991 0.509059
152.705841 121.995491 2.544911 0.189362
165.049072 353.581482 2.663173 -1.580807
171.420807 131.913986 2.651489 -0.127912
173.662445 11.405957 2.397152 1.220653
174.714844 102.508430 3.024979 0.151080
178.781158 132.344131 2.357074 -0.023197
179.066879 163.413208 2.746387 -1.051351
188.345001 356.117584 2.628313 -1.915403
190.893509 172.030167 2.434397 0.771174
190.777420 223.713745 2.426662 0.057867
200.644653 590.014282 2.406750 -0.381177
202.534744 353.450043 2.516162 -1.741883
204.113068 306.117920 2.352402 -2.671454
206.594315 457.065918 2.370319 -0.972740
206.594315 457.065918 2.370319 -2.712933
209.343979 249.382523 2.711691 -0.669819
209.343979 249.382523 2.711691 -1.825219
209.654434 98.943993 2.607075 -3.955486
210.457703 521.399170 2.602740 -1.068194
210.537079 577.845520 2.584043 0.786346
210.537079 577.845520 2.584043 -0.812993
213.416199 12.606671 2.496868 -2.113623
216.820190 370.784546 2.507009 -3.190735
216.617188 584.305115 2.816149 0.874833
225.235092 144.943039 2.274502 -0.035388
229.850510 603.439331 2.420667 -0.021254
231.110962 148.755753 2.608756 -0.177970
246.496552 106.166649 2.389575 -3.447292
245.538940 513.024780 2.620954 -3.950189
246.568893 570.804993 2.408339 -1.474501
251.276138 557.268311 2.444782 0.146843
251.276138 557.268311 2.444782 -2.913754
251.958344 187.899139 2.433299 -3.867520
252.545212 46.605621 2.494636 -3.548591
252.810425 341.551270 2.402215 -0.577964
257.875214 352.919586 2.373935 -0.272710
258.256592 365.819916 2.241205 -4.587290
259.060822 131.198090 2.401809 -0.620452
258.999298 282.776245 2.461832 -3.110620
262.248657 40.528385 2.413935 -0.031904
262.248657 40.528385 2.413935 -4.443483
263.267212 424.784454 2.039028 -1.480543
265.075287 440.314178 2.474618 -0.092570
273.348389 390.016663 2.238929 -2.930807
275.311951 144.597458 2.886729 -2.727635
276.045105 91.905273 2.344266 0.477133
275.497040 479.024475 2.620779 0.035234
279.554108 279.764801 2.771138 -3.015517
280.256836 510.854736 2.334666 0.823593
282.013580 418.998077 2.630450 -0.123013
282.191406 477.843964 2.633616 -0.019852
283.850067 267.358124 2.358377 -3.210850
285.864838 40.134689 2.432031 1.346678
285.864838 40.134689 2.432031 0.422680
286.848145 60.883366 2.485066 -3.438020
288.765228 216.905365 2.567665 -4.017450
296.037842 107.137024 2.731392 -1.369127
296.441223 387.017090 2.807984 -2.979683
296.033508 495.984375 2.426116 0.809208
300.253693 448.629059 2.035647 -0.076920
302.809021 352.116333 2.324522 -2.565434
306.594543 614.490723 2.608840 -2.690382
313.674866 621.131042 2.431911 -2.886024
317.164124 163.658844 2.657362 -1.710205
321.251068 41.706161 2.460150 -1.042269
322.127380 144.380890 2.362040 1.124876
324.545380 68.364944 2.497958 -2.056509
324.648712 583.694763 2.549778 -3.108145
324.910675 590.113831 2.816546 -3.016273
325.596680 298.626984 2.727272 -0.705558
325.596680 298.626984 2.727272 -2.094793
326.968079 108.804939 3.277072 1.287660
327.498138 19.832203 2.643282 -4.690231
334.990448 368.269226 2.379242 -3.097525
336.304504 402.503723 2.571580 0.392472
336.304504 402.503723 2.571580 -3.695576
336.855072 305.861145 2.739672 1.495951
337.201538 634.914062 2.828238 -3.094498
339.219788 450.009735 2.635289 -0.948567
339.219788 450.009735 2.635289 -2.632999
339.219788 450.009735 2.635289 -3.567487
340.097260 462.529175 2.431968 -3.430022
340.980835 394.998413 2.737712 -3.995947
350.513611 341.654968 2.415451 -4.244148
350.633759 341.742310 2.414105 -4.242934
357.681061 61.369370 2.401282 -1.658952
359.095703 345.871796 2.503929 -4.079666
360.901550 167.960709 2.362324 0.385110
376.119232 329.441406 2.753990 -1.822984
376.579224 354.051788 2.563509 -4.405015
379.202850 14.233749 2.386785 0.866654
384.132263 357.820709 2.607833 -4.089483
385.024506 320.929474 2.472153 -1.772194
385.085602 450.393311 2.450645 -0.141257
391.653412 554.508240 2.700614 -0.169539
391.653412 554.508240 2.700614 -2.293968
391.683777 258.586578 2.564590 -1.814891
392.856598 518.081055 2.505843 0.987732
394.065948 83.144150 2.785364 1.359339
405.705841 16.871773 2.657624 1.223160
405.705841 16.871773 2.657624 -0.161907
413.640106 349.022888 2.479959 -0.239105
415.185516 74.415131 2.454315 1.566254
415.078735 530.698914 2.408996 -1.980791
3.529379 119.483002 3.456037 -4.533373
8.855104 576.189392 3.284437 1.383595
8.855104 576.189392 3.284437 -1.938039
16.984589 270.826569 3.179833 1.375386
23.581423 260.975281 3.484270 1.172883
23.581423 260.975281 3.484270 -2.105661
26.384518 81.301331 3.218443 -0.285975
31.648758 399.276978 2.888132 -2.678805
31.418737 549.164185 3.560322 -2.859429
34.080257 194.029480 3.129024 -1.857255
41.572586 42.700489 3.269494 -1.684424
41.648262 313.139404 2.883973 -1.390007
45.103085 175.125031 2.903101 -3.186690
44.448540 354.910461 2.437202 0.055475
44.448540 354.910461 2.437202 -1.238938
49.220253 193.564819 3.027355 -1.115157
57.591026 345.513885 3.325191 -0.194381
57.591026 345.513885 3.325191 -1.362498
65.110817 170.967636 3.341859 -1.756382
65.459877 357.866058 3.320396 -0.309597
65.459877 357.866058 3.320396 -1.436990
78.899574 110.644928 3.257426 -0.129742
82.511200 251.778427 2.935485 -3.037698
86.168152 178.449402 2.948870 -3.132965
91.840302 548.923828 3.428276 -1.477069
104.401535 551.983276 3.215744 -1.680947
105.157745 357.490326 3.064853 -0.238473
106.725723 229.514175 3.343683 -0.608084
109.185905 628.733826 3.692593 -0.236642
109.185905 628.733826 3.692593 -1.067181
115.838684 444.501648 3.172101 0.053863
118.388695 428.787109 3.163749 -0.459288
122.595825 263.011566 3.258719 0.157243
125.623672 61.539742 2.887386 -1.762318
137.030441 44.343491 3.148961 0.492779
137.367416 444.760345 3.273720 -0.288676
137.367416 444.760345 3.273720 -2.877327
137.823471 74.334656 3.028113 0.763167
138.193848 494.288574 3.107482 -0.806470
138.193848 494.288574 3.107482 -2.586006
138.598801 175.661575 3.416937 -2.075667
138.598801 175.661575 3.416937 -3.157545
139.903305 260.261444 2.953130 1.183346
142.597443 136.869797 3.011265 -0.493981
149.224411 296.897949 3.362380 1.271070
155.035339 79.421501 3.118477 0.917865
155.808609 408.632843 3.185897 -0.473389
161.621964 127.394501 3.340685 0.338533
161.945740 443.324707 3.540345 -1.743231
161.945740 443.324707 3.540345 -3.118330
166.231964 22.377699 3.500246 1.449221
167.537750 120.276123 3.038445 0.295780
167.537750 120.276123 3.038445 -3.729630
168.101334 185.876923 3.403554 -4.449326
173.142151 618.325134 3.100368 -0.912306
175.159851 51.961102 3.056809 0.908098
177.971283 239.812332 3.257750 0.178397
179.184296 563.273865 3.575463 -1.176119
179.199188 610.819031 3.617531 -3.084186
179.633804 625.272339 3.374957 -3.107374
180.966736 17.335909 3.102790 1.224687
184.922440 59.584339 3.169105 1.009434
186.953217 494.139709 3.218147 -2.614273
186.953217 494.139709 3.218147 -3.435295
190.224976 438.217438 2.937943 0.202458
191.581482 108.141335 3.021527 0.548210
194.363358 520.507507 3.205975 -0.999366
199.201080 463.469513 3.375908 -2.408356
200.596054 416.651428 3.057219 -2.110794
212.673965 604.507996 3.583781 -0.141964
214.249985 344.777191 3.340379 -1.813860
216.094818 540.400696 3.044327 -2.922582
217.543243 563.279724 2.791342 -0.695375
245.302261 73.510811 3.038038 -3.373161
257.525818 235.704010 2.995579 -3.931937
264.502838 594.452209 3.167974 -0.329085
265.993805 269.296448 3.142917 -1.832311
266.300873 412.733337 3.001627 -1.624768
272.275940 287.367615 3.373249 -0.602297
273.366211 421.055237 3.652034 -0.142422
277.781769 161.747513 3.113834 -2.876345
279.153961 251.762283 2.867458 -3.569310
281.190857 570.333618 3.420984 -2.347532
283.452881 520.787903 3.157417 1.537821
287.285370 549.965149 2.943161 -2.741414
287.729309 251.600281 3.378770 -3.584450
289.252930 363.005310 2.979584 -2.043888
289.457153 614.774292 3.615720 -2.658950
289.954315 119.463211 2.886771 -3.752459
292.466583 94.946747 3.151470 -3.775864
292.996277 265.847321 3.270315 -3.014010
294.156219 442.727539 3.192524 -2.330087
295.861755 373.583618 3.565065 -3.624483
305.360107 491.570587 3.074842 0.742453
305.751648 395.134644 3.059443 -0.789464
308.273651 413.179688 3.248806 -4.630009
317.927551 330.431213 2.905514 -2.907936
320.170013 401.529053 3.331044 -3.134197
322.037872 126.913254 2.924445 1.105160
322.788483 100.100571 2.973206 -1.964473
324.470520 354.178009 2.999030 -0.388204
331.618652 292.122375 3.218849 -1.683343
334.274658 95.826347 3.111424 -2.159511
335.840057 121.423027 3.090091 1.459683
339.597870 518.224365 3.120650 -2.652540
346.682709 459.596252 3.461756 -1.304256
348.615753 554.458252 3.569955 -1.328367
350.369202 621.044495 3.330388 -0.682293
355.353088 53.798302 3.198332 -0.281346
355.353088 53.798302 3.198332 -1.504078
364.141724 317.784302 3.050287 -0.116590
367.148285 608.322510 2.905945 -1.024730
368.348938 12.924415 3.567879 1.112182
375.562683 339.350983 3.396453 -1.202673
381.879120 123.687767 3.052673 1.193754
392.806671 552.742798 3.235888 -2.618049
395.315369 11.592545 2.895773 -4.706173
398.509399 428.785675 3.211886 -0.116624
398.509399 428.785675 3.211886 -3.551157
406.364624 335.669830 3.386571 1.351522
408.757996 424.028534 3.217170 0.159632
410.324615 466.348633 3.173502 0.287551
410.324615 466.348633 3.173502 -3.404117
415.095612 559.311646 3.323463 0.956861
416.110657 439.342865 3.116491 0.232702
416.110657 439.342865 3.116491 -3.915143
418.338623 457.532776 3.380219 -0.904383
418.481323 623.110535 3.354529 -0.103477
421.090332 509.998566 2.934757 -4.141228
2.318649 119.062416 3.716699 -4.625412
2.510928 159.233185 3.884506 0.890946
13.216457 585.238281 4.136945 1.527665
17.417406 252.568359 3.946645 -2.127385
16.278278 317.035309 4.015101 -1.515520
17.782232 444.647186 4.099327 0.515782
17.782232 444.647186 4.099327 -3.802002
19.201805 59.914825 4.198688 -0.651428
30.654825 548.131226 3.953061 -2.788235
35.478245 368.485291 4.408822 -4.163109
38.620041 465.989929 4.070106 -0.072225
41.593746 427.867645 3.778645 0.077553
42.707466 54.283440 3.833047 1.326039
43.159920 495.695221 4.393641 -0.061899
43.159920 495.695221 4.393641 -3.254686
44.328316 244.539551 4.299715 -2.003889
45.828178 339.134491 3.925973 -0.167007
45.828178 339.134491 3.925973 -1.324854
69.166496 572.929626 3.650275 -3.186394
93.407112 169.655090 4.382922 -3.066017
112.639519 97.895126 3.658211 1.237460
116.117325 181.604874 3.829658 -1.917189
124.225754 16.129791 4.078015 -4.348927
125.687325 39.874107 4.161758 0.627385
125.687325 39.874107 4.161758 -4.241036
124.651596 403.020844 3.775743 -0.416049
131.118927 516.105652 3.605739 -2.932808
132.491928 140.647217 4.024228 -0.177456
159.376877 623.356140 3.828871 -0.165420
165.999008 403.701874 4.187685 -3.150123
168.760727 186.350067 3.356657 -4.607213
167.173721 261.985840 4.292391 -3.045356
171.212906 469.236450 4.218821 0.077779
177.908661 240.642548 3.698299 0.085318
179.669678 265.796753 3.839248 -0.365530
179.236160 626.498108 3.688102 -3.114305
181.379242 285.992188 4.237547 0.452235
181.179337 298.063141 3.522384 -1.416484
179.911514 502.753143 4.281497 -1.945171
179.911514 502.753143 4.281497 -3.474852
182.689423 474.066925 4.297091 -2.879925
189.342209 454.954224 5.174740 -2.353297
193.262497 206.101959 4.349755 0.179297
192.898407 272.264435 4.116709 -0.312670
205.961548 327.351959 4.277379 -0.314538
205.961548 327.351959 4.277379 -1.695569
208.193710 223.377396 4.013835 -0.322926
213.490692 385.528198 3.713128 -0.070509
213.490692 385.528198 3.713128 -2.623304
213.149719 604.425415 3.600242 -0.146755
216.241776 540.689209 3.640978 -0.078381
233.260818 145.915695 4.614199 -0.079607
232.764313 166.644058 3.957663 0.145397
247.211746 390.691833 3.741440 -0.024014
250.890060 89.821121 4.302688 -3.629111
259.150635 279.461395 3.965825 -2.877182
262.593567 153.055481 3.638366 -3.264845
264.535248 137.459274 4.029539 -2.681584
277.651184 36.514187 4.431641 1.175225
283.509094 389.185120 4.385841 -2.678771
287.709381 17.835733 4.149302 -4.182754
292.515442 306.551727 4.101187 -1.140263
292.515442 306.551727 4.101187 -2.891140
297.185394 403.010193 3.627851 -2.377045
305.758514 367.316986 3.672107 -2.839916
305.758514 367.316986 3.672107 -3.619536
305.357208 461.683350 4.234198 -3.725124
312.887787 48.947762 3.839246 -2.783775
314.904602 69.322281 4.129648 -2.055126
316.674835 113.832848 3.554536 0.084606
317.308289 395.380585 4.045405 -3.034310
321.899231 557.322632 3.640527 -2.719370
320.671082 625.949402 3.776239 -2.910332
323.699677 57.536564 4.153334 -0.075901
323.699677 57.536564 4.153334 -3.584252
334.218384 120.878479 3.673372 1.461667
338.413055 271.350677 4.013628 -1.790389
339.081940 502.774170 3.626986 1.303085
339.081940 502.774170 3.626986 -1.876186
341.287262 544.343567 3.912777 -1.364221
348.218567 554.931946 3.795233 -1.279531
349.091614 604.012817 3.913903 -0.909754
358.251648 539.603760 4.191698 1.176026
362.909973 331.450836 4.251309 -1.708289
365.720123 369.215149 3.733040 0.118244
368.338348 13.005255 3.552199 1.263865
373.486359 319.428619 4.233843 -0.237895
373.486359 319.428619 4.233843 -1.758213
373.138092 475.650513 3.882783 0.266250
378.293457 559.835388 4.291518 -2.701923
383.985840 296.439148 4.619244 -3.381057
393.877472 530.256592 4.507372 0.897199
393.877472 530.256592 4.507372 -2.048807
405.036438 507.778656 3.922353 1.063760
409.653503 401.622803 4.515492 0.027834
408.961487 448.040283 3.851041 -1.359285
408.961487 448.040283 3.851041 -4.018748
410.568146 246.359116 4.708298 -1.876342
414.259308 390.105316 3.730000 1.536129
4.095144 65.261749 5.058871 -0.734846
4.264922 454.818085 4.612637 -1.715645
16.523844 92.693123 5.503397 -4.420152
30.290159 627.017273 4.876214 -0.609082
48.179562 157.356842 4.965672 -3.991739
65.203369 193.902435 5.598827 -0.671639
80.676399 230.679413 5.473878 -3.060176
81.188980 459.392975 5.106477 -2.974458
95.540482 194.702469 5.710496 -3.139471
100.469528 464.906616 4.597237 0.264607
103.254601 376.409576 5.066611 0.471987
103.254601 376.409576 5.066611 -0.428795
133.816452 271.268219 5.451856 -1.689218
131.919785 352.090607 4.470272 -0.482333
131.919785 352.090607 4.470272 -2.273085
144.982422 464.725189 5.268429 -0.697818
144.982422 464.725189 5.268429 -3.339230
176.563904 158.521744 4.898534 -0.861586
179.032791 444.406494 5.437911 -2.618362
183.493195 335.366730 5.305734 -0.623676
183.493195 335.366730 5.305734 -1.724411
186.299469 381.664215 4.784851 -1.716215
186.299469 381.664215 4.784851 -4.655876
197.567398 189.786224 5.020257 0.471609
202.873779 109.381821 4.922615 0.518941
202.873779 109.381821 4.922615 -4.173140
207.196777 275.542969 4.689396 -0.269244
210.622116 369.248566 4.759235 0.026555
250.337357 90.056274 4.391396 -3.629688
258.582825 608.109192 5.024480 -2.390560
265.475006 490.967377 4.818022 -4.686199
265.078278 153.899948 4.597572 -3.111602
280.559906 535.178284 5.310593 -2.249446
284.850189 436.433472 5.095333 -0.137520
285.170746 462.156067 5.190924 0.017938
292.518585 349.522461 5.214526 -2.457548
310.769043 227.783966 5.227046 -0.018779
321.270264 183.205811 4.903926 0.377078
321.264679 216.218536 4.980356 -0.013908
329.758026 121.648888 4.699011 1.334141
329.796356 331.164551 5.310910 -1.267748
331.937134 346.241302 4.687539 -4.350362
331.885559 317.653900 4.571636 -1.224226
337.194305 58.921421 4.608251 -2.778929
349.183014 64.053749 5.755345 0.720606
349.183014 64.053749 5.755345 -2.712506
355.679871 448.279816 5.002655 -1.733414
355.679871 448.279816 5.002655 -2.985686
357.451843 578.974548 5.390747 -0.147243
370.520325 69.775726 4.916098 1.078391
372.944031 83.012154 4.946147 1.333278
372.944031 83.012154 4.946147 -2.356605
375.137543 537.473999 4.862045 1.320742
375.137543 537.473999 4.862045 -1.988267
387.155212 62.081547 4.658328 1.239163
387.551514 570.405212 5.044278 1.049798
399.281006 411.820068 4.857435 0.076826
399.072296 459.730591 4.781621 -1.728638
398.411102 586.490295 5.085597 -1.325067
413.080078 520.605103 5.206734 -2.102024
20.686615 598.628235 6.103996 0.260802
25.367655 495.006073 7.212492 -4.552268
39.898628 270.202454 6.341455 -3.418894
38.744080 563.137756 6.562109 0.456004
76.566025 274.910278 6.497865 -3.164589
87.255463 83.978874 6.057413 -3.172024
111.956490 329.335815 5.757540 0.090080
147.662247 282.736633 5.906640 -1.812499
175.340408 602.765320 6.524644 -4.251625
194.234924 448.512421 6.658939 -2.265219
200.229507 145.563705 6.273534 0.022531
220.409027 155.063843 6.735080 0.058892
236.074493 142.529831 7.243815 -0.018146
270.503143 555.844238 7.265073 -2.263674
318.063934 453.899597 6.405561 -0.198406
321.426422 156.293564 6.134236 0.146622
321.426422 156.293564 6.134236 -1.651170
340.597107 149.925598 6.422098 -2.237455
347.080811 485.139801 6.904018 1.271795
347.872772 320.103455 7.195155 -1.356373
351.818237 413.689331 5.794603 -3.912750
355.651917 160.460876 6.869318 0.905225
355.651917 160.460876 6.869318 -2.346493
371.703705 140.518265 6.662578 -1.627293
370.750793 170.393463 6.165135 0.927552
371.026215 435.816772 6.054729 -3.243701
370.296753 456.229431 6.205894 -0.030835
370.296753 456.229431 6.205894 -2.598936
387.859772 446.740967 5.812390 -0.054710
395.808380 361.152283 6.526355 -1.144045
404.787933 563.090881 6.092380 0.909989
406.183258 602.914490 6.662472 -1.248509
412.823059 311.682922 6.483341 -1.576154
23.953230 495.511261 7.731658 -4.541484
53.327888 257.465271 7.408004 0.243909
53.327888 257.465271 7.408004 -2.359401
53.327888 257.465271 7.408004 -3.647546
54.124813 292.333252 7.239864 0.103808
54.124813 292.333252 7.239864 -2.986199
66.576172 506.800659 7.822718 -3.188624
73.744148 306.095276 8.261582 -2.968742
73.987267 347.902283 7.368760 -0.980624
73.987267 347.902283 7.368760 -2.645247
81.981697 484.619873 8.126132 -3.143182
86.098274 82.636757 7.272796 -3.203623
137.637177 113.732735 8.211052 0.843912
135.876602 165.543198 7.797131 -2.684909
141.454468 440.735565 7.215540 -1.018750
147.705887 520.375244 7.771493 -1.160170
165.014526 167.357544 8.362034 -0.878522
173.969345 502.665497 6.886011 -0.946984
237.323120 141.322693 8.206582 0.000592
338.694946 562.617126 9.105940 -1.059346
355.617249 160.380157 6.873977 0.851811
357.422180 341.905518 8.657011 -1.348638
361.395294 395.050720 7.510026 -4.255389
383.590210 513.462341 8.058012 1.078973
383.590210 513.462341 8.058012 -1.802245
405.006134 604.095947 7.419197 -1.128628
23.993885 473.298218 10.323640 -4.580858
31.417006 420.333191 10.890607 0.141153
60.269268 582.227417 10.571128 -3.093229
65.283058 417.253174 10.771971 -3.379363
75.642281 158.291031 10.349391 -3.121841
117.877975 596.306519 10.217256 -0.007062
117.877975 596.306519 10.217256 -4.664652
124.890106 475.018036 9.821059 -0.234581
125.601807 536.044861 9.863064 -1.521948
152.632950 359.710144 10.062733 -4.497180
155.826828 314.379761 9.816134 0.896576
155.826828 314.379761 9.816134 -1.630113
174.388565 80.341408 8.596573 1.299315
264.059113 430.211304 9.490688 -0.433976
264.591858 468.762421 10.114224 0.152903
386.602112 244.530975 11.321792 -1.650934
401.095947 554.540405 11.126515 0.917639
401.095947 554.540405 11.126515 -1.922099
131.184875 398.448334 12.714642 -0.426611
131.184875 398.448334 12.714642 -3.403688
173.684799 540.305298 11.464942 -1.236984
331.032257 194.228485 12.009296 0.147027
334.357452 250.817230 13.181291 -0.187879
349.531067 423.331573 11.006617 -4.405401
137.423950 401.292511 14.617821 -3.341697
23.537868 106.003342 19.704285 1.393951
146.369949 614.984924 24.892208 -4.375943
348.831787 85.187553 23.604258 1.057310
36.984734 277.728302 32.601147 -3.037657
63.959389 62.031403 29.537374 -3.514112
271.379669 550.625916 30.480078 0.051198
151.875244 510.114777 52.862770 -3.438374
163.878433 172.746796 57.274170 0.117218
