28 461
29 669
35 268
36 461
44 188
51 276
64 16
68 18
83 23
85 28
86 29
91 46
92 47
94 36
98 43
99 41
102 54
103 64
107 66
111 797
115 143
122 347
128 375
155 117
159 130
162 124
187 146
195 168
212 177
213 179
218 182
219 187
221 186
228 408
229 191
230 192
231 198
233 203
237 205
238 207
241 119
247 206
248 226
252 215
257 228
262 229
267 235
268 202
273 233
276 242
309 784
317 518
318 718
338 483
341 332
342 340
345 79
348 349
359 357
360 358
363 366
366 367
368 368
369 278
373 375
374 371
382 377
386 525
390 388
394 397
397 396
398 531
399 175
404 409
405 189
406 410
407 407
408 407
414 196
418 411
421 200
422 414
425 425
427 211
428 427
430 225
433 428
434 429
435 430
436 228
437 431
441 438
442 244
453 49
466 700
478 485
479 484
482 620
484 486
485 487
486 42
488 488
492 495
498 497
502 498
503 499
507 507
511 511
514 789
515 518
516 364
519 523
521 379
523 148
528 389
535 533
537 536
541 653
543 541
544 540
546 548
548 544
550 547
551 546
552 671
553 672
554 551
556 557
557 556
558 432
559 558
563 564
566 434
570 435
593 789
594 279
601 624
603 628
604 537
605 626
607 632
608 627
609 713
617 717
620 718
621 519
624 638
625 793
626 639
627 522
628 642
633 648
636 534
638 401
639 650
640 658
641 659
643 653
644 654
645 406
646 663
647 664
648 733
649 667
650 542
651 543
652 665
653 547
655 670
659 554
660 555
661 552
662 675
664 680
665 681
666 683
681 637
684 706
689 786
690 711
691 714
692 715
697 648
700 522
702 723
704 725
705 726
706 727
707 729
709 731
711 733
712 732
713 661
715 669
716 737
717 738
720 735
722 678
723 679
724 673
725 674
727 745
728 803
729 749
730 748
731 542
739 783
740 784
743 791
746 796
749 734
750 797
751 799
753 800
755 801
756 742
758 740
759 741
760 746
761 802
764 804
777 16
780 813
781 815
782 785
784 819
785 800
786 821
787 823
788 824
789 825
798 613
802 833
804 836
805 835
811 848
813 850
818 862
821 863
823 806
