4.906981 299.784088 1.875919 -4.297050
9.471077 437.705170 2.253857 0.327826
9.471077 437.705170 2.253857 -1.536030
12.384686 404.235291 1.957593 1.550212
16.628374 378.484314 1.784161 -3.296705
16.747566 456.272278 1.976469 0.546185
17.704731 537.246338 1.864566 -1.216978
18.487612 187.167084 1.744901 1.334406
18.487612 187.167084 1.744901 -1.961456
19.152409 527.223999 2.028404 1.233405
19.152409 527.223999 2.028404 -2.114821
19.142733 15.318666 1.838544 0.658961
20.298143 148.461288 1.751040 1.464534
20.298143 148.461288 1.751040 -1.316188
20.737856 348.599945 1.808031 -1.789857
22.017267 10.910285 2.061893 0.748670
23.240545 287.873474 2.020432 -3.127581
26.866196 132.728195 2.036819 -0.205841
26.502289 344.659027 2.324237 -0.418344
26.502289 344.659027 2.324237 -1.750674
30.413782 631.269226 1.931953 0.478824
30.413782 631.269226 1.931953 -3.102337
31.850883 604.917358 2.127306 -2.726832
32.789555 23.809017 2.211543 1.261405
32.994270 422.684631 1.968249 -1.332372
32.994270 422.684631 1.968249 -2.108336
37.162365 325.646057 1.875025 0.296710
37.350597 608.653625 2.187391 -0.186623
37.350597 608.653625 2.187391 -1.570799
38.488232 270.378143 2.571030 -0.014544
38.488232 270.378143 2.571030 -1.585960
39.101387 82.082176 1.907999 -2.886391
40.460091 360.318420 2.083780 -1.843456
43.269569 427.019287 1.897287 -1.452509
44.347054 165.114777 2.022992 0.447394
43.998516 621.583008 1.963743 -3.135724
44.734043 16.339012 1.794491 1.227149
44.734043 16.339012 1.794491 -0.381721
46.384468 557.185181 1.906076 -1.366554
49.472248 367.380676 1.939737 -4.617299
48.655533 635.345398 2.183792 0.110095
49.455757 256.583191 2.598389 1.338421
49.877235 607.530151 2.004429 -0.343118
51.175568 342.936035 1.919740 -2.487229
52.462585 203.409851 1.801504 -1.189898
52.462585 203.409851 1.801504 -3.581281
55.486591 181.566223 1.744124 1.449383
56.075058 176.364395 1.837037 1.477411
56.075058 176.364395 1.837037 -1.972377
59.577011 397.498657 2.252448 0.023654
59.577011 397.498657 2.252448 -2.868136
58.786369 455.216461 2.025117 0.079338
58.786369 455.216461 2.025117 -1.286343
59.308083 618.297363 2.035114 -1.563359
62.355480 303.584045 1.895059 -0.142607
62.355480 303.584045 1.895059 -3.485288
63.724613 152.087875 2.057686 -2.885405
63.868000 211.883087 1.867674 -4.645681
63.931309 368.140717 2.015858 0.184415
66.551369 65.811630 1.971705 0.971376
70.349342 116.866142 1.638661 0.131930
70.058830 406.794983 1.943852 -0.260761
71.147453 291.188965 2.127691 1.198243
73.597588 171.960831 2.139842 -4.119307
75.240730 24.594591 1.914947 -0.064923
76.199402 258.028748 2.113059 -3.097247
80.125870 580.831360 1.969107 -4.426746
81.257675 328.423187 2.074604 -0.758194
83.990639 539.048523 1.850716 -2.660928
85.117233 103.882759 1.970455 -4.447576
85.483208 204.363785 1.840301 0.970125
85.483208 204.363785 1.840301 -0.495831
89.001770 244.679565 1.710440 0.051037
90.474327 220.263824 2.095042 -0.177358
91.668427 326.776489 2.207385 -0.918000
91.668427 326.776489 2.207385 -2.335487
91.533653 517.639465 2.056640 -0.601500
92.948181 45.723312 2.240338 0.733606
94.280342 126.822342 2.030632 0.004944
94.269539 406.967804 2.025398 -0.316554
93.865623 461.665314 2.056590 -2.522426
94.682556 562.140808 1.845324 -1.111657
97.370216 203.810989 2.048190 1.262740
97.370216 203.810989 2.048190 -3.039241
101.090744 12.495704 1.920660 -0.188600
102.483620 443.470459 2.275986 -4.051549
104.919670 267.250031 1.754949 -0.004086
104.919670 267.250031 1.754949 -2.837285
106.520668 85.449532 1.876137 1.014503
106.520668 85.449532 1.876137 -0.115809
106.520668 85.449532 1.876137 -3.066340
106.638443 347.212280 1.973622 -1.540293
106.914322 549.118652 2.139702 -1.008614
106.914322 549.118652 2.139702 -2.284166
111.638794 132.985992 2.130964 0.016004
112.562080 553.316162 1.975343 -0.935408
112.846146 115.249092 1.802690 -0.099769
112.664383 387.543060 1.764607 0.228312
113.813095 69.418785 1.953220 0.326691
115.283882 165.978683 2.111497 1.111892
115.135452 227.161560 2.073893 -2.117359
119.308151 74.093185 2.003387 0.288808
119.159065 207.002213 1.941504 0.183998
118.652161 268.227142 2.144683 1.160906
118.652161 268.227142 2.144683 -2.763001
120.785767 163.861786 1.959753 1.154016
126.533058 616.473511 1.753575 0.060492
127.467216 20.075068 1.661403 1.391921
129.285767 326.009308 2.004075 0.065179
129.285767 326.009308 2.004075 -1.096418
129.910477 234.078415 2.050352 -2.611578
132.003418 83.292030 2.208006 0.082571
134.052551 17.724712 1.969024 1.334297
134.052551 17.724712 1.969024 -1.849825
133.613998 129.652435 2.125159 0.063881
138.107513 576.559937 2.097812 -0.026371
139.140991 507.864044 2.055584 0.033624
150.320206 548.741516 1.939710 -2.626333
151.137695 272.368744 1.936872 0.113507
154.008286 308.040985 1.908854 0.143712
155.823135 343.367554 2.462358 -0.472318
155.670166 555.949097 1.973239 0.156306
159.067780 133.961258 2.027095 -3.809123
160.274475 563.592102 2.265795 0.311173
160.595062 94.449112 1.867906 -3.794215
163.440170 526.969971 1.651208 -2.547014
162.895599 542.082764 1.654638 -1.172495
162.895599 542.082764 1.654638 -1.805418
164.346924 90.295982 1.981881 -3.761219
168.695679 26.037683 1.884425 -3.477968
168.996521 364.962677 1.812450 -4.684578
169.669586 264.840576 1.904069 -1.664717
169.669586 264.840576 1.904069 -2.925125
170.437927 447.399506 2.008385 -0.080381
171.039169 114.068520 1.843138 0.080044
170.343460 455.367554 1.960946 0.019789
173.307297 254.472046 1.972805 -2.226895
177.289902 324.222137 1.830760 -3.354958
177.725403 125.044792 1.856253 -0.668711
178.225067 267.100311 1.806582 -2.728996
178.948700 47.954914 1.802977 0.130795
178.948700 47.954914 1.802977 -4.454320
178.690567 498.813721 1.665410 0.859443
178.690567 498.813721 1.665410 -3.894736
179.959351 97.119476 2.138104 0.830618
181.296738 587.991028 2.170559 -3.093280
183.031250 322.415863 2.149273 -3.380581
182.583710 419.149170 2.088489 -0.149935
183.812302 113.365921 1.937063 0.323696
184.191895 270.408112 1.926602 -2.979556
185.105286 130.383270 1.850794 -0.533704
184.767242 218.937668 2.132745 -0.299799
185.173218 628.034302 2.148807 -2.847626
186.036942 89.927071 2.133966 0.808890
186.690094 543.099487 1.835606 -2.575785
188.428635 118.864082 1.887369 0.272288
188.878906 202.452820 2.118778 0.635128
189.295898 331.912781 1.821931 0.815848
189.830643 160.199341 1.995002 -0.190812
190.088791 282.634216 1.905900 -3.404209
190.955963 521.983215 1.929135 0.600240
190.955963 521.983215 1.929135 -4.690519
191.735825 341.830078 2.254675 1.237429
191.735825 341.830078 2.254675 -3.911486
193.511261 252.622574 1.772631 -0.021813
195.244400 117.621735 2.116874 0.251105
195.244400 117.621735 2.116874 -1.640249
197.244354 398.104858 1.834659 -2.587910
196.843262 520.265442 1.925971 0.538222
199.808975 121.464951 1.837131 0.352703
203.413025 502.779419 1.932139 0.729153
204.823044 148.508270 1.819600 -0.159777
207.134705 93.301224 1.974984 -4.223383
206.860687 129.589020 1.756614 0.289812
206.579086 448.346588 2.049296 -0.052763
210.171844 558.605713 2.177175 -2.547158
212.431564 379.296112 1.931848 -3.054137
211.942688 386.422974 2.068655 -0.510415
216.681213 284.706146 2.248747 -0.264699
221.143127 436.965546 1.906303 -0.100585
222.391022 600.598816 1.714246 -2.788227
223.278748 283.850616 1.909426 -0.245644
223.548752 290.424042 2.019854 -0.120260
226.557602 122.129181 2.228696 0.037704
228.529587 464.067566 1.956297 1.010365
231.406876 118.185219 2.249910 0.073047
231.457123 85.330460 1.998976 -1.891976
233.266754 269.463074 2.225685 -0.281362
237.004181 149.908234 1.943002 1.240519
240.330383 396.444336 2.013353 -1.157272
242.227768 489.216156 1.869578 -0.147436
242.809387 494.770386 1.935848 1.327867
244.511429 113.492531 1.641197 1.434604
243.797684 190.288040 1.902468 1.489921
243.983459 590.236389 1.990598 -0.134540
245.132462 402.190491 1.890043 0.468453
245.132462 402.190491 1.890043 -3.901274
244.639572 533.062500 1.947701 1.340700
244.848907 598.384460 2.194394 -0.227059
246.049377 462.222717 2.189772 -3.386559
246.211166 479.572784 1.915814 -3.047473
248.820450 272.220001 2.104631 -1.741936
252.338699 347.476318 2.053237 -4.212661
256.910004 128.916321 1.776935 1.561185
258.927368 491.348053 2.042422 1.314871
259.337616 529.051392 1.846337 1.197696
260.096252 504.218719 1.978402 -1.832110
263.764313 177.223877 2.010351 -3.473773
274.020905 146.416763 2.132654 0.112478
275.274872 174.929611 2.264835 1.104530
275.274872 174.929611 2.264835 0.374088
284.389252 8.433151 1.822374 -2.252045
284.226349 156.933273 1.894175 -1.660926
285.499634 364.084412 2.078408 -4.083449
287.949738 424.642670 2.114913 -0.045618
287.949738 424.642670 2.114913 -3.366632
289.113007 11.712420 1.995663 1.162481
289.113007 11.712420 1.995663 -2.138158
288.782593 442.475494 1.888981 0.021436
289.809753 6.140048 1.885528 -2.070623
289.941986 270.726959 1.824705 -1.515311
290.352203 615.229065 2.078900 -0.815000
292.558411 391.713623 1.783245 -3.154981
294.952454 349.324371 1.947893 -0.963893
296.388916 29.103815 2.365218 0.738013
296.238983 50.247227 2.110290 -2.255979
295.713013 118.009361 2.270520 1.352533
300.796478 264.431213 2.146509 -1.772012
303.504669 295.454132 1.951992 -2.148317
306.117584 10.455802 1.975654 1.514573
307.857361 591.276611 2.312748 -1.293266
309.820160 283.622772 1.986925 -1.351190
309.959351 585.548035 1.977490 -1.282857
316.484802 6.284960 2.133167 0.947841
315.749237 323.203522 1.957520 -1.619470
323.108124 424.777222 2.116796 -0.841694
324.261230 394.023438 1.772700 1.421232
324.261230 394.023438 1.772700 -0.007326
324.033447 449.807495 1.951428 -0.550960
324.985321 337.089539 2.047536 1.453849
325.077667 472.500458 2.104058 0.050975
325.745361 357.854584 1.817793 -0.061338
326.570984 366.078735 1.946459 -0.846057
328.567413 88.917389 1.863445 -4.641813
333.407623 461.512543 2.001062 -3.259427
332.631836 543.957153 1.934247 1.015910
334.045227 352.064514 1.924478 -2.540895
333.643585 575.846619 1.972054 -2.191635
334.743164 393.996552 1.803098 -4.132080
338.125885 70.323235 2.063540 -1.593084
340.666840 77.204132 2.443718 -0.362086
341.096771 252.715347 2.038573 -1.703464
341.350006 538.845398 2.154506 -0.145740
341.898102 397.767517 2.196967 -3.514877
342.953461 413.815125 2.022664 -3.203652
343.416046 423.321655 2.285857 -3.103593
349.186584 432.932404 1.816723 -3.155636
351.596222 361.920532 2.200023 -0.467527
351.780060 286.508911 2.188850 -2.219973
352.161560 344.179169 1.861711 0.363223
352.161560 344.179169 1.861711 -1.155695
352.310608 561.749268 1.891448 -2.111215
353.954926 270.287903 2.052304 -2.233850
354.874756 6.932830 1.818391 -3.860322
355.585907 593.938782 2.064542 0.848754
357.609497 402.228638 2.081079 -4.341949
357.603394 563.000793 1.959030 -3.023196
360.115051 369.100372 1.833942 -1.066664
360.115051 369.100372 1.833942 -2.564955
360.566406 449.106476 2.049450 -0.093496
361.240021 463.511353 2.216720 -0.009264
363.313080 127.732788 1.824078 -3.549162
363.880035 351.074646 1.991355 -3.065111
366.344055 254.484894 2.059882 -2.880258
367.838531 383.602997 1.958553 -0.413053
367.838531 383.602997 1.958553 -2.897679
368.761261 263.963287 1.830410 -2.669040
372.735321 129.644333 1.871460 -3.187360
372.921326 316.551971 2.354048 -1.733774
374.286285 328.988251 2.001742 1.510182
375.039612 345.577271 1.871514 -3.350827
376.813690 193.217773 1.980226 -3.339215
377.121216 219.164795 1.906819 -3.170035
377.053162 572.575562 1.851523 0.733062
377.562103 303.937927 2.267425 -3.352533
378.243073 334.086548 1.998703 -2.276096
378.652832 118.228195 1.784380 0.784325
378.439484 227.799927 1.878282 -2.891974
378.776703 242.933533 2.168386 -3.237622
384.711761 630.671814 2.058155 -3.090441
386.128510 14.176417 2.145890 0.154893
387.416290 191.612076 1.959657 -0.359502
399.075531 180.726791 1.786556 -0.016623
400.188019 191.491745 1.740813 -0.091459
399.878906 629.307251 2.019696 -2.498399
401.010010 333.447754 1.888244 -1.794008
402.819794 107.746071 2.227289 1.122465
405.314301 515.143250 2.104979 -0.296623
405.354889 521.779663 1.944618 -0.438793
410.423889 87.636612 1.952484 1.078058
416.611084 521.004700 2.236652 -2.777440
417.833313 73.035179 1.888186 0.466791
419.044342 575.313599 2.032102 0.054583
421.520050 95.936745 1.888491 1.208961
5.051943 465.967438 2.317665 -2.576926
7.272509 262.268585 2.652786 -3.863801
7.189610 416.464783 2.414621 0.722858
9.926256 383.938538 2.460913 -0.255143
10.724024 356.862885 2.492729 -0.407074
10.724024 356.862885 2.492729 -1.593305
13.014399 335.236328 2.420107 -0.342037
14.148849 450.138550 2.452814 -0.110294
18.843428 404.616882 2.558104 0.382528
18.843428 404.616882 2.558104 -0.848726
18.769245 23.672096 2.166271 -3.184608
19.634300 295.022858 2.647278 -2.886439
24.131056 533.456726 2.683476 -0.593692
28.470953 211.116318 2.787741 -4.365080
31.665075 531.974304 2.607694 -2.794466
33.374001 353.605743 2.487268 -0.139762
33.374001 353.605743 2.487268 -1.682198
37.132248 630.675232 2.466211 0.553794
38.139095 298.173767 2.299535 -3.815378
44.357861 330.931244 2.744978 0.395963
49.805492 5.067718 2.703972 1.515108
49.805492 5.067718 2.703972 -3.087515
54.790745 85.659462 2.461622 0.548154
62.495037 573.262085 2.563924 -4.660134
62.870529 513.130554 2.343717 -0.943754
66.988235 275.161652 2.618877 -1.653238
72.063255 16.987106 2.493932 0.437911
72.149094 351.385040 2.604185 -1.572936
71.773880 369.156708 2.805977 0.189958
74.127937 69.758972 2.577267 0.934804
73.750153 111.299934 2.515746 0.008824
75.887131 146.967712 2.328108 -1.410002
76.813858 247.441177 2.182274 -3.125366
81.890823 25.696558 2.550360 -0.078288
82.628098 111.577881 2.665015 -3.826362
86.566711 126.337822 2.501433 -0.013185
89.385674 38.439461 2.864578 1.197571
91.039307 258.033539 2.808162 0.202587
91.337326 400.809631 2.482771 0.892307
93.290787 21.514904 2.857435 -3.117719
103.021843 484.159485 2.810740 -0.024896
104.375580 630.028687 2.490296 -0.421005
105.396004 139.320190 2.153169 0.109244
104.376411 514.470703 2.489902 -0.710513
106.519615 169.172882 2.678827 0.946241
107.015923 304.421539 2.296994 -0.008848
107.620506 27.055048 2.548310 -0.138166
107.620506 27.055048 2.548310 -4.698914
108.635056 15.681263 2.450880 0.335625
111.451630 334.290466 2.657235 -0.333858
111.451630 334.290466 2.657235 -2.327779
111.569992 567.013916 2.627192 -0.821340
113.184944 578.035156 2.348788 0.691260
113.184944 578.035156 2.348788 -0.771335
113.373070 215.382248 2.598557 0.508168
114.730774 20.974573 2.574676 0.158240
115.346657 368.363922 2.628594 0.239222
116.858246 193.200806 2.345027 0.923381
121.342270 28.779314 2.759551 -4.525806
120.742188 562.932861 2.564949 -0.811817
123.316162 282.972076 2.145638 -2.952342
130.422577 64.558762 2.208496 1.129677
147.044022 148.636719 2.383811 -0.208177
150.495331 512.808044 2.400839 -3.945010
158.255432 519.788574 2.754256 -3.736089
163.000565 102.535614 2.402516 -3.618829
163.149429 341.704010 2.419120 -0.468624
166.896652 200.426514 2.489838 -2.972259
167.853546 187.334534 2.466841 -3.772632
170.734695 344.342712 2.556362 -2.306670
172.251648 47.603985 2.405559 -3.549926
172.244370 88.531212 2.291816 -0.109051
170.989441 438.367554 2.227648 -0.119743
171.831055 467.873444 2.378175 0.019476
173.893631 412.690704 2.932532 -1.625151
175.924088 151.713913 2.254871 -0.534970
175.924088 151.713913 2.254871 -3.845881
177.712021 107.069321 2.587513 -0.087591
179.154053 621.888733 2.364701 -2.726298
180.348541 577.714722 2.488316 -3.384734
181.351822 276.276276 2.667326 -0.727894
184.216003 164.854294 2.464733 -0.318953
186.847977 12.184073 2.568515 0.816425
187.990753 477.182861 2.609834 -0.001757
191.114502 548.531189 2.668756 -2.851299
194.394196 92.814156 2.566937 -4.632997
199.993393 252.616913 2.491303 -0.149216
200.641220 135.050125 2.550318 0.034869
201.076874 610.666016 2.248493 -2.625403
204.628708 109.793434 2.361424 0.224649
204.628708 109.793434 2.361424 -3.525922
204.676041 386.774384 2.553806 -2.998598
206.476227 64.999680 2.425608 -3.462691
212.467407 142.286102 2.215558 0.923157
212.467407 142.286102 2.215558 -4.495777
214.988037 368.838257 2.563961 1.451279
214.988037 368.838257 2.563961 -3.743440
217.286362 293.163635 2.435933 -0.092651
221.943909 459.521759 2.648631 -3.778179
224.234589 421.146545 2.298646 -1.627741
224.234589 421.146545 2.298646 -4.648194
225.253311 632.198364 2.375457 -2.890669
227.725693 586.945068 2.566321 -3.025331
232.212448 440.949646 2.442192 -0.157757
241.514343 48.778362 2.312680 -1.007229
243.972855 75.366211 2.499144 -1.965294
245.393356 449.689850 2.570573 -1.001536
245.393356 449.689850 2.570573 -2.259009
245.393356 449.689850 2.570573 -3.893476
248.844254 396.350372 2.457994 -4.198926
253.708923 102.116066 2.572723 -2.076806
255.007202 416.755341 2.512986 -0.125985
256.301056 449.832275 2.535407 -1.647083
256.799927 484.562408 2.414084 0.056474
262.794800 160.931732 2.453339 -2.804912
265.795135 263.682281 2.544548 -2.908764
266.719116 600.557861 2.400054 -0.732010
268.197418 545.225037 2.571545 -1.849632
274.008911 371.123077 2.614399 0.175230
274.008911 371.123077 2.614399 -3.180959
275.738922 71.731674 2.411556 -1.583115
277.771210 261.830841 2.237877 -0.236124
284.503601 332.807159 2.612049 -1.811857
289.211487 450.210052 2.664153 -0.112921
291.974182 550.887024 2.598859 -0.105014
291.974182 550.887024 2.598859 -2.307336
293.966431 514.881897 2.646354 1.016059
296.907043 133.608017 2.718161 1.255799
312.921539 554.965393 2.574055 0.971790
313.439392 465.311310 2.689680 -3.277848
319.487915 455.686462 2.467524 -0.786164
319.487915 455.686462 2.467524 -2.409773
320.341125 623.537231 2.727553 -1.574039
320.831635 352.649658 2.324238 -0.201887
327.422058 514.149536 2.630148 -1.867614
327.422058 514.149536 2.630148 -4.634116
331.536499 436.037262 2.577916 -3.240981
332.960754 449.162781 2.284710 -1.376696
332.960754 449.162781 2.284710 -2.437928
332.960754 449.162781 2.284710 -3.307427
333.543549 7.808904 2.460464 1.373809
338.560974 431.093842 2.892023 -1.000060
338.560974 431.093842 2.892023 -2.950798
338.629639 27.471561 2.380815 0.542644
338.629639 27.471561 2.380815 -4.698581
341.444489 539.432983 2.296249 -0.127112
345.576599 87.576050 2.402559 -0.259749
347.522827 141.683075 2.673650 -1.984775
353.263489 16.745411 2.551181 -3.970217
356.972748 281.257050 2.255629 -2.426568
365.036133 518.196533 2.815233 0.134106
365.036133 518.196533 2.815233 -3.384228
373.074554 577.005005 2.570592 0.803564
372.778259 629.824219 2.624152 -1.336276
375.701385 281.955994 2.593099 -2.641451
377.713989 13.864190 2.676441 -4.571587
385.070801 24.197958 2.402470 -0.043165
385.070801 24.197958 2.402470 -1.903942
385.070801 24.197958 2.402470 -3.888509
394.131866 313.527710 2.797382 -1.771125
394.776031 252.476334 2.671508 1.219906
403.521515 70.851982 2.742189 0.857762
406.978607 534.927979 2.454201 1.407154
408.989807 559.734131 2.529693 -0.196640
411.474823 527.993774 2.630247 1.493166
412.214722 467.505493 2.827963 -3.007721
413.218597 483.148407 2.818359 -3.218688
414.142944 367.511536 2.268266 -0.090382
415.009186 502.043610 2.677529 -3.044964
415.754089 509.298828 2.630924 -2.957169
417.729034 533.883301 2.671227 -4.620960
418.591705 590.797852 2.821174 -0.714644
420.340424 559.592834 2.523149 -3.253697
423.023468 7.375117 2.361890 -4.694331
6.228521 227.228165 2.998968 -0.554073
20.617857 443.106720 3.609114 0.191408
21.765102 42.702583 2.816217 -3.136040
36.436295 42.271721 3.211480 -4.622438
41.315845 452.495392 3.319681 -3.495816
42.058006 444.977905 3.435304 -0.213638
51.906857 33.297680 3.568481 0.567751
51.884155 169.525848 3.403207 -2.039813
51.884155 169.525848 3.403207 -3.141427
59.066273 292.683868 3.333210 1.287917
59.507469 320.560150 3.792541 -1.975783
58.811756 421.301331 2.938383 -0.448201
66.410912 48.425011 2.838137 0.701846
67.170326 343.852325 3.370258 0.668633
67.170326 343.852325 3.370258 -0.601683
66.692528 443.606842 3.078466 0.168102
66.692528 443.606842 3.078466 -1.859860
69.178032 9.164627 3.111239 1.320017
73.746529 620.938354 3.219616 -0.910400
80.478256 613.727783 3.646688 -3.043532
80.595940 627.309631 3.193692 -3.070308
82.194695 181.449203 3.572269 -4.330237
88.933571 235.842834 3.195364 0.367632
89.790985 68.758286 3.244790 1.120887
90.793686 348.586914 3.071796 -1.727804
92.510933 5.788204 2.761846 0.700985
92.510933 5.788204 2.761846 -4.342090
92.544968 494.213440 3.417182 -2.267895
92.544968 494.213440 3.417182 -3.463080
100.146767 113.709869 2.850486 0.917475
99.899437 185.818558 3.034381 1.182127
102.485832 97.162148 3.453020 0.178619
104.245918 461.463501 3.075514 -2.174656
109.828171 478.124237 3.138433 0.235818
113.068680 434.736389 3.006360 -2.524073
113.552406 295.906219 3.101482 -2.424187
113.552406 295.906219 3.101482 -3.886702
115.003983 586.640869 2.956907 -0.281344
116.017609 48.063026 2.885510 0.963453
119.088333 540.706482 3.281057 -2.832177
120.762512 491.922089 3.025568 -2.672079
125.400131 87.466003 2.876310 0.525972
126.991188 298.287964 2.824027 0.094717
164.169266 75.163696 3.079660 -3.596178
167.608047 594.320312 3.142831 -0.169899
170.726898 236.854721 3.248785 -4.169860
179.937103 477.811096 3.493064 0.088531
184.248901 288.600250 3.010374 -0.336376
187.377762 300.264893 3.469587 -0.607552
190.683929 148.712097 3.220372 0.021676
191.662750 138.132660 3.606970 -0.169989
196.376709 209.952133 2.922950 0.316847
196.062897 499.652832 3.633133 0.985570
197.655960 566.463623 2.956501 -2.302981
200.800934 442.385010 3.074700 -2.304418
204.472809 402.249603 3.470525 -2.232102
206.354660 70.987656 3.192695 -4.050183
210.679764 491.097046 3.109468 0.763517
224.593002 103.951157 3.125038 -0.038616
225.660477 554.347656 3.451957 -2.714656
229.066605 519.849182 3.238382 -3.036459
233.849274 355.878937 3.200468 -0.377149
242.367096 105.819931 3.380069 -1.985686
243.178162 501.563324 3.546315 1.202673
243.178162 501.563324 3.546315 -1.889151
243.755966 516.474548 3.013005 -2.606325
247.498550 416.306885 3.025342 -0.060795
249.140808 614.851868 2.929407 -0.578270
251.276627 551.187134 3.278494 -1.344332
252.685928 102.516769 2.929108 -2.159922
259.544739 497.923553 3.466410 1.258503
259.544739 497.923553 3.466410 -1.918273
273.476013 321.237488 2.973219 -0.091679
277.785919 473.153900 2.957170 0.239076
279.497101 580.831421 3.631707 -1.409870
281.582214 324.903809 3.338019 -0.232607
281.582214 324.903809 3.338019 -1.758996
284.091705 342.588074 3.253679 -1.190101
286.771118 26.765171 3.185368 0.993579
293.510681 548.711792 3.247355 -2.692432
307.589294 414.499268 3.238288 0.015172
312.006073 424.829803 3.049049 0.098350
311.494904 449.175537 3.242447 -1.291064
311.494904 449.175537 3.242447 -3.655604
312.887665 473.337616 3.169195 -3.237674
314.388184 339.364807 3.199415 1.358013
321.448975 392.560852 3.106146 1.267372
334.826050 106.485672 3.265476 -4.708235
336.831818 289.188354 3.154788 -1.056291
336.831818 289.188354 3.154788 -2.435047
338.479034 431.137421 2.857963 -1.198867
338.479034 431.137421 2.857963 -2.790818
339.351929 440.665314 3.238210 -3.486649
342.117584 356.409515 3.236854 -2.384264
343.451141 112.254929 3.202007 -4.423111
347.661438 449.061768 3.394598 -0.971674
347.661438 449.061768 3.394598 -2.789312
347.661438 449.061768 3.394598 -3.652794
348.759216 78.086830 3.131737 -0.252160
349.249084 464.379364 3.126916 0.097356
349.249084 464.379364 3.126916 -3.301149
349.457794 474.341461 3.433359 -0.003747
349.457794 474.341461 3.433359 -3.222470
350.125488 578.169128 2.932263 -0.162075
353.642090 248.992569 3.552706 -2.878345
357.972687 347.885101 2.901293 -3.127567
359.905579 359.603973 2.796262 -0.425593
359.905579 359.603973 2.796262 -3.302596
361.595551 66.783257 3.009018 -2.206138
364.965210 339.624512 2.859275 -3.124514
372.743500 64.109962 3.119073 -1.834915
375.111694 253.957382 2.888823 -3.068673
374.430176 424.227814 3.377881 -3.275637
377.061127 532.433105 3.013522 -3.922662
384.245148 293.642456 2.902630 -2.804398
385.174774 23.189884 2.774778 -1.876288
385.359253 455.422150 3.570855 -3.310589
386.767548 57.118073 3.028395 -2.834225
389.028748 272.188049 3.380716 -2.594549
389.028748 272.188049 3.380716 -3.544344
390.549805 511.959351 3.546155 -0.503993
390.549805 511.959351 3.546155 -2.855954
395.432312 454.674835 3.453251 -3.327494
400.908966 128.402466 3.312411 -1.584303
409.164703 430.504822 2.967629 -4.100182
410.734406 455.047485 3.339067 0.015733
410.734406 455.047485 3.339067 -3.248221
414.303772 262.040894 2.831397 -1.235861
420.149597 363.663818 3.017933 -0.094836
13.214141 271.846710 4.032960 -4.034645
13.138452 472.490479 4.199962 0.045689
14.773275 222.386368 3.928394 -0.710193
14.773275 222.386368 3.928394 -2.787967
18.063400 244.594055 3.968816 0.181809
18.063400 244.594055 3.968816 -3.474864
18.271744 259.901215 3.864260 0.305901
22.678486 148.208176 3.652016 1.324169
27.917988 173.805786 4.010209 -1.923766
34.510506 464.065308 4.450260 -3.377559
38.423203 349.702515 4.618688 -1.838420
42.647671 63.773811 4.076306 0.818290
42.645546 494.580292 3.779946 -0.907613
42.645546 494.580292 3.779946 -2.298324
47.050457 318.321808 3.931402 0.114339
57.936844 128.334320 3.506915 -0.060325
58.907906 627.209290 4.068007 -0.172923
60.420429 406.971497 4.225840 -0.142040
76.986099 472.123901 3.816095 -0.039284
80.050392 629.091248 3.651933 -3.077567
81.826454 181.232971 3.554246 -4.433012
80.868088 418.055054 3.771742 -2.210363
80.868088 418.055054 3.771742 -3.361483
84.358932 16.926765 4.623588 1.503846
90.245232 266.438080 3.761370 -0.091494
94.276489 25.234009 4.622571 1.159115
105.935852 62.788525 3.968471 0.902935
104.099922 270.530579 3.930655 -2.870378
109.285675 117.424706 3.776621 0.271949
120.152321 279.340607 4.385159 -3.026459
149.011246 146.411697 4.162526 -0.122422
155.481186 390.578735 3.768119 0.041027
169.987320 91.778427 4.216928 1.069360
169.987320 91.778427 4.216928 -3.946993
170.808609 279.861389 3.893079 -2.950563
176.815491 203.894485 3.948266 -0.419099
181.737320 372.172394 4.127143 -3.239780
180.832870 551.647461 3.866254 -2.807368
194.717697 107.178169 4.138176 0.725699
205.241898 268.207611 3.888440 -0.605989
209.226608 23.901140 3.828180 -4.132037
209.078033 98.702538 3.869944 -3.976314
211.491318 461.078461 4.128150 -3.720170
214.161530 296.692322 4.999430 -0.228983
224.322952 150.502182 4.485912 0.427411
224.129959 394.100616 3.942014 -3.038302
225.404022 554.292053 3.543711 -2.697705
232.066177 371.473969 3.233917 -0.051960
232.485886 9.681641 4.168111 0.300151
232.470520 55.360680 4.173691 0.112982
232.470520 55.360680 4.173691 -2.839753
233.881607 75.130333 4.357016 -1.950802
235.169998 97.596901 3.979257 1.233732
240.320740 347.021606 4.373749 -4.384018
241.370926 427.179199 3.679765 -0.125883
243.695541 64.424835 4.040988 -0.044404
243.695541 64.424835 4.040988 -3.533377
244.437653 541.833130 3.778702 -1.377652
250.197510 103.562698 3.516281 -2.289348
250.996384 275.545868 4.397765 -1.744439
253.311844 459.234650 3.717726 -1.648460
256.231110 68.000816 4.245820 -2.815589
260.780884 536.884277 3.999834 1.139178
275.716461 62.334820 4.109964 -0.231981
275.716461 62.334820 4.109964 -1.474668
276.832916 534.363464 4.553395 1.218945
276.832916 534.363464 4.553395 -2.097422
278.513794 556.828491 3.893070 -2.710019
282.009338 164.639587 4.276104 1.200477
282.009338 164.639587 4.276104 -1.559047
289.166107 93.408516 4.530527 1.361536
289.166107 93.408516 4.530527 -2.177121
294.706818 527.321045 4.157912 0.929878
294.706818 527.321045 4.157912 -2.070235
300.350372 482.610748 4.171693 -3.265987
305.356750 505.006134 4.203954 1.024211
304.281036 593.790894 4.932959 -1.380258
319.642883 436.296631 4.367408 -1.132619
337.059845 623.659973 4.100121 -1.379671
339.462341 522.423584 3.826769 -0.017955
342.126038 507.730103 3.659938 0.878175
345.348907 10.892529 3.745869 -4.389069
346.560944 161.691956 4.476923 -4.703440
351.031372 411.386505 3.721508 -3.360157
350.664764 519.046936 4.222826 0.127279
351.173859 530.272400 4.119914 -0.178180
352.150482 551.498962 4.811426 -2.595889
353.126343 248.495285 4.050818 -2.817400
352.321777 325.858246 3.697185 -1.771166
355.826782 335.295288 3.882178 -4.707982
357.137085 314.645203 3.846479 -1.893872
376.416260 447.650879 3.969752 -3.315421
392.184235 536.624084 4.008411 -4.263532
393.754486 557.279907 3.894346 -0.323500
400.681610 527.691711 3.912131 -4.485898
419.723694 329.946777 4.174205 0.122121
20.970369 327.927734 5.256091 -0.923744
28.509447 113.037354 4.659551 0.375742
43.044823 266.813416 5.342567 -1.655842
60.735336 499.861908 5.648678 -1.019571
72.066391 402.642517 4.485442 -0.098297
72.066391 402.642517 4.485442 -3.366708
85.151932 445.129089 5.257286 0.305959
85.151932 445.129089 5.257286 -2.615552
91.576118 315.374084 5.020228 -1.714574
93.302826 283.973785 4.876298 0.470276
93.160858 333.957245 5.423265 -0.533796
93.160858 333.957245 5.423265 -1.706966
93.387207 380.427979 5.064990 1.083167
111.845825 326.981689 5.100607 -0.215772
114.122139 492.863068 5.130513 -0.082072
122.755196 195.522629 4.435031 0.305009
120.071320 268.223541 4.434175 0.053882
120.467468 278.881409 4.466061 0.036305
118.725945 368.933044 4.745603 0.171164
172.093063 490.708191 4.919872 1.559598
185.397705 533.233459 5.376938 1.402617
185.397705 533.233459 5.376938 -2.142084
191.537033 436.155670 5.045719 -0.123354
191.197433 461.201660 5.109508 0.037177
194.924606 579.151489 4.580219 -2.460434
201.659790 350.591583 5.376045 -2.439390
205.613770 129.442017 5.446277 0.231824
235.502106 187.779373 5.087549 0.442836
239.648865 333.373871 5.379167 -1.246466
245.026276 128.696503 4.583573 1.408877
257.083893 157.505356 6.038976 -2.348534
258.760498 575.341064 5.113882 -0.112267
258.760498 575.341064 5.113882 -1.164386
267.107300 73.872414 5.607942 0.783274
267.107300 73.872414 5.607942 -2.617863
267.454254 589.092712 4.698310 -1.309901
276.554688 455.311523 5.319283 -0.032482
276.554688 455.311523 5.319283 -2.390784
284.369537 176.811066 5.356650 1.111849
286.898926 400.499390 5.024365 -0.015706
286.898926 400.499390 5.024365 -3.161498
287.399597 565.317566 4.714059 1.042943
290.137390 448.971344 4.691396 -0.081030
293.683502 300.613464 4.750199 -4.004009
296.789276 580.466980 4.718988 -1.348212
300.656403 460.087952 4.918547 -1.836194
303.651093 558.512207 4.948352 0.917702
312.615967 517.615051 4.995784 -2.064285
319.020050 404.937653 5.502095 1.158577
319.020050 404.937653 5.502095 0.157463
332.976776 562.553772 5.326037 -2.428373
337.202545 77.514893 4.790228 1.547992
337.202545 77.514893 4.790228 -0.613383
337.202545 77.514893 4.790228 -1.798083
338.804749 314.883423 5.553739 -1.742084
338.577454 367.317444 4.903430 -1.230694
339.128845 386.436890 4.908393 -4.246495
343.221405 63.335503 4.914110 1.343948
353.424255 82.786774 5.195929 -0.276773
354.856537 119.535500 4.644436 -3.944178
356.298309 624.098328 5.371617 -1.341201
359.011932 260.780884 5.040915 -2.325408
375.930664 54.102364 4.575653 1.328856
375.183289 590.829224 5.561641 0.601905
376.447510 405.098480 4.889684 -1.060482
376.447510 405.098480 4.889684 -4.187652
381.500732 522.460815 4.963417 -3.785131
386.752258 372.217712 4.852853 -4.608471
396.990967 593.157410 4.745886 -2.669304
405.375763 149.692459 5.114446 1.031004
410.488373 369.227753 5.145088 -0.044853
419.541534 426.822845 5.472528 -0.977462
419.541534 426.822845 5.472528 -4.422155
420.787628 65.749252 4.926837 1.088765
23.548372 363.153564 6.405684 1.076743
23.548372 363.153564 6.405684 -1.381061
48.740944 464.714020 5.823792 -0.339624
48.740944 464.714020 5.823792 -3.566789
53.505600 104.741341 6.835929 1.119701
57.238220 278.825836 5.953628 -1.797350
76.626656 605.039673 6.765668 -4.336188
79.395592 505.009644 6.707632 -0.830949
91.721321 151.890442 5.926062 -0.946938
93.652794 300.003937 6.163765 -1.398760
101.550552 446.694946 6.525613 0.179657
101.550552 446.694946 6.525613 -1.993676
115.171219 144.835098 6.150365 -1.242262
136.321960 155.015884 6.701359 -0.009931
151.415298 143.575500 6.338426 -0.074819
149.968628 172.535751 5.710976 0.110774
185.841110 298.610291 5.983924 -0.712053
218.530182 65.422928 5.726989 0.175243
224.242081 453.376099 6.444157 -0.166256
251.914841 483.460724 6.926798 1.250367
251.914841 483.460724 6.926798 -1.844868
257.827301 322.396667 7.016847 -1.344065
272.176666 166.448837 6.656155 1.068275
286.098511 149.010559 6.570343 -1.532492
303.162628 364.721527 6.741727 -1.104146
303.552795 410.166626 6.171787 0.249185
321.423737 316.499695 6.271673 -1.564970
349.774872 294.433350 5.824754 -4.492538
353.570587 394.085663 5.845375 -3.974221
355.063965 32.982140 6.446274 -2.071230
377.715118 614.565979 6.253864 -2.464603
404.525085 120.775009 7.309496 -1.507325
18.121086 598.622498 8.881707 -4.664702
31.394974 474.646667 7.973434 -0.569997
50.311943 157.069778 8.225239 -2.770077
49.878731 522.521484 7.628675 -1.168143
56.766724 550.517700 7.010086 -1.359412
80.917496 163.864120 8.228000 -0.955886
152.959213 141.950928 7.607627 -0.064968
153.014923 182.737793 8.538229 0.082717
184.496170 321.952850 7.110337 -3.872356
241.913666 559.112244 8.531702 -1.065627
256.416962 321.709717 7.255088 -1.378780
266.607452 345.112701 8.478108 -1.301466
268.488953 395.558014 7.323278 -0.014265
268.488953 395.558014 7.323278 -4.211930
285.715790 510.716522 7.947301 1.061676
285.715790 510.716522 7.947301 -1.810776
340.962311 133.434296 8.556972 -2.263116
386.888428 389.962219 7.480303 -1.009639
405.180603 119.642723 7.723718 0.735325
405.180603 119.642723 7.723718 -1.350173
409.099487 153.776321 7.755669 0.670288
26.100296 538.072327 10.662367 -1.529183
43.526394 444.368622 9.024693 -0.793701
66.823578 311.106750 9.622024 -1.657824
133.575851 156.439011 8.728235 -0.010622
170.607422 468.424225 10.054869 0.172214
171.063538 430.158295 9.360951 -0.447294
215.093521 254.088867 10.312444 -0.306798
246.438522 154.822479 9.802420 0.611762
251.579071 447.432587 10.433003 -0.249926
315.886322 572.100525 8.890513 0.902655
315.886322 572.100525 8.890513 -2.003785
326.330536 350.296387 9.659838 -1.075172
326.821045 536.441467 9.526877 0.829679
326.821045 536.441467 9.526877 0.120981
331.291779 409.562286 11.363076 -3.960940
1.106481 308.902740 14.014750 -1.295999
29.644857 189.841873 14.572827 1.513924
76.585976 541.936279 11.581605 -1.217667
211.959015 252.604156 11.963687 -0.306654
245.607101 255.699661 13.048711 -0.417140
315.228088 284.121185 14.083367 -1.717300
369.568268 611.293152 12.872206 0.585278
369.568268 611.293152 12.872206 -1.145169
369.568268 611.293152 12.872206 -2.159963
373.408386 99.443291 13.101808 0.785502
159.456528 250.910645 14.398479 0.013957
199.731888 192.409180 16.091703 0.144070
376.715088 148.291565 15.214666 0.221698
376.715088 148.291565 15.214666 -3.495100
389.874542 335.278473 15.668653 -2.766217
164.304535 382.053711 21.975872 -0.126100
266.578247 93.500740 23.116222 1.189950
175.142014 552.933777 30.728613 0.040647
91.236687 159.618576 53.495350 0.131718
283.481232 210.412689 56.174065 0.090349
287.905853 476.093353 54.064602 -0.640823
