12 533
21 501
22 502
45 533
46 531
92 311
96 13
106 31
109 756
111 533
115 756
116 673
117 673
118 42
119 45
121 331
122 46
123 334
134 55
136 55
146 64
147 543
148 340
163 351
164 352
169 353
172 77
175 81
178 87
180 502
185 98
187 105
188 101
190 374
192 106
198 109
200 112
201 462
203 117
204 291
205 119
206 118
207 120
208 128
210 126
212 138
214 134
220 140
221 137
224 139
226 146
229 143
230 150
231 197
233 142
237 160
238 161
239 157
240 164
241 159
243 469
244 181
245 430
246 163
247 177
248 165
254 425
256 426
258 188
259 431
260 190
261 191
262 184
263 192
265 186
266 193
271 195
274 204
275 202
277 192
278 208
281 205
282 210
292 453
293 221
295 215
297 224
298 218
300 90
304 665
337 121
349 312
364 321
367 47
370 334
371 332
373 359
375 341
377 55
378 333
379 540
388 347
396 362
403 367
404 368
405 369
407 371
410 384
413 113
414 116
415 573
416 567
417 386
418 387
420 130
422 576
425 395
427 396
433 408
434 430
438 418
439 419
440 420
451 433
452 432
454 435
455 440
456 441
457 446
458 444
460 214
461 613
462 614
464 457
465 460
466 467
467 805
468 461
481 754
501 533
504 881
512 528
518 533
519 533
520 755
521 756
522 334
523 536
525 336
531 356
533 548
536 667
537 671
538 555
540 672
542 559
543 560
544 561
547 563
548 573
549 571
550 572
551 578
553 579
554 582
555 583
556 584
557 588
558 586
561 409
564 590
566 598
567 595
568 596
571 594
572 712
573 605
574 601
576 602
577 607
578 429
579 430
580 603
582 599
583 196
584 436
585 438
586 439
587 610
588 445
589 611
592 450
594 614
595 717
596 459
597 241
598 455
601 612
603 464
604 618
615 30
638 47
640 588
645 56
648 554
650 666
653 670
654 555
657 678
659 766
661 676
662 674
664 680
665 677
671 686
672 687
673 682
674 683
677 395
681 689
682 694
683 776
684 775
685 698
687 703
690 714
692 709
693 710
694 706
695 196
697 609
698 608
700 720
702 723
705 533
718 751
719 755
721 754
723 757
726 759
727 760
728 761
729 762
732 764
733 768
735 769
736 770
742 773
745 772
746 688
748 690
750 774
751 777
754 778
756 707
757 708
758 781
760 705
761 782
762 784
764 135
765 605
766 718
767 786
768 179
770 716
771 788
772 721
773 790
774 840
776 502
784 196
789 807
790 809
791 840
796 811
797 813
799 846
800 816
802 818
803 819
804 823
805 825
807 826
808 787
813 359
819 845
820 846
821 868
822 847
823 848
824 851
825 852
826 824
827 856
828 857
829 858
834 840
835 867
836 866
842 872
843 853
844 854
845 873
850 877
853 880
855 881
856 887
858 889
859 890
860 892
861 898
863 901
865 902
