4.607872 289.972931 1.987367 -1.516899
5.433479 403.822998 1.981251 0.808767
5.433479 403.822998 1.981251 -0.461285
6.000008 220.125458 1.920701 0.230312
7.061847 610.374512 2.056838 -2.850153
9.686074 22.944332 1.831601 0.926297
12.415515 48.313595 1.960984 1.555607
16.063877 391.287140 1.923649 -2.702019
18.056009 161.037247 2.183273 0.825944
19.179033 497.706635 2.050640 0.109505
18.818098 580.689392 1.865816 1.335908
21.547878 503.492126 1.973403 -1.435936
21.448475 555.574280 2.216859 -0.765921
23.467285 242.843521 2.106110 0.780399
23.467285 242.843521 2.106110 -1.755927
23.701258 484.312286 2.018945 -1.500115
26.835678 249.065887 2.054081 0.469793
26.835678 249.065887 2.054081 -1.805644
28.872137 9.044315 2.138358 -0.196919
29.163124 263.172516 1.819434 -0.088257
30.978214 459.787323 1.820807 1.102420
31.535736 507.501007 2.419803 -0.862572
31.535736 507.501007 2.419803 -3.628398
32.341553 491.138916 1.986200 -2.968411
35.027153 177.620300 1.945202 0.249807
36.903088 117.210457 2.059702 -0.219489
37.940346 206.847549 1.938598 0.824188
39.611900 212.290756 1.858407 0.895642
40.004360 347.366577 1.866325 -1.688044
39.819660 391.510468 2.021145 -2.061903
41.329845 155.416290 1.722448 1.321244
41.103039 321.291718 1.963031 -0.288988
42.121223 55.144814 2.250621 1.036545
42.121223 55.144814 2.250621 -3.189368
45.887478 173.081223 1.908695 1.368855
47.990440 315.975281 1.815779 0.101268
51.042500 476.942078 2.116566 0.060745
53.055420 25.968248 1.992134 1.321163
53.055420 25.968248 1.992134 -0.090199
52.881832 31.604559 2.211481 1.229167
54.892467 542.037659 1.836223 0.001652
60.490433 549.463196 2.210828 -2.410558
62.497353 9.576823 1.838875 1.083524
63.218712 616.164001 2.250611 -2.672541
64.538567 312.702393 1.771649 0.078838
65.934769 557.302368 2.167046 0.175072
68.278656 142.403259 2.309336 -0.154283
69.114746 379.635834 2.088144 -1.398324
69.000313 636.630798 2.021749 -1.123286
72.010902 606.708374 1.933212 -1.754289
75.976891 282.555786 2.101219 -0.236778
80.815300 188.055542 2.223829 -3.573938
81.506561 626.708435 2.074131 -0.197225
82.557175 276.715027 1.933028 -3.174262
84.273964 447.736420 2.028961 -0.049648
83.824303 536.945496 1.962539 -1.380083
85.277016 250.749588 1.855858 -3.170825
85.244049 426.532654 2.104904 -0.324076
88.788025 106.631187 1.931175 -0.008179
88.788025 106.631187 1.931175 -3.609488
90.310295 505.729340 2.118711 0.970340
90.310295 505.729340 2.118711 -3.938145
91.929047 94.145737 2.139714 -3.647388
91.658051 588.910889 2.176445 -2.837603
98.142654 509.973175 2.079222 0.829649
99.306900 261.930054 1.855962 -3.000993
101.017059 599.352661 1.992849 -2.562811
102.454880 14.775810 1.888231 1.271768
102.221390 221.303574 1.967498 -3.287991
105.493584 215.656448 1.863899 -3.030315
107.345093 13.605289 1.829087 0.455744
107.011002 246.058670 1.833647 -3.267084
107.946342 377.049500 2.060917 -3.313863
110.490463 38.594570 1.971336 0.181856
110.490463 38.594570 1.971336 -4.384220
111.552063 69.711967 1.812553 0.256156
115.172279 212.746780 1.701576 -3.734895
119.033882 325.288849 2.108166 -0.169960
119.033882 325.288849 2.108166 -1.640798
119.243958 408.546173 1.922921 -1.772792
121.180573 447.353516 2.149090 0.053482
121.339897 575.839111 2.134206 -2.779433
123.732704 284.265289 2.049255 -3.688395
123.781517 295.792725 2.257261 -3.865649
125.459991 169.581696 1.945807 -2.817516
125.273773 227.140366 2.145768 -3.306423
127.039185 385.593018 1.932391 -0.631584
130.882751 89.183311 1.871080 1.559037
130.882751 89.183311 1.871080 0.755076
130.810883 620.751953 1.991533 -2.816499
133.154053 182.930511 1.807356 -0.407855
134.982986 251.832443 2.110046 1.375415
136.159485 26.663237 1.891657 0.027333
136.413391 291.238892 2.165689 0.719562
136.769348 79.824524 1.870757 -0.071666
138.769592 408.765961 2.180326 -0.545366
140.987259 535.751038 1.812567 -2.495079
142.046722 463.656616 1.930608 1.094331
142.962173 295.194336 2.107382 0.814966
151.356400 121.974205 1.937880 -0.053229
153.373489 267.632538 2.425223 -0.156138
155.812759 117.204613 1.790750 -0.020306
156.156464 124.662056 2.003367 -0.000950
157.196869 35.562675 1.925607 0.086071
157.257187 83.937195 2.033726 -1.752324
156.946304 494.036652 2.005108 1.325883
157.394058 604.449097 2.243749 -0.075804
157.426285 506.951599 1.785959 -1.767934
157.497757 532.296265 1.966970 1.285071
161.006744 353.439941 2.090977 -0.337516
161.006744 353.439941 2.090977 -2.995467
161.036774 461.397003 2.049323 -3.414865
161.444946 447.136261 2.275927 -3.867349
164.261353 594.863586 1.870229 -0.831353
165.399872 396.474640 2.018362 1.075701
165.399872 396.474640 2.018362 -4.290960
170.307327 346.895050 1.870328 -4.209077
172.477020 527.972778 1.932829 1.179011
172.964523 490.517517 2.090036 1.322614
173.470139 503.192413 2.070086 -1.813439
174.588455 308.219360 1.638419 1.499554
185.279327 559.690613 1.946158 0.027344
185.959885 493.518219 2.191293 0.428678
185.959885 493.518219 2.191293 -1.639792
186.291977 579.883850 2.230859 -1.358729
186.687256 161.696121 2.343316 -1.970852
186.687256 161.696121 2.343316 -2.884449
186.760818 178.178513 2.191618 -3.349794
186.760818 178.178513 2.191618 -4.711368
186.706879 263.842621 2.226209 -2.856183
190.163147 541.039062 1.841465 -1.996379
190.130157 619.109558 1.889775 -0.956862
200.783295 628.912292 1.940073 -0.691194
202.446045 365.050140 2.356651 -4.016969
203.590836 581.071228 2.093105 -1.306919
205.622238 266.718445 1.796981 -1.209644
210.324326 273.371094 1.902545 -1.601159
213.247681 11.729301 1.826931 -1.992936
214.123474 350.052338 2.129902 -0.895409
219.436646 10.209352 1.885322 -1.813479
220.481781 353.625366 1.811263 -1.034752
220.938400 582.344299 1.925086 -1.312457
223.232269 295.293823 2.216038 -2.103708
222.947357 415.994843 2.250761 1.271002
223.050888 526.608215 1.757898 -1.869285
223.837250 54.444656 2.050709 -2.352532
224.049179 591.185242 1.945016 0.008717
226.568314 421.902100 1.959657 1.390739
229.045761 271.917816 1.887094 -1.657363
233.595551 17.008835 2.170242 1.535502
236.437775 347.548279 2.099771 -0.954433
237.539734 400.173828 2.261674 1.376570
237.539734 400.173828 2.261674 0.270356
237.539734 400.173828 2.261674 -3.309096
237.869125 33.759418 2.002151 1.457538
237.504471 414.365631 2.312080 -0.136445
237.898376 449.021881 2.089662 -0.201208
237.953384 462.696106 2.330538 0.070672
238.707489 472.149689 2.384258 0.065159
240.840744 394.262299 2.009899 1.568992
240.840744 394.262299 2.009899 0.063966
243.174133 518.110657 1.913794 -1.957329
243.121628 542.287537 1.971217 1.015694
243.577438 338.209259 1.942998 1.464776
244.084656 572.156677 1.898607 -2.200402
244.990967 13.581957 1.869840 1.482055
246.048462 133.995972 1.836988 1.401318
245.946274 442.832520 2.038482 0.233228
245.946274 442.832520 2.038482 -3.387730
246.921371 48.899109 1.891555 1.208555
246.686172 449.183075 1.803204 -1.200709
246.686172 449.183075 1.803204 -2.570975
248.679825 41.775131 1.974432 -0.517764
249.997986 615.351379 1.856560 -3.055033
250.935333 10.462473 1.941034 1.220574
251.014801 36.165199 1.806761 -0.809416
252.046585 353.462097 1.860190 -2.527887
253.345078 587.863220 2.302841 -0.007148
253.345078 587.863220 2.302841 -2.989470
253.357849 26.669149 1.850518 -4.560270
253.724503 95.549568 1.901642 -4.536230
257.361877 355.141632 2.082921 -2.489402
259.132751 247.124908 1.997341 -1.002352
262.536041 558.078979 1.809929 -2.150567
263.641510 36.948822 1.977286 0.363131
264.247711 589.772217 2.066301 0.862272
268.159393 248.258896 1.891247 0.074416
268.973663 363.134216 2.171170 -0.409465
270.250580 28.326803 2.166212 -4.468603
269.834015 345.925659 1.867944 0.410955
269.834015 345.925659 1.867944 -1.142886
271.900238 273.710602 1.798472 -2.082799
271.985870 403.528595 2.107547 -4.261039
272.001465 422.562073 1.809041 0.044958
273.409973 462.629608 2.236458 0.055527
274.586182 253.787735 2.250555 -2.978088
276.900360 629.008118 2.187828 -1.353803
277.964081 199.070236 2.081695 -3.218158
278.966644 27.524191 1.887738 1.519555
278.966644 27.524191 1.887738 -3.641772
280.657562 287.662659 2.053633 -0.352813
283.345703 385.009674 1.962216 -0.434812
283.345703 385.009674 1.962216 -3.344941
284.351624 259.148102 1.959663 -2.791919
290.994354 346.926117 1.999264 -3.304194
292.290070 368.100769 1.878364 -2.219773
293.869781 307.007874 2.127064 -3.044766
295.202545 137.679138 1.980878 -3.151318
295.734650 350.547913 1.895035 -3.245545
296.911926 199.411209 1.641624 -3.262856
302.108612 110.691277 1.892831 0.846230
302.804352 510.124146 2.071067 -3.039423
303.590179 27.188395 2.053606 -2.608901
303.590179 27.188395 2.053606 -4.365876
304.631989 620.439941 1.827337 -2.676747
308.820587 131.084534 1.826975 0.181898
311.845825 466.761017 1.924973 -0.301048
313.258545 500.838043 2.084282 -0.233710
315.471741 32.265942 1.977133 0.029111
314.071533 280.548035 1.819373 -1.962857
319.017029 199.682449 2.151974 -0.060606
320.976410 101.419502 2.221880 1.071373
322.783539 612.854675 2.110185 0.380168
324.738403 119.635155 1.992579 1.218075
323.794769 582.156433 2.042628 -0.665654
324.710968 530.075317 2.228047 1.483633
324.710968 530.075317 2.228047 -3.784537
326.202881 555.388000 2.041301 -3.067267
327.938812 370.119324 2.051442 -0.064216
330.173584 267.295654 2.226158 -1.075354
339.967987 108.795464 1.796902 1.357049
340.849365 398.354980 1.902864 -3.343113
342.155975 312.018433 1.961291 -0.497829
342.892517 293.263580 1.883064 1.483618
343.139069 349.793335 1.917476 0.601977
343.139069 349.793335 1.917476 -1.834096
343.877197 102.857994 1.872648 1.378869
346.867523 250.974045 1.981619 -1.837535
346.918701 404.830994 2.194940 0.361881
346.918701 404.830994 2.194940 -2.851165
355.338776 17.635731 1.880274 0.582016
355.338776 17.635731 1.880274 -0.478628
355.338776 17.635731 1.880274 -4.579600
354.878143 227.058411 1.871527 -3.100949
356.031250 444.005676 2.326611 -4.256073
357.943085 10.310816 1.785289 -0.273536
357.739777 309.737823 2.085662 -0.913625
357.579773 580.762695 2.120661 -0.185581
361.998016 32.898003 1.980783 -1.736408
363.587921 394.038635 2.128676 -0.803662
365.994385 634.799072 2.136813 0.042629
367.166382 314.104950 2.090930 -1.690575
369.308319 6.884819 1.882079 -3.826761
368.621735 240.036362 1.881683 -1.857795
368.621735 240.036362 1.881683 -3.335188
373.445679 303.480621 2.198081 -4.418586
373.400024 375.272614 1.890574 1.570327
373.400024 375.272614 1.890574 0.142394
374.304993 97.139542 2.114599 1.338262
375.136536 312.870270 2.135792 -1.673023
375.860809 370.208649 1.730230 1.344603
376.468384 509.957184 1.932935 1.529868
377.301453 91.659241 2.007259 1.320398
377.895447 435.239532 2.214052 -2.837998
382.828369 403.985107 1.806724 -0.281943
383.839630 397.234253 2.080135 1.465870
385.484924 15.765800 2.072352 0.280769
384.895660 212.571335 2.076427 -2.311337
387.897430 66.023277 2.198388 1.066922
388.088440 428.992004 1.985971 -3.205402
390.121368 273.580902 1.953084 -2.087560
392.669312 220.098297 2.056919 0.841676
392.931427 329.230713 1.890003 -0.258397
392.931427 329.230713 1.890003 -4.023832
393.453033 278.962189 2.161773 -1.949782
393.453033 278.962189 2.161773 -4.167017
396.226746 345.787720 1.895174 -3.387547
397.104004 12.129968 1.833492 -3.524823
400.214844 92.314133 2.140538 1.331580
399.524139 190.657318 1.885342 -1.416105
399.524139 190.657318 1.885342 -2.841254
400.263885 609.759033 1.971753 -0.227847
401.851807 226.141983 2.238647 1.256357
401.851807 226.141983 2.238647 -2.421071
404.474457 80.847206 2.094977 1.318473
408.999634 70.821617 2.074532 1.078560
408.529480 182.935150 2.158002 -1.653625
409.540161 232.306366 1.875805 -0.376338
409.540161 232.306366 1.875805 -3.936817
409.548950 32.422981 2.017776 1.535908
409.961304 84.768593 2.012124 1.534657
416.723511 298.826019 1.853352 -4.546535
416.827637 421.968536 1.969602 -0.110239
419.120880 635.958435 1.938588 -4.537336
419.674927 393.165100 2.050355 -1.262164
419.674927 393.165100 2.050355 -3.824808
420.225433 430.092072 2.006664 -0.246474
420.225433 430.092072 2.006664 -1.686125
420.225433 430.092072 2.006664 -3.889106
421.246002 232.692261 2.086621 -1.503231
421.246002 232.692261 2.086621 -2.646819
421.582214 262.232422 2.153177 -1.661185
5.016599 35.329391 2.618820 1.305979
5.016599 35.329391 2.618820 -3.327288
5.060493 195.335083 2.944567 1.228894
10.725197 508.417816 2.352095 -0.374938
15.306191 375.321838 2.421405 -3.668544
19.617327 35.765827 2.594837 0.064260
20.305346 103.338493 2.826539 1.252546
20.679457 112.268204 2.512555 1.162427
21.536322 342.840942 2.439443 -1.585171
25.431801 160.292023 2.493229 1.123861
25.935242 241.174881 2.786339 0.725555
25.935242 241.174881 2.786339 -1.710575
25.662836 44.694386 2.423140 -0.172439
25.460833 110.229874 2.638089 0.948592
28.324139 73.538773 2.518506 -3.659127
28.387962 336.186768 2.655406 -1.849229
28.399534 540.300964 2.517611 0.483795
28.399534 540.300964 2.517611 -2.704539
28.255440 553.525757 2.486942 -0.688878
28.255440 553.525757 2.486942 -3.158690
34.441841 28.670427 2.252594 1.063768
33.664597 59.929737 2.372568 0.681681
35.809933 20.769688 2.550215 1.032137
37.565292 519.066162 2.275683 0.041905
61.378685 512.251709 2.480894 -4.222799
63.133877 138.179947 2.204844 0.000026
67.588776 155.116074 2.356699 0.201686
70.468185 563.918762 2.451148 0.213565
71.604858 341.141876 2.377196 -0.421498
78.815842 339.418640 2.621925 -0.425040
83.843040 467.803162 2.263378 0.083620
86.102264 95.355438 2.778823 -3.755192
86.693550 437.845184 2.456079 -0.049397
93.859093 477.548584 2.965542 0.048409
94.925156 382.455170 2.305406 -1.413789
94.925156 382.455170 2.305406 -2.910519
95.499359 220.667480 2.472652 -3.952791
96.602760 418.277588 2.567031 -0.105713
97.827530 41.086597 2.461292 -3.618636
97.841255 568.936218 2.642735 -2.196467
99.676704 274.293274 2.558330 -3.272415
99.728142 502.886505 2.430362 0.910230
99.728142 502.886505 2.430362 -4.227022
100.945084 100.843224 2.458343 0.792560
101.145203 476.428528 2.628102 0.001836
102.199387 110.349091 2.356193 0.161507
105.996071 508.675873 2.755708 0.761737
108.365891 103.157310 2.603235 0.476557
107.833549 339.844910 2.317706 1.004245
107.833549 339.844910 2.317706 -3.941971
109.168869 517.505127 2.704513 0.707483
109.512970 313.856293 2.337703 -0.926172
110.993637 83.304581 2.305959 0.615542
114.520576 494.811462 2.501934 0.783658
117.362190 29.918411 2.391189 0.047167
119.064323 89.004295 2.817627 0.572741
118.691422 207.127579 2.377923 -3.767671
120.346886 377.057953 2.807334 -1.827265
120.346886 377.057953 2.807334 -3.375128
120.834625 386.216980 2.660759 -2.928428
123.707848 217.217560 2.475658 -3.776798
128.058960 394.549469 2.734826 -0.529034
132.032913 62.641998 2.638832 0.287199
132.032913 62.641998 2.638832 -3.734495
136.167297 458.592041 2.606268 -3.773593
139.716934 419.931458 2.301736 -1.630660
139.716934 419.931458 2.301736 -4.623631
138.976212 579.290527 2.559576 -3.030995
138.808151 585.434265 2.617069 -2.969702
155.806259 628.968689 2.541525 -0.226510
158.045731 396.159607 2.406411 0.940978
158.045731 396.159607 2.406411 -1.204373
161.960266 148.807861 2.346488 1.273137
161.960266 148.807861 2.346488 1.273137
164.484619 415.941132 2.317654 -0.160092
165.222626 604.062561 2.670048 -1.120209
167.719498 307.729248 2.877030 1.538854
170.316467 48.760273 2.799075 -0.727065
169.716766 114.337456 2.733490 1.116543
171.451813 497.471863 2.939878 1.211905
171.451813 497.471863 2.939878 -1.801067
171.200882 74.646912 2.542772 -1.900520
171.413437 358.804565 2.673829 -3.359607
171.359589 449.408173 2.570529 -1.717630
171.429642 483.205109 2.601841 0.043412
178.780090 417.446991 3.060014 -3.186666
180.714005 609.811523 2.803845 0.599994
180.714005 609.811523 2.803845 -0.710772
184.002426 348.494934 2.435644 -4.047446
186.778214 150.217529 2.420551 -3.419306
199.065994 84.591873 2.630889 0.249257
202.982117 73.854446 2.554365 1.313060
202.982117 73.854446 2.554365 -1.586451
203.314575 333.199585 2.796117 -1.769424
203.093094 389.153870 2.652358 -0.035062
203.093094 389.153870 2.652358 -3.138414
202.935745 401.508911 2.304270 0.017473
202.935745 401.508911 2.304270 -3.068872
203.482132 424.204071 2.647203 -0.074239
203.482132 424.204071 2.647203 -3.377379
203.569672 442.043182 2.547075 0.016334
214.371735 325.108643 2.463260 -1.690542
215.794220 365.919983 2.707085 -4.039708
221.137253 266.114197 2.548178 -1.694795
223.236130 370.052917 2.534503 -4.248052
224.186340 553.472595 2.513884 0.959032
226.566971 448.692139 2.846512 -1.400728
226.566971 448.692139 2.846512 -2.490615
226.566971 448.692139 2.846512 -3.338366
229.553726 6.905058 2.337027 -4.440628
232.088074 124.891289 2.562000 1.488961
234.441330 376.635101 2.629778 -0.911133
234.441330 376.635101 2.629778 -4.084697
237.677795 424.559692 2.283108 -0.230114
239.135239 106.172211 2.537338 -4.584674
239.305771 353.360748 2.280328 -0.182412
239.954636 512.507690 2.712866 -1.942321
239.954636 512.507690 2.712866 -4.621936
245.821945 97.066406 2.467851 1.527755
251.222961 386.109497 2.665625 -3.872823
252.064133 434.472168 2.697680 -0.650541
252.064133 434.472168 2.697680 -3.244811
257.919250 399.195404 2.807363 -3.448128
259.077728 423.502228 2.286897 -3.078411
260.327545 391.099426 2.707146 -4.279392
263.858246 130.108566 2.341752 1.547962
262.945282 463.049744 2.633727 0.185479
262.945282 463.049744 2.633727 -3.334636
269.379639 288.649414 2.397436 -2.284707
270.165161 147.573776 2.748832 -1.943112
270.459167 94.576546 2.503815 -0.314582
274.101685 471.617462 2.316558 0.042566
275.298370 283.445587 2.845860 -2.210708
275.263458 349.683441 2.771328 -3.070265
275.082916 498.690308 2.496311 -0.325822
276.422028 361.148590 2.547979 -0.436886
276.422028 361.148590 2.547979 -3.258552
276.089752 516.101318 2.836390 0.237550
276.089752 516.101318 2.836390 -3.401654
276.045624 529.720398 2.571285 -0.280695
278.391724 400.543243 2.469459 -4.229668
279.321899 622.373840 2.455504 -1.379883
281.447174 341.042999 2.448090 -3.082182
281.943939 572.677673 2.511556 0.848755
283.646484 543.875671 2.760838 -2.070004
285.561035 134.006042 2.263947 -3.668336
286.370880 281.375977 2.531102 -2.130706
286.839783 529.218750 2.675692 -3.794974
295.183472 338.595886 2.627146 -2.430871
300.127686 298.714661 2.602621 -2.576454
306.438782 197.520309 2.360755 -0.228498
305.963318 277.887054 2.704306 -2.999967
305.963318 277.887054 2.704306 -3.494957
308.002502 417.238281 2.655613 -4.162216
309.013489 317.696625 2.481132 -1.819156
310.102509 68.285782 2.615218 -1.567237
310.102509 68.285782 2.615218 -2.683632
312.234467 258.103394 2.401963 1.418611
315.794220 553.986572 2.585190 -0.136093
320.069855 316.448395 2.264197 -1.470152
319.318512 524.592285 2.538742 1.521897
319.815918 430.461029 2.530776 -4.063027
321.504761 466.442139 2.419223 -2.858751
322.220367 481.430786 2.376226 -3.187117
325.161407 84.068436 2.588153 0.945135
329.404266 409.184021 2.209051 -0.039124
335.342773 416.508057 2.548380 -0.857213
336.228516 439.308838 2.386541 -4.152985
340.500671 246.419205 3.298794 -1.693530
341.851685 436.046967 2.478326 -4.085158
351.182251 386.497009 2.617214 0.305325
351.781860 314.435913 2.828135 -1.605281
355.736786 443.535400 2.413901 -4.268968
363.761536 244.714935 2.401670 -1.793990
364.450958 519.480652 2.752486 1.309774
364.829956 530.457153 2.735873 -3.228072
366.959351 250.331161 2.515169 -1.790445
366.596344 612.089355 2.392284 -2.653489
368.140503 165.614624 2.733773 -1.910817
368.050323 580.761353 2.591276 -3.101549
370.904297 417.957306 2.455750 -4.266242
372.558105 231.761887 2.723479 -3.188343
379.036652 17.001286 2.609119 0.362495
389.469147 462.743713 2.821511 -4.146327
396.071808 311.411285 2.389837 -1.520061
396.380371 333.827271 2.263888 -0.445771
397.225128 274.078308 2.307597 -1.619944
400.577240 327.556854 2.291100 1.327835
402.112762 518.231995 3.016559 1.508778
402.741760 426.689606 2.720914 -0.100209
402.741760 426.689606 2.720914 -3.123630
404.335175 236.908447 2.239980 -1.729472
404.814758 439.195221 2.718376 0.457468
404.814758 439.195221 2.718376 -3.758319
407.862091 56.218132 2.352534 0.489330
407.615173 279.787567 2.777655 -2.878356
411.474823 268.648895 2.561065 -2.747455
411.158936 502.116028 2.374267 -1.546896
411.600128 474.159912 2.563633 -0.585221
411.600128 474.159912 2.563633 -4.419592
412.154236 547.179321 2.400265 -1.517937
412.437012 557.233398 2.697046 0.009512
412.437012 557.233398 2.697046 -4.658684
412.744659 218.767960 2.451079 0.770745
412.744659 218.767960 2.451079 -1.043914
412.713654 368.515991 2.462388 -0.250681
416.546173 446.145081 2.392019 -1.576969
418.041260 326.302063 2.571240 -4.641640
418.131989 497.583099 2.335316 -1.577531
417.408691 630.429688 2.377471 -1.617707
418.904724 576.087524 2.627811 -1.919410
3.197829 100.770988 3.073947 0.932830
6.198815 116.838425 2.796820 0.189010
6.209335 343.371948 3.164264 -1.651979
8.170780 452.805786 2.870250 -2.076509
7.677227 617.396667 2.919424 -3.161544
12.421766 149.328384 3.184808 -1.056929
12.162604 247.049377 3.040664 -4.180463
12.768252 39.920036 3.135587 0.131806
12.550470 485.063538 3.276901 0.439253
13.924920 117.544006 2.969981 0.323423
18.293018 416.137299 3.451571 -1.983199
19.327873 496.916260 2.977748 0.118566
19.194143 608.639465 3.291501 -0.470878
20.116699 68.878456 3.110912 0.098553
21.300713 475.610016 3.214811 0.312747
21.033703 625.913086 3.004378 -0.082288
22.245312 82.153976 3.158555 -0.009238
27.922125 587.694397 2.845668 1.190801
29.954466 441.214508 3.118940 -3.554860
36.692883 384.474365 3.022830 -2.672890
47.901463 76.897545 3.207569 0.026296
53.218716 464.178589 3.666610 0.043941
77.106201 595.341736 3.087366 -0.170840
84.212494 599.484314 3.160286 -0.107714
84.822212 544.215027 3.025238 -0.973504
88.049812 639.370911 3.187120 -2.538542
88.822060 410.964844 2.968787 -1.536536
92.690941 252.626617 3.251578 -3.198296
97.951805 312.528534 2.796811 -0.953130
100.446198 325.017365 2.874343 -3.163939
100.468079 517.962830 3.406789 1.271192
110.113129 275.950043 3.044901 -3.409622
112.939926 245.950394 3.047836 -3.377355
115.197388 441.399841 3.126490 0.036663
115.197388 441.399841 3.126490 -2.268905
115.568428 139.078522 3.485639 -1.291017
118.669151 107.260612 3.768656 0.413272
124.749710 265.216095 3.562779 -3.309254
131.155075 412.449768 3.171293 -4.625505
134.487549 96.299164 3.362141 0.187579
136.413574 19.388628 3.339396 -4.098681
137.866669 553.774048 3.318962 -2.639415
144.978760 331.994995 2.880090 -2.789678
156.545029 185.327560 3.723675 1.098788
156.545029 185.327560 3.723675 0.241790
157.603851 500.600159 3.454486 1.241722
157.603851 500.600159 3.454486 -1.875802
157.238419 515.664124 2.960470 -2.425776
163.881042 130.979599 3.053790 1.183375
163.698685 550.122375 3.498479 -1.370423
166.215607 636.220337 3.153319 -0.465643
167.434952 105.316948 3.229538 -1.596602
167.243790 617.428589 2.631445 -0.771949
171.543808 415.220032 2.834034 -0.168363
172.154022 425.865784 3.127144 -0.063610
172.154022 425.865784 3.127144 -2.958230
172.308807 557.287659 3.600158 0.040107
172.803619 497.118652 3.285012 1.257283
172.803619 497.118652 3.285012 -1.865490
178.651459 101.927437 2.883639 -1.967744
177.937851 383.871887 3.115721 -1.505058
177.937851 383.871887 3.115721 -3.258953
180.571594 543.796204 2.957764 -1.752893
185.145584 625.766602 3.197598 -0.889763
192.159668 321.297516 3.024276 -0.056023
191.647446 578.839966 3.396864 -1.408427
192.926529 370.594116 3.256715 0.108757
192.824448 603.666260 3.179247 -0.741170
200.178101 325.267578 3.255311 -0.199814
200.178101 325.267578 3.255311 -1.727229
202.636932 343.007599 3.185078 -1.195938
204.241425 448.856903 3.618579 -0.061180
206.147446 546.584412 3.182854 -2.570877
210.984848 376.847748 3.139400 -3.255997
215.468994 30.359907 3.159262 1.061279
223.567062 105.372643 2.853704 -4.607275
233.294724 340.338226 3.110626 1.374268
235.382355 606.653076 2.737094 -2.806570
243.632614 255.881500 3.545490 -1.821684
253.513931 251.137268 2.904406 -1.569962
253.063019 438.128357 3.310827 -3.484226
255.449875 291.650085 3.044876 -0.785519
255.449875 291.650085 3.044876 -2.567145
258.235382 411.849854 2.961694 -3.170797
259.591034 112.186836 3.192391 -4.637659
259.920044 573.956970 2.901304 -0.156335
261.227325 15.982275 3.293324 1.514964
260.770660 447.728149 3.335930 -1.177749
260.770660 447.728149 3.335930 -3.915605
262.519226 473.393372 3.047015 0.041714
266.389252 3.255950 3.241651 -4.646398
268.007294 118.556145 3.127614 -4.331216
273.709381 9.245788 3.405482 -3.627459
273.869995 85.489227 2.989329 -0.292750
275.308167 317.362213 3.508119 -1.795410
273.769440 337.188385 3.587478 -4.694073
286.163696 76.131767 2.991207 -2.088814
296.559906 74.429062 3.071210 -1.720101
307.139282 453.921021 3.258067 -3.276633
309.321777 36.303391 2.874443 -0.069407
309.321777 36.303391 2.874443 -1.734446
308.593689 301.183441 3.247202 -2.523678
316.098755 167.427658 2.951495 -0.008213
316.627106 16.029190 3.157506 0.374612
320.376343 453.818817 3.060329 0.126941
320.376343 453.818817 3.060329 -3.304210
324.428497 308.038483 2.848543 0.079224
334.246063 367.022644 3.483623 -0.067056
339.572449 530.818481 3.631062 0.239293
347.070404 487.682648 3.662412 -3.099489
346.113739 456.730042 3.907973 -3.008952
347.516174 373.795654 3.406106 -2.746480
360.984680 474.350769 3.249185 -3.183961
362.234100 491.209229 3.310876 -0.903918
362.234100 491.209229 3.310876 -2.707006
363.561951 379.535889 3.493147 0.428676
373.974884 383.712311 3.198751 0.556512
375.286224 474.068420 3.412578 -3.362918
375.849670 485.038330 3.450345 -2.866523
377.439789 242.506149 3.063046 -1.906204
376.911407 410.043121 3.367446 -0.609930
377.767761 366.923462 3.421863 0.171703
378.008636 426.076080 3.253921 -0.100710
377.767059 518.113037 3.503643 -4.539990
377.990021 531.540771 3.283592 -0.092432
377.990021 531.540771 3.283592 -3.125643
384.354858 201.098724 2.897635 -2.482400
384.522430 76.197334 3.456781 1.307257
393.707489 86.085220 3.323205 1.328393
394.583038 425.439240 2.912317 -0.058208
403.588074 9.457013 3.804185 -3.565984
402.789368 266.598969 2.949866 -2.612727
410.297760 433.591339 3.056459 -3.805757
410.840057 18.650532 3.472145 -2.135536
413.085663 518.533630 3.658875 -4.712000
412.583038 556.560608 2.889257 -0.010578
414.924225 60.256104 3.494825 -3.245379
6.874332 277.774414 3.943390 -1.477541
8.285751 257.710541 4.063066 -0.826928
8.285751 257.710541 4.063066 -2.729030
8.002862 616.124146 3.503323 -2.939046
14.433320 92.671158 4.344873 1.075946
18.043737 416.028656 3.263634 -1.976590
20.809393 266.973694 3.679544 0.202490
70.458710 388.398865 3.905663 -0.139372
77.707687 410.150055 3.899787 -1.877456
102.581940 286.085968 3.782975 -3.559183
112.161461 222.237823 4.395813 -3.351550
118.611450 107.299011 3.660309 0.411767
120.470055 402.347748 3.668927 -2.023822
120.470055 402.347748 3.668927 -4.578793
120.659958 624.670288 3.986748 -2.774586
125.558662 460.720642 4.168028 -3.630894
124.104652 491.941376 3.672137 0.691282
133.407867 621.775024 4.764047 -2.864688
138.488785 106.880714 3.709168 -0.034650
139.927383 392.229065 4.101200 -2.943377
148.779175 101.942047 3.674950 -0.034774
148.716385 354.620209 4.029031 -0.149688
155.417725 219.096344 4.424850 0.033756
155.087372 419.581604 4.181980 0.038955
157.131989 185.777313 4.040499 0.323925
157.289536 345.599762 3.887574 -4.414370
157.325333 540.733459 3.746645 -1.357663
159.595749 53.143707 4.555993 0.280620
163.030731 550.808533 3.940363 -1.317202
171.506927 63.451221 4.116561 -3.599852
183.709961 68.102112 4.204440 -3.006430
189.471161 533.072815 4.443339 1.243776
189.471161 533.072815 4.443339 -2.036791
201.196564 322.986359 4.126153 -0.144692
201.196564 322.986359 4.126153 -1.681249
203.577621 64.270584 4.248464 -0.081227
203.577621 64.270584 4.248464 -1.636362
204.430664 448.827454 3.754049 -0.072786
207.323303 526.084167 3.960137 -2.045384
208.207565 577.963318 4.581165 -1.392615
211.643188 302.158203 4.072748 -3.481048
214.107971 458.561920 4.320306 -1.531497
214.107971 458.561920 4.320306 -2.988120
213.354065 481.730194 3.763973 -3.234331
225.682800 604.002014 4.377166 0.039899
229.091461 79.572044 4.293426 1.409909
234.600784 438.553436 4.086663 0.605174
234.600784 438.553436 4.086663 -1.001616
242.905701 255.574020 3.933882 -1.848151
242.702179 447.294952 5.137999 -1.470731
246.880859 407.602051 3.903648 0.011747
246.880859 407.602051 3.903648 -3.278882
249.558472 520.428711 3.933949 -0.044210
253.127960 456.910126 3.952521 -1.465233
255.040771 388.722351 4.143199 -4.331695
261.996887 548.470032 4.567289 -2.497791
262.532471 83.868622 4.513457 -0.559175
262.532471 83.868622 4.513457 -1.724212
262.001129 517.169250 4.562936 0.114010
262.205292 527.840454 4.253732 -0.164901
264.562958 358.913818 4.253244 -0.738716
264.562958 358.913818 4.253244 -2.540676
267.436890 396.558807 4.174912 -3.698687
268.931458 167.385025 4.218566 -4.567977
273.078918 631.589905 4.654306 -1.419288
291.349609 520.482849 4.110438 -3.677721
297.536713 455.215088 3.701511 -3.244679
300.596466 65.330269 3.838273 1.399752
301.492767 83.786797 3.364577 -1.877334
301.148743 533.326172 3.813801 -4.304285
303.103973 587.226135 4.396699 -2.696996
304.782074 634.319397 3.740419 0.151375
309.131500 525.482300 3.456606 -4.458312
316.909058 16.872681 3.652063 0.413341
330.711334 521.336426 4.292414 0.040865
334.547668 333.892090 3.943817 0.184153
334.547668 333.892090 3.943817 -4.655859
334.370270 367.317291 3.563509 -0.074834
337.370758 80.888206 3.800122 1.052047
342.305481 577.892639 4.158904 -0.376588
345.088531 66.441475 4.052797 -1.662430
346.949097 456.705200 3.581651 -2.928885
347.495453 469.530212 4.109708 -3.103042
348.913605 508.005341 4.014363 -3.324647
356.907715 402.757843 3.618568 0.348575
363.580536 379.391418 3.462964 0.643094
365.606628 354.618927 3.708619 1.480076
366.471985 343.110809 3.996568 -1.061465
367.919403 331.664215 3.756473 1.468687
368.198486 432.389984 3.791646 -1.104929
370.513092 508.565857 4.235631 -4.706515
375.800415 60.501530 4.252465 -1.833216
382.996979 606.973206 3.966653 -0.536075
392.702850 57.323635 4.157917 -1.546243
394.744690 434.783020 4.065555 0.551098
403.635376 9.444119 3.734226 -3.723339
405.072144 103.356812 3.591191 1.508437
413.129944 518.499756 3.639230 1.556059
414.638062 90.195511 3.810729 -3.457923
416.772095 143.286224 3.942654 1.506372
25.619335 495.633911 4.987644 0.021234
28.498283 321.559662 4.890440 -0.058019
32.690079 372.115784 4.830464 0.073523
37.772411 272.809204 4.365203 0.046433
39.446712 192.197815 4.656211 0.598938
45.987896 89.361000 4.218095 0.123795
83.297585 489.973602 4.873523 1.521342
95.690285 89.882469 5.114985 0.743000
105.905380 434.706757 5.146093 -0.098671
105.124664 460.679443 5.251845 0.040953
107.093536 578.844849 4.738020 -2.385433
118.564125 348.312408 5.578098 -2.357169
129.213440 124.886574 5.493605 -1.334612
157.675827 332.873627 5.415323 -1.233322
160.573288 73.049690 4.774720 0.169192
160.573288 73.049690 4.774720 -1.770378
160.573288 73.049690 4.774720 -3.718570
170.554688 127.329498 4.934896 1.318352
170.745255 573.968262 4.987502 -0.146333
170.745255 573.968262 4.987502 -1.129857
190.368927 334.920197 4.554514 -1.498456
199.254440 563.539001 4.719107 0.959311
210.634933 177.565689 4.838754 1.021962
215.045380 556.358887 5.401740 0.902229
214.596741 591.043701 5.139471 -1.349464
217.518356 503.385223 4.972912 0.967662
225.073837 516.037415 4.956957 -2.044022
243.500107 559.423828 5.190150 -2.387869
253.588196 504.685364 4.568351 1.150082
255.700043 629.369812 5.067684 -1.339272
257.330200 316.602509 5.647408 -1.723370
269.826294 71.309441 4.806643 1.446102
277.702911 473.076599 4.753902 -3.171592
278.923584 90.103355 5.378553 -0.427251
278.923584 90.103355 5.378553 -2.101972
283.053558 586.368835 5.360145 0.654901
284.269104 608.032288 5.656426 -2.534250
301.215912 373.868195 4.413936 -4.554383
322.467133 59.634945 4.803875 1.255367
327.783417 159.634048 5.337219 1.101879
346.757660 390.469757 5.462307 -3.270940
350.604095 437.395264 5.605831 -1.132418
350.604095 437.395264 5.605831 -4.093563
350.960052 253.503250 4.874455 -1.703482
373.191132 616.448547 4.929667 -0.607541
379.864166 3.152913 4.501376 -3.776508
385.529541 391.454865 4.785204 -2.396844
386.545166 628.395447 4.748650 -0.105675
393.165680 19.850761 5.293614 -1.896260
395.217224 45.152431 5.145739 1.376743
403.323517 289.561432 5.231499 1.501656
403.337311 444.228577 5.434702 -1.299742
405.582825 375.050781 5.002450 -0.073683
405.582825 375.050781 5.002450 -2.716265
411.248688 42.866737 4.661292 -3.440289
412.180359 204.548676 4.598671 -1.643148
13.102414 445.505493 6.383083 -1.812666
13.102414 445.505493 6.383083 -4.170690
35.882626 136.305588 5.889429 -1.403899
101.992096 318.829712 6.661009 -0.662175
139.408401 451.757172 6.778921 -0.257996
160.033051 160.278152 6.167727 0.156409
167.017227 482.910614 6.842177 1.221793
178.190247 156.226776 7.035847 1.514254
178.190247 156.226776 7.035847 -1.900189
194.691086 74.703751 5.754778 1.106010
213.451431 150.092102 6.831926 0.982127
219.411652 365.132111 7.010406 -1.080104
220.995728 410.305847 6.915920 0.187048
225.950790 569.934753 4.997319 0.852609
225.950790 569.934753 4.997319 -1.984954
241.358932 317.457794 6.516205 1.374673
241.358932 317.457794 6.516205 -1.548510
265.514130 141.408401 6.920692 -2.155587
267.477966 297.120789 5.895509 -4.503268
280.152039 42.787678 6.473397 -1.990892
339.196045 308.917145 7.172085 1.259619
339.196045 308.917145 7.172085 -1.341134
369.215851 390.347076 5.894314 0.566088
371.945862 307.685913 6.364917 -1.685005
370.806976 448.359772 6.282792 -1.040922
370.806976 448.359772 6.282792 -3.986680
391.921600 251.390350 7.146403 -1.830892
390.047791 321.012238 6.352452 -1.565353
392.577301 550.189026 6.407501 -0.270453
399.150604 234.211334 6.227611 -1.719439
407.138641 303.934723 6.749916 1.543675
407.138641 303.934723 6.749916 -1.628804
410.174164 116.742691 7.071030 -1.920805
55.977798 148.385620 8.491403 0.072206
106.292183 293.949860 8.273597 -3.746161
108.545113 467.401154 7.671471 0.080869
119.368279 305.603241 7.392790 -4.061689
139.554626 207.892349 9.340840 0.070257
154.646469 558.114929 8.647255 -1.062153
173.917664 320.513641 7.565541 -1.351139
184.985794 395.234558 7.755182 -0.018028
184.985794 395.234558 7.755182 -4.161901
182.442734 513.822754 8.379784 1.177202
182.442734 513.822754 8.379784 -1.788083
199.577652 509.238159 7.959897 1.012166
199.577652 509.238159 7.959897 -1.807761
240.481186 532.712402 9.025948 0.885102
240.481186 532.712402 9.025948 -0.046821
278.921631 40.164120 7.765818 -2.089676
301.145721 391.951233 7.417840 -1.007452
329.074799 129.458939 8.013641 0.964063
329.074799 129.458939 8.013641 -1.361754
343.824280 5.393112 7.446764 0.625594
353.531799 378.073029 7.959587 0.423735
390.136658 213.134003 7.552005 -2.453852
390.888947 505.709564 7.648556 1.537954
393.478180 253.622269 9.099100 -1.836427
398.947571 463.841797 7.749679 -1.134446
69.881569 318.893921 11.813152 -0.000039
85.169708 428.451965 9.778736 -0.366002
83.696877 466.977844 10.701066 0.116532
185.102127 344.918518 9.071036 -1.309328
221.151703 251.306702 11.523276 -1.614093
231.605484 375.894409 11.362453 -1.037887
236.080505 4.173181 9.703558 1.321213
244.602859 351.659576 9.663822 -1.041921
246.209045 410.655579 11.808087 -3.789110
269.187561 523.855774 10.385238 -3.902329
77.798752 189.950607 12.852380 0.136931
166.810913 200.818176 12.759897 0.145591
166.766342 253.043915 13.143961 -0.150312
189.156357 283.228333 12.288591 -1.589219
274.650146 565.004822 11.553209 -1.819223
276.033875 606.886719 12.495095 -1.230105
294.539215 110.296806 13.997322 0.795732
309.743439 511.168213 14.582515 -4.055246
320.408325 596.980225 11.816492 -0.109290
320.408325 596.980225 11.816492 -2.343095
368.993439 84.696236 13.750789 1.381279
79.815552 195.312836 14.629952 0.145980
80.529915 244.494385 16.396420 0.068087
248.171494 96.489647 17.000801 -4.599022
297.057556 160.526093 17.089502 0.200535
297.057556 160.526093 17.089502 -3.465974
306.891846 337.187042 16.600706 -0.128658
306.891846 337.187042 16.600706 -2.751591
348.108063 224.701126 18.690256 -0.307146
348.108063 224.701126 18.690256 -1.785887
252.969788 333.954163 19.809290 -1.335204
252.969788 333.954163 19.809290 -2.465667
297.225983 409.901245 18.206444 -3.559522
82.468018 372.098053 23.904268 -0.213720
354.356201 206.362961 25.818779 -1.677895
401.406952 484.951874 23.259329 1.444960
83.595932 550.607178 30.723125 -0.009766
212.148346 209.968811 44.696304 0.162781
291.339661 91.951897 36.023872 1.415543
330.887878 458.822723 43.408817 -0.682258
