4.393329 510.885956 2.224870 1.038858
4.393329 510.885956 2.224870 -3.648354
4.554792 14.931886 1.765463 1.203668
4.554792 14.931886 1.765463 -4.270392
5.959998 297.453186 2.027126 -0.606493
5.798456 416.162628 1.954480 -0.099115
7.771242 73.487503 1.947296 -3.779574
8.901986 212.593307 2.040033 -0.630863
8.901986 212.593307 2.040033 -4.576856
9.903229 38.372093 1.858313 -3.903566
13.346670 180.240555 1.948542 -4.462518
12.983986 518.826477 1.864884 0.718318
16.454346 597.046204 1.992946 -2.215022
16.742371 26.026047 2.283007 -3.606786
17.009384 588.449158 1.890260 -0.101818
17.009384 588.449158 1.890260 -2.527444
18.280176 316.446564 1.885084 -0.247063
18.581991 90.202904 2.095555 0.806863
22.415134 518.779480 1.933259 -0.148023
22.900564 391.601624 1.835446 -2.552246
23.244631 617.533630 2.358213 -2.665236
24.712503 204.503479 2.154702 -3.447772
25.263462 296.301056 2.000874 -0.259520
25.749092 96.596436 1.905535 0.440670
28.804987 407.228821 1.990854 -0.877941
28.804987 407.228821 1.990854 -1.777280
29.857880 200.024139 2.236097 -3.482973
30.123238 446.917328 2.280122 0.136344
31.016592 103.851585 2.033315 0.619906
30.927107 113.145981 1.969297 -0.394176
30.818237 214.039627 2.116148 -3.181807
33.187691 282.980621 1.920868 -3.706346
34.905083 127.862373 2.208693 -0.169173
34.525036 234.417923 1.895682 -3.575698
34.910732 252.997055 1.886080 -3.050915
37.263508 279.148132 2.195566 -3.616645
37.478962 362.479279 2.263994 -3.838819
38.164864 295.426971 2.166314 -3.645570
40.022976 376.182831 2.178004 0.443286
40.609253 528.318848 1.711612 -2.952184
41.491940 221.365570 1.917881 -3.422093
42.112526 464.154114 2.212483 -3.961479
44.753307 164.388550 1.846299 -3.020123
45.102299 579.249451 2.188298 -3.024618
46.510872 207.304977 1.795131 -3.758710
46.070381 375.391968 1.942160 0.500926
52.548176 463.209564 2.014807 1.025162
57.521561 305.594879 2.132190 0.928708
60.070385 94.344009 2.084047 -3.810845
60.913811 610.100098 2.010876 -0.148091
63.906185 89.058769 2.019399 -3.796589
66.445168 533.694824 2.009519 1.282721
66.532669 494.946045 2.049035 1.312474
66.714714 507.957306 1.910000 -1.758038
67.352562 630.383484 1.845945 -0.570243
72.007164 461.111023 2.048085 -3.323687
72.687477 423.989410 1.856120 -3.134619
72.361885 448.596069 2.218674 -3.291682
74.232651 343.142273 2.072819 -3.357920
74.232651 343.142273 2.072819 -4.471407
77.478920 412.005951 2.083954 0.040716
77.478920 412.005951 2.083954 0.040716
79.456108 54.232876 2.429131 0.169544
79.580002 76.637047 2.262035 -1.667231
79.992523 498.494934 2.387953 1.146608
79.992523 498.494934 2.387953 -1.732882
82.223000 529.005005 1.996231 1.176775
83.256187 305.911102 1.985060 1.570549
83.101120 434.100220 2.217938 -0.083517
84.446068 71.360077 1.730826 -1.691170
83.701805 384.638367 2.032649 -0.022462
83.701805 384.638367 2.032649 -3.235208
83.359436 491.204224 2.176701 1.331194
85.023346 345.355286 1.969818 -4.193049
85.611504 458.429565 2.330637 -1.782436
85.904305 631.148926 1.900242 -0.918653
94.055931 561.261536 1.943301 0.026549
98.081848 424.529510 1.853534 0.136017
98.081848 424.529510 1.853534 -3.235661
99.036606 523.109070 1.927401 1.233032
99.491425 607.679260 2.520961 -0.007260
99.491425 607.679260 2.520961 -1.342144
104.587502 486.595062 2.127309 -3.321598
107.806458 158.530594 2.132392 -1.951542
107.806458 158.530594 2.132392 -2.796485
108.962929 128.779327 2.047227 -3.271366
118.862862 173.340408 1.975309 0.346388
119.228691 358.661316 2.204655 -4.162157
119.752831 144.060608 1.981000 0.180819
124.289978 635.503479 2.065977 0.243181
124.289978 635.503479 2.065977 -3.311731
127.937897 270.656311 1.883030 -1.536093
129.750809 582.874146 1.871594 -1.343427
132.972153 591.895142 1.990488 0.048633
134.014511 526.783875 1.861920 -1.910007
135.044327 630.618774 1.826123 -1.564256
135.548615 396.988312 2.269403 -0.245263
135.548615 396.988312 2.269403 -3.564716
137.844040 45.070171 1.974537 1.434381
139.843521 8.024130 2.071257 -1.841867
145.400726 7.056578 2.105729 -1.716180
146.058746 104.013428 2.174981 1.065799
146.032486 277.730896 2.103627 -1.337383
150.636703 448.886139 2.276986 0.207167
150.497559 31.485964 1.726995 0.928324
151.658386 301.871216 2.157746 1.489915
153.088760 347.342499 2.120212 -0.905927
153.305542 542.595337 1.888081 1.018373
152.801041 609.703308 1.900827 0.644057
154.123825 518.110413 1.884629 -1.982865
153.169083 572.338074 1.897813 -2.182831
154.853806 634.939941 1.920570 1.207794
154.853806 634.939941 1.920570 0.198580
156.144348 6.033967 2.099221 -2.143030
155.562637 394.152069 2.193083 -4.647229
159.201813 15.163298 2.035615 -4.641888
158.996628 434.340790 1.898942 0.168055
158.996628 434.340790 1.898942 -3.232159
160.523804 338.140564 1.946407 1.498493
164.061157 33.036537 2.022214 -4.629521
164.793304 385.698242 2.336373 -3.992946
167.139084 606.500610 2.031541 0.180804
167.620972 287.714020 1.931007 -0.116974
168.455612 353.541779 1.645561 -2.495671
172.616165 433.635101 1.867528 -0.232718
172.616165 433.635101 1.867528 -3.051587
173.619370 589.145630 1.920475 0.894580
173.793610 376.188232 2.064705 -1.016011
177.228363 11.329381 1.754901 -4.612798
177.002365 36.321438 1.875722 -0.656252
177.623459 96.443207 1.877848 -4.522560
178.416245 247.095490 1.876120 -0.927236
178.171341 108.463257 1.755638 1.414966
179.305557 288.649414 2.101356 -2.934983
180.169037 423.960602 2.021360 -3.057989
181.043915 79.826126 1.834142 -1.954385
183.302948 94.802727 1.823656 -4.406986
185.144547 363.509460 2.020536 -0.379772
184.829712 627.037354 2.022190 -1.380155
185.681137 429.747559 1.848298 -0.153230
187.054428 290.159027 2.126926 -2.486290
186.515747 346.154846 1.858427 0.501681
186.515747 346.154846 1.858427 -1.131339
187.603607 249.098419 2.073504 -0.019505
188.576599 79.133492 2.059984 -1.523041
188.910736 259.249390 2.003577 -1.604147
189.745010 274.773560 2.189057 -2.048952
191.260544 85.998665 1.831304 -0.119800
192.622559 149.526367 2.557815 -1.866615
192.768127 166.482727 2.362098 -4.610644
197.412170 341.567657 2.089692 -3.000003
198.090256 201.146988 1.843858 -3.196932
198.050476 621.142395 1.878071 -3.016897
198.590988 385.956818 2.073993 -0.427971
206.379715 21.574572 1.822953 -3.742170
206.182495 360.561615 2.188439 -3.219326
206.421387 297.641083 1.744013 -2.712346
210.607986 307.460205 1.794625 -3.008539
213.984970 141.533691 2.167672 -3.249406
217.428101 446.314331 2.573621 -3.160091
218.029129 463.457642 2.028284 -0.056865
218.029129 463.457642 2.028284 -3.033675
222.993546 52.751945 1.943071 -1.735557
222.657410 441.649475 1.848192 -0.243221
223.024872 460.067291 1.879169 0.499022
223.281189 466.667511 2.088548 -0.268273
224.348755 113.107300 1.960939 -4.161796
224.440979 319.844360 2.274941 -1.732691
223.529449 476.548645 2.199481 -0.014739
226.015320 163.226654 1.997853 1.369629
227.605881 296.542114 1.858076 -2.760667
229.855133 260.993774 2.225178 -1.168376
230.069809 609.772644 1.997527 0.432884
231.767914 430.894653 2.261968 -4.056114
232.772537 466.581360 2.003741 -2.849067
233.060349 481.791962 2.064425 -3.151260
233.227707 499.566315 2.069930 -3.056278
234.271133 528.973755 1.967024 1.537350
236.564728 318.305634 2.110972 -1.431978
238.280914 14.274428 2.035179 0.005408
240.515015 31.497614 2.219245 0.257955
243.279602 411.876892 2.030338 -0.006091
244.768326 521.529297 2.197869 0.020570
246.852036 319.899170 1.981514 -1.473790
258.509918 314.609375 1.983880 -0.422004
259.146790 6.639740 1.999395 -0.027745
259.146790 6.639740 1.999395 -4.086164
259.018616 579.201416 1.977757 -0.145507
259.018616 579.201416 1.977757 -3.087484
262.903839 518.535583 1.901825 0.165143
263.133575 527.416626 1.857040 0.018756
263.971313 561.533447 2.179975 0.016507
264.676514 576.530762 2.420905 -0.128717
268.277588 21.527063 1.940535 0.959270
270.540039 628.588501 1.981244 0.030618
271.957916 606.843323 2.150935 -2.681146
273.143219 501.595886 1.727395 -2.488493
273.626312 312.797607 2.063030 -0.845934
273.354462 518.598206 2.210428 -3.154248
274.805023 79.502579 2.047456 1.286757
274.194061 577.458069 2.434828 -3.082519
275.856445 368.072052 1.889837 -2.108431
276.621460 395.484924 1.987200 -0.742569
278.279755 522.927185 1.805662 0.009372
278.279755 522.927185 1.805662 -3.150413
280.050720 108.722855 1.918521 1.564467
282.386749 317.726013 2.001948 -1.670974
283.383087 419.236816 2.223773 -4.411126
285.958679 244.737366 2.065400 -1.737963
285.958679 244.737366 2.065400 -3.342892
292.127075 36.721390 1.906310 1.520941
292.900848 263.064362 1.907059 -1.410140
292.900848 263.064362 1.907059 -2.363290
297.101532 238.822144 2.137999 -3.321862
302.105316 219.165054 2.183410 -2.181708
301.785065 335.454773 1.991391 -4.058948
303.346680 602.653198 2.091264 -0.177565
307.399109 31.028803 2.108922 1.557387
307.399109 31.028803 2.108922 0.387012
307.823090 78.832924 2.026273 1.195912
308.835632 285.237396 1.961718 -1.930358
309.611206 226.682083 2.005929 0.892162
309.889313 315.635376 2.273452 -1.522489
311.441284 280.294006 1.998571 -1.509128
312.209930 40.935131 2.188522 -1.687372
316.796783 198.916214 1.840828 -1.630734
316.796783 198.916214 1.840828 -2.664826
318.086060 233.210632 2.120739 1.365173
318.086060 233.210632 2.120739 -2.334988
317.930481 543.866577 1.861173 -1.590704
318.704865 621.246338 2.218306 -1.620167
320.332458 491.993011 1.877301 -1.528541
324.521179 371.584167 2.325510 -0.172693
325.100220 239.548508 1.821543 -0.328748
325.100220 239.548508 1.821543 -3.887821
326.041504 71.985497 2.124206 0.490382
326.022156 191.499390 1.980253 -1.529025
327.027863 84.871437 1.918863 1.081843
326.875397 281.105682 1.939527 -2.990829
326.755890 422.831635 1.882082 -0.040038
328.127838 49.530979 1.964340 -4.591933
330.100128 395.223206 1.919959 -1.210943
330.100128 395.223206 1.919959 -3.772526
329.925934 431.084869 1.851572 -1.709119
329.925934 431.084869 1.851572 -3.814717
332.966400 269.205688 1.882165 -1.464810
332.415436 382.472015 1.856163 -0.346505
335.571472 230.285507 2.211810 -1.690445
334.874420 461.919495 1.937950 -4.291818
336.084686 240.491974 2.011778 0.136117
336.084686 240.491974 2.011778 -1.513713
336.084686 240.491974 2.011778 -2.546542
340.155731 366.990631 2.031149 -2.490517
342.546234 339.542145 2.015292 -0.065701
345.064667 377.520233 2.103199 -3.348122
347.422760 591.516785 2.086851 -1.347174
348.083130 365.907806 1.953960 -1.912977
349.504181 472.408905 2.139104 1.184020
349.504181 472.408905 2.139104 -0.116308
349.670593 337.145477 1.853623 -3.247977
349.902313 563.408447 2.117398 -4.659098
353.404175 430.897614 2.145715 -3.214641
360.858490 635.217773 1.872353 -4.227708
364.963959 629.146545 2.070323 -4.461851
366.365997 233.908539 2.028889 -1.544065
371.422516 280.095490 2.200256 -2.338026
371.084869 471.565308 2.185618 -0.049138
372.849213 243.463654 2.160662 -1.655568
373.867218 295.070618 1.828933 -4.679239
375.037720 162.434799 2.158453 -0.017308
375.037720 162.434799 2.158453 -4.337156
375.652466 82.234657 1.892911 -4.612637
376.675079 383.328827 2.239804 0.263376
377.409576 465.774841 2.044819 -1.408543
377.409576 465.774841 2.044819 -4.216879
377.871124 358.510651 1.890252 0.275823
379.401337 232.071747 2.006038 -1.042746
379.401337 232.071747 2.006038 -1.921867
381.612122 80.127151 1.856020 1.554946
382.802277 480.307343 1.958209 -1.987631
383.710693 635.882874 1.839166 1.474964
385.613037 405.280670 1.949345 -0.958109
390.270569 49.409458 2.059544 1.419288
390.270569 49.409458 2.059544 -1.858167
392.050201 299.235107 1.813058 1.560328
395.445160 381.090057 1.913602 -4.662810
398.373596 297.715942 1.852135 1.479697
401.949341 470.940338 2.168053 1.346038
403.247681 312.749298 1.933739 -1.834427
404.134613 520.152222 2.261039 -4.709868
405.338654 279.387909 1.895216 -3.230882
404.686981 288.755127 2.222911 -4.711102
405.782410 440.153320 2.155683 -0.441428
405.782410 440.153320 2.155683 -3.199206
406.690857 177.569275 2.015266 -3.214371
408.601471 128.759216 2.365919 -1.752377
412.144592 339.844635 2.075318 -0.011440
412.144592 339.844635 2.075318 -3.043350
412.647125 602.931396 1.912041 -4.389929
415.498291 17.389658 2.330205 -3.007668
416.188141 89.075294 1.865246 1.548720
418.351929 399.933655 1.776750 -3.529825
419.052551 127.923569 2.104888 -1.897923
418.780060 418.323273 2.162911 -3.368974
420.712769 50.123619 2.003245 -1.715149
4.306138 118.319725 2.362743 -2.936361
7.808069 476.959625 2.707269 0.018434
7.742961 54.701099 2.881724 -3.231771
11.590089 96.893730 2.406017 0.177100
12.070690 318.086060 2.269208 -0.218175
12.745106 416.032990 2.592256 -0.067600
15.259710 116.251755 2.295511 -0.334140
17.478928 77.125793 2.809524 0.152563
19.368208 252.266586 2.526989 -3.344964
18.812187 336.525818 2.506716 0.819598
19.378487 475.478546 2.665489 -1.627800
19.647999 495.972137 2.327420 0.875687
27.178373 561.828918 2.343261 -2.454128
27.941908 239.131989 2.786498 -3.229646
32.301159 8.417984 2.159867 0.823985
31.966494 383.957642 2.727043 -0.473722
31.966494 383.957642 2.727043 -1.346833
31.966494 383.957642 2.727043 -2.894011
36.360512 369.033447 2.353507 -3.751172
40.472504 463.433685 2.624268 -3.797741
42.935173 252.356369 2.481725 -3.255953
44.093491 244.623962 2.654137 -3.420653
45.574009 458.632233 2.654114 -3.772064
50.173615 289.758972 2.483739 1.384204
50.055943 407.221710 2.319454 -0.385365
50.875412 418.958954 2.304860 -4.652567
51.205620 300.647278 2.435111 1.093782
53.740929 54.301346 2.585468 -3.667711
57.014320 293.816376 2.339346 1.326374
58.372643 425.170502 2.668942 -0.165791
63.862789 589.252136 2.431230 -0.197023
64.002975 618.679260 2.413252 -0.406487
70.457741 395.693298 2.877193 1.020339
73.326256 387.531281 2.310365 -3.124322
74.546959 179.606277 3.246245 1.307468
74.546959 179.606277 3.246245 0.221279
78.878960 394.379730 2.465315 1.241025
81.706139 338.000549 2.848322 -4.247136
83.280228 449.122925 2.672924 -1.787570
83.465630 579.470154 2.754996 -1.538683
86.277336 497.002472 2.746250 1.416659
86.277336 497.002472 2.746250 -2.001957
90.952400 5.434034 2.334322 -4.578443
91.859116 304.819580 2.696889 1.523407
94.825424 68.308464 2.700334 -1.786984
96.880020 493.857727 2.362077 0.660945
96.880020 493.857727 2.362077 -1.627652
98.203362 27.077322 2.475239 1.468501
101.060234 326.506226 2.133243 -1.873301
101.022560 615.431030 2.501682 -1.363507
101.691788 20.694885 2.458127 -4.594785
103.724632 260.819183 2.611994 -2.865691
106.646416 175.300598 2.517771 -3.364904
106.646416 175.300598 2.517771 -4.576902
108.020874 146.340103 2.466639 -3.317879
116.479233 400.878693 2.808833 0.040789
116.479233 400.878693 2.808833 -3.045869
115.906319 411.260986 2.744146 -0.043698
115.906319 411.260986 2.744146 -3.076541
116.933235 365.197662 2.764831 -3.933446
122.717964 81.398468 2.707623 0.210283
126.972733 70.644279 2.717104 1.194965
126.972733 70.644279 2.717104 -1.345347
131.604614 324.021088 2.531090 -1.669853
134.084732 554.130859 2.507704 0.963728
136.101074 352.290955 2.608253 -0.981990
139.385117 448.903107 2.545775 -2.406557
139.492035 472.532745 2.765476 -3.216319
151.520294 257.918091 2.520171 -1.682255
151.046875 400.596375 2.695001 0.196083
150.955368 413.557861 2.715901 -0.065761
150.798264 424.594910 2.472736 -0.131635
150.645874 472.378052 2.434179 0.121346
150.857483 485.031464 2.496776 -0.004716
151.113037 512.460693 2.823374 -1.977004
151.113037 512.460693 2.823374 -4.598989
155.843369 352.936523 2.286824 -0.174837
165.479172 386.058289 2.412347 -3.957260
173.061035 399.282074 2.811440 -3.420073
174.089325 42.335373 2.534350 1.462965
173.588730 423.590942 2.471672 -3.021392
175.356293 462.942993 2.487618 0.226087
175.356293 462.942993 2.487618 -3.375704
174.985901 473.030609 2.698794 0.037735
174.985901 473.030609 2.698794 -3.193173
185.672470 105.633987 2.366622 -4.179119
185.886185 462.675720 2.355377 0.138530
186.182968 471.911865 2.466813 0.061010
186.428879 498.410828 2.605508 -0.354713
186.439453 586.865540 2.516423 0.419286
186.711395 529.343750 2.685691 -0.421521
187.070938 620.535278 2.350084 -1.422454
191.281143 572.147888 2.448838 0.841037
191.493286 350.484955 2.776627 -3.055438
193.084900 47.479382 2.382125 -1.829048
193.406647 543.691284 2.722310 -2.123172
192.614517 555.550049 2.572079 -0.467090
197.211395 528.794067 2.425525 -3.661698
200.916702 520.929565 2.726980 -3.537784
217.529953 299.990723 2.521393 -2.640142
217.886063 389.442841 2.798306 1.258839
218.210388 455.506317 2.436154 -3.226061
218.178192 470.530579 2.295063 -0.388877
218.178192 470.530579 2.295063 -2.837452
219.348633 16.225677 2.670779 -3.669773
220.279709 417.751129 2.596184 -1.047112
220.279709 417.751129 2.596184 -4.143883
219.891617 397.191132 2.332377 -1.093456
220.279709 417.751129 2.596184 -1.047112
220.279709 417.751129 2.596184 -4.143883
223.618591 489.106049 2.235716 -0.069516
223.895172 511.977783 2.413746 -0.291841
225.200043 552.361572 2.672317 -0.176777
227.689255 33.204113 2.272297 -4.350058
229.222183 523.740723 2.491468 1.552601
234.133698 27.526308 2.503962 0.373205
234.343964 74.169815 2.568500 -1.374099
234.343964 74.169815 2.568500 -2.620116
242.272232 371.735687 2.380075 -0.037383
244.932465 106.809837 2.579315 1.120050
247.614990 270.860596 2.367959 -1.124593
247.795639 347.264374 2.531618 0.027589
248.807388 417.844269 2.489042 -0.784679
253.456879 436.831024 2.301637 -4.175080
259.100769 250.822159 2.721632 -1.659987
258.982788 351.351837 2.614497 -4.472766
259.487274 440.748444 2.634582 -4.094254
265.388550 388.144623 2.660984 0.463054
266.095581 444.018951 2.403521 -4.200433
267.834686 317.354675 2.795317 -1.559763
271.164398 473.784363 2.734127 -3.165732
271.816650 491.401398 2.704640 -2.881504
272.974060 528.421814 2.490601 -3.205753
279.428711 307.736359 2.372956 1.516224
281.011627 249.699692 2.329932 -1.731081
289.973480 237.542038 2.462446 -3.141754
289.443756 436.290588 2.179360 -2.824208
294.451111 248.286926 2.818314 -1.893665
301.861511 207.903870 2.795449 -1.974920
303.824341 88.689819 2.507756 1.377895
305.764069 426.600311 2.709892 -0.051689
309.295959 516.480896 2.848967 1.513677
311.946747 99.571281 2.613266 1.433928
313.826263 331.531891 2.206049 1.329470
313.541199 427.658203 2.619873 -0.070032
313.541199 427.658203 2.619873 -3.111301
314.859741 439.681549 2.547174 0.480923
314.859741 439.681549 2.547174 -3.760097
317.593567 473.290527 2.538127 -0.477474
317.593567 473.290527 2.538127 -4.413668
318.753662 89.322029 2.604934 1.294244
319.737885 286.267517 2.311744 -3.024317
320.671661 426.078033 2.514002 -0.111380
320.671661 426.078033 2.514002 -3.130973
325.589783 446.025208 2.190438 -1.555588
328.379639 226.458588 2.329387 0.818378
328.379639 226.458588 2.329387 -1.010567
329.634827 597.908691 2.545618 -4.160161
330.944946 514.526489 2.451163 -4.675887
332.626343 74.535461 2.748779 -3.250721
342.915680 224.464752 2.543459 -3.155688
347.216949 296.222992 2.649684 -3.371125
349.693726 436.742340 2.435714 -4.433803
352.102600 152.403198 2.813166 1.233753
352.102600 152.403198 2.813166 0.161661
355.518433 94.483871 2.737364 1.484396
368.154175 343.651428 2.373902 -0.988885
370.491119 445.676453 2.580347 -0.050130
372.219604 481.498199 2.575876 -0.124790
372.716553 491.980682 2.560141 -0.523216
373.691315 631.135498 2.446084 -4.248831
374.975800 303.496063 2.354616 0.164148
374.975800 303.496063 2.354616 -3.545730
381.832550 14.480877 2.533686 1.089893
383.977356 367.154724 2.408895 -0.606212
385.579376 258.831818 2.390260 -1.125536
385.579376 258.831818 2.390260 -2.124017
385.670746 353.739197 2.328926 1.369532
387.001617 411.656281 2.444541 1.097967
387.523102 360.506531 2.549010 -0.604007
387.523102 360.506531 2.549010 -4.417110
388.347076 418.921509 2.710845 1.206368
388.347076 418.921509 2.710845 -0.159885
392.465027 97.093971 2.504420 1.495764
394.154541 7.262809 2.641500 0.641010
405.422089 464.553345 2.425377 1.298210
405.422089 464.553345 2.425377 -0.756598
409.205505 380.518677 2.291842 -2.770895
410.224854 274.101288 2.350710 -3.309668
410.382263 610.314575 2.806854 -1.518129
411.848328 434.206879 2.435007 -2.698861
412.827820 401.694794 2.468285 -3.569738
418.588470 344.023499 2.586330 -0.012207
418.588470 344.023499 2.586330 -2.395551
419.633423 145.861832 2.621700 -4.518222
4.720136 491.291168 2.955348 1.508330
4.511557 508.943146 3.067009 1.489812
7.595459 551.801636 2.986511 -2.563390
20.472855 64.630264 3.523552 0.691817
23.913773 440.776855 3.223471 0.151008
23.913773 440.776855 3.223471 -2.263701
23.883364 631.557129 3.016256 -2.759485
25.401892 358.089325 3.344722 -1.575883
27.129280 431.204712 3.129474 -1.565339
29.063570 321.054382 3.366629 -0.486114
31.856451 491.656372 3.163681 0.678129
33.957928 334.253693 3.096703 -0.789662
36.278545 237.333237 3.111574 -3.444140
38.549099 106.381180 3.225492 0.828464
42.029846 411.566376 3.075459 -4.675543
44.564758 556.517090 3.550082 -2.600047
44.703743 588.066345 2.909629 -2.923219
50.998398 518.425232 3.273743 -2.833049
58.041664 329.700226 2.995085 -2.677358
63.938160 114.645073 3.005379 -0.117651
63.938160 114.645073 3.005379 -1.738102
66.131798 517.147949 2.990899 -2.379164
70.605377 95.187408 3.503680 0.062945
72.497017 551.282532 3.308908 -1.392494
75.847351 160.256271 3.583269 -0.108576
75.847351 160.256271 3.583269 -1.512541
82.360313 497.908051 3.210395 1.245276
82.360313 497.908051 3.210395 -1.832867
84.434448 413.959198 3.050035 -0.079259
84.868561 125.212051 3.164351 1.318814
88.636826 98.899902 3.247968 -1.644172
89.683960 544.807251 2.888799 -1.731712
91.474831 402.665802 3.352551 -4.022289
90.877243 612.769287 2.892398 0.165141
92.700890 381.165833 3.144317 -1.215632
92.700890 381.165833 3.144317 -3.243179
100.363884 607.140808 3.239974 -0.173131
100.363884 607.140808 3.239974 -1.142874
101.627785 96.694267 2.901674 -1.935590
100.440331 580.394653 3.339672 -1.438232
108.750000 370.119019 3.285527 0.094945
116.113335 323.793854 3.309087 -0.165711
116.113335 323.793854 3.309087 -1.716854
116.370148 489.775513 3.153427 -0.004842
116.370148 489.775513 3.153427 -1.737866
116.370148 489.775513 3.153427 -3.232130
115.840675 547.154114 3.218309 -2.415298
116.907410 448.506805 3.506898 -0.027530
118.371407 342.045441 3.244915 -1.101208
119.367172 332.020691 2.883913 -1.722593
123.935516 416.037903 3.131394 -3.173390
124.280441 482.829559 3.311925 -3.223332
125.021156 378.879181 3.350901 -3.140006
124.673851 441.707825 3.268811 -3.357516
140.900940 27.200169 3.247406 1.243438
150.232285 339.969940 3.018742 1.370195
154.507492 618.440430 3.576455 -1.497330
156.417984 330.695282 3.549035 -1.580452
162.389328 538.042480 2.847118 -0.039299
163.148941 255.503281 3.394197 -1.778120
166.436005 438.661469 3.535048 1.002269
166.436005 438.661469 3.535048 -3.485549
170.490341 247.375839 3.417970 -1.391363
169.908585 572.790039 3.131879 -0.167960
169.908585 572.790039 3.131879 -2.696420
170.641190 96.878212 2.944402 1.441783
173.110001 292.387787 3.033695 -0.500394
173.110001 292.387787 3.033695 -2.643273
172.659485 411.181366 3.568280 -3.137217
173.852936 447.427704 3.105091 -1.338330
173.852936 447.427704 3.105091 -3.941183
174.700058 528.826904 3.163493 -0.323719
175.723602 357.356049 3.127460 -2.362933
179.944351 439.865295 2.914878 -3.928340
180.771683 396.232483 3.136745 -3.662019
182.254776 113.748352 2.996560 -4.684184
187.331543 515.819397 3.107059 -3.632792
187.331543 515.819397 3.107059 -4.510956
191.202560 120.628578 3.225063 -4.294246
190.662262 337.788818 3.490567 -4.658678
192.452240 7.432293 2.877824 -4.532020
192.950638 283.717133 3.140356 -2.121810
192.534470 317.858612 3.295820 -1.776935
207.019928 417.057617 2.632437 -4.260363
209.732773 440.783081 2.994484 -3.173553
210.373734 465.030579 3.484140 -0.456724
210.373734 465.030579 3.484140 -2.847807
211.153702 79.473053 2.980916 -3.969132
210.437836 483.450348 3.633631 -3.127311
211.151367 501.743225 3.309249 -2.920578
211.808228 340.423492 2.947706 -2.892232
212.095963 551.808594 3.552433 -0.272634
212.095963 551.808594 3.552433 -2.973980
220.936356 79.242783 3.153151 1.428342
222.932465 278.688629 3.500646 -2.485185
222.932465 278.688629 3.500646 -3.878695
223.482224 308.276581 2.869441 -2.570330
233.934113 41.405090 3.256665 0.014799
249.308990 89.184929 3.114731 1.002034
249.008102 368.729645 3.442528 -0.045859
249.308731 529.306396 3.449110 0.406336
249.666367 541.017456 3.559633 0.144858
249.666367 541.017456 3.559633 -3.217320
256.916565 455.581421 2.866704 -2.939623
256.647156 468.388153 2.884100 -3.102076
258.164642 45.912670 3.279158 -1.660184
258.157959 507.435791 3.243884 -3.256251
259.996826 16.744091 3.057077 0.642485
261.885773 375.417694 3.268143 -2.628831
270.444489 404.303253 3.467411 0.302263
270.444489 404.303253 3.467411 -1.678767
277.591888 381.568756 3.335882 0.542643
278.952667 451.896942 2.968449 -3.987288
279.850525 356.843292 3.377759 1.506431
284.511017 473.299225 3.561706 -3.308576
286.385559 516.440979 3.463362 -4.545557
285.709839 529.334595 3.320392 -0.039452
285.709839 529.334595 3.320392 -3.107379
287.093231 385.096832 2.905841 0.564397
288.139954 172.777557 2.982250 -1.945565
288.139954 172.777557 2.982250 -4.424509
289.502167 411.567139 3.322661 -0.618918
290.178284 426.879211 3.144446 -0.081543
291.272034 369.423248 3.291868 0.188943
296.470642 273.295227 3.304409 -1.389010
296.470642 273.295227 3.304409 -2.168049
300.158417 30.953867 2.966250 0.791983
316.462433 272.793396 2.996840 -2.642025
320.248779 516.023132 3.419702 1.558827
322.694244 629.652222 3.545374 -4.608883
329.242676 36.821987 3.228044 -2.053849
330.364746 59.074245 3.031489 -3.420861
334.702393 361.306183 3.429774 -2.479558
341.073669 216.267487 3.210352 -3.148705
341.576813 455.977509 2.896259 -1.636997
343.032806 244.878952 2.865077 -2.991304
342.950653 515.843933 3.109619 1.568357
348.708771 554.753235 3.296412 -1.555536
348.708771 554.753235 3.296412 -3.139355
351.903229 419.849762 3.349820 -3.241414
354.239594 446.349152 2.900687 -3.255665
357.542450 530.043823 3.486219 -3.194232
369.895203 419.474121 2.969927 0.107650
378.877625 353.517242 3.581169 0.873862
378.877625 353.517242 3.581169 -1.022566
383.777191 340.144592 3.026521 -0.190376
383.777191 340.144592 3.026521 -1.651083
393.793365 355.550079 3.017351 -0.396848
393.793365 355.550079 3.017351 -4.339432
403.189575 363.980286 3.038765 -1.036500
405.429626 354.680267 3.168168 -1.064203
410.647583 572.075500 3.165750 -1.741785
412.518829 443.767334 3.374918 -1.647095
2.262506 352.740875 3.939443 -1.211892
23.003351 45.353107 3.941524 1.295917
34.351913 461.090240 4.186292 -3.503153
36.263840 627.809814 4.021819 -2.824903
50.175762 25.426941 3.540722 0.652862
50.598396 391.985199 3.907058 -0.467201
54.712948 88.667885 3.734622 0.529886
54.712948 88.667885 3.734622 -4.401608
59.061737 10.680173 4.826196 0.463653
59.061737 10.680173 4.826196 -4.276712
59.411198 99.529053 3.750597 0.208140
65.671730 542.405884 3.815267 -1.374357
71.295387 343.386963 3.930470 -4.397156
73.421288 215.097168 4.697667 0.062130
75.731461 181.031921 4.212610 1.161844
75.731461 181.031921 4.212610 0.304546
79.403809 110.502632 4.060965 0.038913
81.683487 89.656113 3.732704 1.279731
83.320801 536.886108 3.893815 1.100433
83.320801 536.886108 3.893815 -1.689863
95.520439 56.723343 4.319976 -3.479040
96.729980 122.629501 3.898678 1.567765
98.840332 534.221863 4.430634 1.219956
98.840332 534.221863 4.430634 -2.020947
107.628601 62.997387 4.230077 -2.885165
116.971779 322.100220 3.976755 -0.147820
116.971779 322.100220 3.976755 -1.663190
117.489761 526.883484 3.970828 -2.038618
128.514191 60.292030 4.584940 -0.075578
128.435272 300.858948 4.269871 -3.514128
131.603577 175.435425 4.755356 1.233961
134.403961 603.580261 4.320898 0.059998
142.366837 412.553558 3.945892 0.028609
148.093475 438.040131 4.392115 0.736909
148.093475 438.040131 4.392115 -1.069978
160.626923 409.353851 3.816848 -0.056414
160.626923 409.353851 3.816848 -3.174693
164.618683 457.430511 4.345108 -1.467178
171.785797 548.159363 4.576028 -2.443772
180.022568 358.667694 4.336276 -0.762412
180.022568 358.667694 4.336276 -2.454561
180.473389 629.762024 4.664078 -1.460893
187.297562 85.095787 4.370223 -4.542801
190.335556 169.489929 4.431637 -3.455463
190.335556 169.489929 4.431637 -4.586944
201.480820 11.324665 3.926729 -3.718086
211.339005 532.362183 3.794579 -4.374275
211.717270 551.485229 3.728435 -0.339228
211.477509 585.506470 4.326167 -2.637662
225.567932 70.162575 3.420891 1.499347
242.869598 7.076118 4.139352 0.117412
250.241745 336.269287 3.944949 0.227306
250.544739 444.902832 4.174345 -4.141564
250.296051 574.635193 3.919504 -0.384037
258.285431 44.764931 3.804233 -1.645613
258.980042 507.119415 3.646865 -3.275448
260.089569 87.585747 4.052268 1.110561
267.630341 75.031853 3.838059 1.277403
267.630341 75.031853 3.838059 -1.495534
281.266266 345.955688 3.925389 -0.990830
280.392761 433.428345 3.888907 -1.071842
283.079071 334.824738 3.696450 1.516284
289.911041 621.377991 4.337163 0.014260
290.806274 83.682457 3.764566 -4.591285
296.446869 72.279572 3.988236 -1.730796
305.049347 436.250916 3.962469 0.579311
323.362213 25.294884 3.891650 -3.786497
324.359833 630.776672 3.899520 -4.607274
328.333405 212.692383 4.167043 -1.781349
331.391693 104.362526 3.728909 -3.487104
334.736267 155.481522 3.992532 -4.493238
337.066803 563.191650 3.867035 1.329863
338.539703 201.334412 4.061186 -3.129296
337.788605 447.197906 3.572639 -1.674450
342.312012 377.150818 3.898143 -3.258800
349.670135 79.064743 4.027323 0.030136
349.308197 507.082062 3.962102 -4.653785
354.388916 476.214233 4.628171 -3.132544
356.010651 516.840088 3.668081 -4.375459
356.692993 530.622986 3.999514 -3.192456
360.229797 66.345619 4.503203 1.529786
360.229797 66.345619 4.503203 -1.701859
362.673645 440.531067 3.725853 0.056902
366.822418 332.268829 4.323778 1.185014
368.071014 77.064941 3.837775 -4.661121
379.183716 353.575378 3.551889 0.595640
379.183716 353.575378 3.551889 -0.664787
389.909454 273.260345 3.973704 -1.077703
389.909454 273.260345 3.973704 -2.944208
397.264496 441.427307 3.751618 -1.624043
400.414398 453.569336 4.056331 -1.587811
402.135895 331.069672 4.817544 -4.665598
404.599335 24.015163 4.061927 -1.850129
404.172119 591.773804 3.614212 -1.553825
404.172119 591.773804 3.614212 -3.644918
410.767914 405.123169 4.139486 -3.511431
413.565033 432.681244 3.904642 -3.101919
414.235046 453.453461 3.808062 -1.596940
416.478119 391.084381 4.141629 -3.596621
417.988342 236.462585 4.212100 -1.488934
6.252153 367.121216 5.489453 -1.544900
11.732055 74.904282 5.257746 0.764150
12.429851 458.818787 4.965076 0.058684
14.637404 433.989288 5.047166 -0.070598
17.443724 385.040588 4.415100 -1.734599
22.082706 127.144615 4.649691 0.205214
25.774162 621.319153 5.322539 -2.724636
30.631029 345.915710 4.893945 -2.091585
62.293762 206.536850 5.545139 0.071439
71.158226 330.875732 5.254756 -1.241606
78.566917 576.135132 5.015217 -0.099820
78.566917 576.135132 5.015217 -1.208184
82.531372 45.004681 4.976023 0.266819
83.164696 65.783958 5.016006 -1.696814
91.307648 122.520523 5.065085 1.446235
105.599792 333.974213 4.620317 -1.526745
117.286842 578.609741 4.593234 -1.353800
123.641670 591.342163 4.965629 -1.378044
124.673347 557.102966 5.526990 0.863074
131.473541 7.521771 5.391818 0.174415
135.770813 516.424866 5.034572 -2.029293
135.825882 570.174683 5.500386 0.819593
135.825882 570.174683 5.500386 -2.018101
138.867386 93.755356 4.713059 1.259667
153.137466 559.523499 5.175751 -2.360276
164.488342 504.061371 5.227871 1.252155
174.972549 316.848419 5.652617 -1.707947
189.999542 473.835693 5.308897 -3.107961
191.884964 585.927979 5.432790 0.652404
192.223236 605.986450 5.716725 -2.482607
194.494156 73.623154 4.737351 -4.580546
203.378311 93.420090 5.561202 -3.754596
216.539307 374.634888 5.024432 -4.661724
229.853378 632.003174 4.640915 0.232628
246.689713 66.863678 4.639359 1.334277
250.827988 164.975235 5.465592 1.294547
251.708084 629.643921 5.115568 -2.963866
260.484009 391.023468 5.390035 -3.245842
263.675537 438.897552 5.479937 -1.128473
263.675537 438.897552 5.479937 -4.035189
268.614227 257.552490 4.835318 -1.654101
269.126526 571.971191 5.216122 -0.243882
269.126526 571.971191 5.216122 -2.921049
288.457306 186.027786 4.752740 -4.205315
297.793640 393.056091 4.709803 -2.382698
313.430847 35.697327 5.163537 -1.785659
317.280792 377.205261 5.159779 -0.078265
317.280792 377.205261 5.159779 -2.648835
328.634979 254.003006 5.142457 -1.679648
337.228088 45.145908 5.579613 0.440249
337.228088 45.145908 5.579613 -3.916874
345.287445 338.137573 4.986126 -3.299320
359.284302 611.101379 5.362272 -1.899409
359.284302 611.101379 5.362272 -2.941469
365.885803 307.429260 4.796914 -1.238873
377.683228 519.207214 4.946608 1.290755
377.831970 63.649780 4.674689 1.564665
377.831970 63.649780 4.674689 -1.815484
384.526733 433.571838 4.554712 0.247185
389.711884 48.122578 5.481063 1.468591
394.767639 60.412773 4.639580 -1.912708
405.160522 75.918015 4.855462 -4.622733
408.527222 149.308517 4.835941 -4.658593
414.061859 59.221859 5.466881 1.472401
414.061859 59.221859 5.466881 -1.910671
14.360831 464.233978 6.233334 0.069048
26.595215 508.089264 6.413350 0.755845
37.156048 60.595551 7.048980 0.816108
48.015041 41.647549 5.751768 0.760929
49.321987 119.563217 6.214160 -2.026582
80.114632 154.863678 6.425240 0.306259
80.114632 154.863678 6.425240 -1.462093
100.834251 152.406860 6.472623 -2.019499
117.592339 71.625893 5.873348 0.820634
131.241699 363.542725 6.329528 -1.109562
131.241699 363.542725 6.329528 -3.773513
134.457718 148.766953 6.554070 0.946871
134.457718 148.766953 6.554070 -1.350601
158.923172 317.220673 6.584692 1.395511
158.923172 317.220673 6.584692 -1.508715
205.883820 46.297428 6.406734 -1.999133
214.676712 392.976471 7.570560 -0.999637
243.991806 429.703857 6.063417 -0.857548
269.756927 22.292149 5.799557 0.786134
286.765259 15.685961 6.158792 0.459077
286.765259 15.685961 6.158792 -3.967717
287.886200 311.613312 5.936999 -1.656802
297.847717 504.427673 7.220071 1.492187
304.203979 324.996948 6.163593 -1.510355
315.064575 240.416016 6.064676 -1.702817
313.801910 562.552368 5.398659 -0.043228
322.567200 2.725375 5.867824 -2.760102
321.170532 308.863861 6.634045 1.569221
321.170532 308.863861 6.634045 -1.603571
327.921082 129.163925 6.663396 -1.957201
331.816193 548.877258 6.387265 -1.439904
357.414215 126.093857 6.820009 1.159564
357.414215 126.093857 6.820009 -1.462727
374.790924 626.052551 6.354166 -0.992882
385.504364 611.672974 6.116291 -1.057881
387.430359 391.040100 6.089767 -0.185470
391.710663 306.489685 6.447956 1.526483
391.710663 306.489685 6.447956 -1.637954
403.413696 457.251953 6.637211 -1.533322
16.464384 191.383499 8.155581 -3.644742
16.897091 468.178101 7.439660 0.078745
34.471767 298.963593 7.556770 -0.639322
34.471767 298.963593 7.556770 -4.199425
63.160336 558.952209 8.402379 -1.090972
99.740105 393.836456 7.830666 0.012460
99.740105 393.836456 7.830666 -4.252224
110.744789 509.457672 8.098637 0.945043
110.744789 509.457672 8.098637 -1.774989
115.862724 166.006683 7.773868 0.799856
150.972809 532.359985 8.982500 0.835262
150.972809 532.359985 8.982500 -0.080926
185.899490 142.039536 7.893027 -4.511394
215.741699 393.135773 7.471206 -0.957802
252.544388 135.437607 7.668342 1.107419
266.897522 380.466644 7.749488 0.422402
306.982758 219.900726 7.496790 -2.290165
306.987305 463.845062 7.662730 -1.105965
321.027985 603.903992 8.233825 -0.618154
321.027985 603.903992 8.233825 -1.424454
332.831726 20.262136 7.410211 -0.115398
332.831726 20.262136 7.410211 -2.991429
340.014709 384.888947 8.129722 -3.137123
343.269409 143.626953 7.319077 1.007525
343.269409 143.626953 7.319077 -4.332649
353.688354 322.242249 7.943415 -0.920911
353.688354 322.242249 7.943415 -2.502558
353.688354 322.242249 7.943415 -3.774937
386.030518 525.063843 9.091776 1.424279
403.398254 120.852898 7.499542 -1.943653
403.398254 120.852898 7.499542 -4.594490
12.631922 313.799622 8.392308 -0.665117
43.300255 123.016510 8.362910 0.245011
56.868965 204.666336 9.980104 0.108286
100.348572 343.950439 9.420957 -1.295452
138.968674 249.106369 11.266129 -1.563816
148.169815 377.506287 11.631310 -0.983442
161.191010 115.147644 10.751248 1.451661
161.059143 351.504730 9.788926 -0.982691
162.581970 6.277384 9.419990 1.428238
180.367722 523.281067 10.238533 -3.927299
187.723557 560.442688 10.767119 -1.874420
229.290527 593.151855 11.119672 0.115972
229.290527 593.151855 11.119672 -2.378030
331.836548 344.652405 10.413112 -3.308664
344.294647 525.993958 10.200397 -4.600492
366.501068 503.964996 10.720922 1.547047
382.536041 95.844109 10.455993 1.496336
86.267113 196.109665 12.987044 0.196015
84.069839 248.466690 13.572764 -0.099733
160.754974 112.652565 11.701355 1.441359
185.501572 604.591919 12.015237 -1.343262
222.097397 510.859711 14.149915 -4.100675
288.516541 97.604546 12.771526 1.464902
364.380371 406.339539 12.287844 0.116711
384.652618 92.511017 11.609800 1.511258
401.139160 433.313232 13.773388 0.111519
401.139160 433.313232 13.773388 -1.319991
78.901955 432.255676 16.582882 -0.435574
152.837570 283.560822 14.688549 -1.620758
152.010834 482.897858 16.655968 -1.368435
212.098282 411.395752 17.839334 -3.499867
219.678955 162.501770 16.476238 0.406200
219.678955 162.501770 16.476238 -3.523050
222.153931 339.468872 16.127199 -0.100371
222.153931 339.468872 16.127199 -2.705047
266.246429 230.466629 17.765747 -1.766356
333.731384 590.455505 17.145201 -0.637080
168.609589 332.260345 19.588472 -1.251777
168.609589 332.260345 19.588472 -2.335991
305.992310 485.094574 21.824928 1.445778
369.949524 487.924561 22.658897 1.449478
223.374512 271.878906 25.287308 -1.790537
275.851196 207.639313 27.603912 -1.693497
347.853668 267.129120 25.048420 -1.573653
97.391273 334.601501 40.058552 -1.156706
137.222366 209.482986 44.809933 0.853674
137.222366 209.482986 44.809933 -1.572618
249.869965 464.413147 42.452873 1.133302
249.869965 464.413147 42.452873 -0.643473
