30 91
37 667
40 537
43 537
45 295
71 43
72 448
80 26
81 28
83 36
85 43
90 448
96 330
98 47
103 670
105 64
106 53
108 54
109 52
112 56
117 74
118 67
119 73
121 68
122 77
123 351
124 352
126 84
127 85
128 358
129 359
130 357
131 67
133 10
134 365
137 92
138 100
139 371
140 101
142 93
145 95
146 11
147 94
150 116
151 107
153 375
155 120
158 169
160 115
161 863
162 110
163 108
164 119
165 111
167 152
176 130
177 124
183 132
186 127
187 144
188 138
190 142
191 143
192 147
195 392
197 139
198 152
202 154
207 158
214 419
217 166
222 425
223 173
224 146
225 402
226 178
229 424
230 426
231 206
233 185
234 68
237 206
245 434
247 198
248 217
250 203
251 195
252 207
254 209
255 210
259 206
264 442
267 219
268 215
269 220
272 222
275 221
280 226
281 227
282 217
283 228
284 229
285 456
286 238
287 237
288 234
289 235
290 241
293 240
295 242
296 243
298 244
299 245
336 139
340 6
341 14
346 18
347 307
354 317
356 317
359 45
362 323
366 333
367 328
369 331
371 517
373 338
375 146
376 146
382 527
383 528
384 350
385 615
386 344
392 360
393 366
394 367
395 368
396 550
401 363
402 79
404 369
407 434
408 370
410 372
416 377
418 382
419 380
420 381
421 566
422 383
425 384
426 386
427 88
428 430
429 387
430 388
432 149
434 393
435 582
436 399
437 394
442 396
444 397
445 151
446 398
447 401
450 403
452 405
457 168
458 422
459 423
462 179
463 420
464 174
466 176
467 599
468 182
469 428
470 706
471 430
472 429
473 433
474 435
475 434
476 440
478 438
480 196
481 620
482 201
483 208
484 441
487 223
489 224
490 449
491 447
492 450
493 451
495 452
496 453
497 236
498 457
501 454
502 455
503 230
506 461
507 462
508 233
509 460
512 231
531 537
532 112
533 249
540 516
547 505
548 506
552 515
554 187
555 516
556 519
557 668
558 669
561 522
562 530
563 524
565 531
566 34
567 529
571 527
572 528
573 539
575 536
576 532
579 540
580 541
582 542
583 543
584 549
585 548
586 547
587 553
588 555
590 556
592 560
594 562
595 567
596 568
597 569
598 576
599 564
601 570
602 571
603 389
604 581
605 579
606 699
608 583
609 580
611 211
613 598
615 597
616 230
621 600
622 601
623 605
624 604
625 609
626 436
628 437
629 612
630 619
631 615
633 443
634 622
635 624
636 623
637 616
638 617
639 618
642 448
643 446
645 628
647 631
648 629
665 507
666 656
667 511
668 657
671 523
673 667
676 666
677 665
678 766
679 524
680 674
681 678
682 676
683 677
684 679
685 680
686 682
688 548
689 681
690 770
691 683
694 552
695 685
696 813
697 687
698 688
699 560
701 689
702 690
704 691
706 692
711 693
712 694
713 575
715 695
716 404
718 703
720 700
721 702
725 183
726 705
728 600
729 710
730 707
731 712
732 604
733 605
734 709
735 610
736 612
737 614
738 713
739 715
740 714
742 718
743 707
745 719
748 629
750 816
755 481
759 757
761 27
764 763
766 767
768 768
769 764
770 765
771 769
772 772
774 772
775 771
777 774
778 778
779 779
780 744
781 780
783 781
786 782
787 783
788 786
789 788
791 791
792 792
793 793
794 794
797 798
798 716
803 800
804 801
812 824
815 826
818 828
820 775
821 776
822 832
823 833
826 834
830 840
834 842
837 846
838 847
839 887
843 861
844 891
845 862
847 863
848 864
851 865
852 866
853 868
854 869
855 834
857 872
858 831
859 837
860 873
862 841
864 875
868 892
869 893
870 894
871 897
872 896
874 898
875 489
876 906
877 907
879 899
880 909
882 910
883 900
884 901
885 911
887 268
889 920
890 921
891 922
892 923
894 924
895 926
896 927
897 919
899 931
904 937
