4.930639 219.075653 1.971115 -2.208078
20.905369 153.042282 1.896999 0.731243
21.975838 269.940918 1.885724 -4.576036
24.881264 240.455887 2.218871 -1.398095
25.667259 480.730164 2.224278 -4.704304
26.064129 248.494446 2.124224 -0.694648
26.064129 248.494446 2.124224 -3.180104
28.850662 511.634277 2.289148 -0.178768
30.252398 429.823395 1.850787 -3.030236
37.885185 286.424652 2.091062 0.014809
37.438450 305.002930 2.359841 -0.052384
38.512886 80.737221 2.032721 -1.141741
38.512886 80.737221 2.032721 -4.635763
38.518147 218.110870 2.239037 -0.087425
40.542030 21.001478 1.742217 -1.131561
40.542030 21.001478 1.742217 -4.089328
42.210705 88.476532 1.933396 -0.897554
44.832458 139.315598 2.170630 1.250331
44.482277 450.294342 2.170828 -1.057768
45.596863 494.220245 1.956429 -1.468308
46.699612 74.787498 2.000975 0.358661
47.443577 98.905205 1.611016 0.103882
48.814354 368.406738 1.777286 -2.136607
52.206150 74.425957 1.785632 0.251896
52.828957 102.119843 1.975954 0.068896
55.216572 289.340149 2.032830 -2.555198
60.140820 318.707123 2.081856 0.153071
60.140820 318.707123 2.081856 -3.059747
59.823734 343.540009 2.163425 0.029566
59.823734 343.540009 2.163425 -2.084984
59.823734 343.540009 2.163425 -2.998685
61.233601 66.228615 1.768685 0.112939
60.657524 133.387177 2.104955 0.333274
60.657524 133.387177 2.104955 -3.032569
66.282593 287.958862 1.993795 -2.876647
66.089569 322.591278 2.118214 -2.977269
67.905800 456.924072 1.849701 -0.948652
71.153793 137.873337 2.161084 -3.084502
72.547058 76.070114 2.154816 0.211283
72.547058 76.070114 2.154816 -3.446829
73.876366 479.582031 1.965301 0.042464
73.876366 479.582031 1.965301 -2.799321
74.940781 472.688690 2.217884 -1.195602
78.257805 501.499481 2.023162 -0.777761
78.257805 501.499481 2.023162 -2.541764
78.257805 501.499481 2.023162 -3.807167
86.787666 170.915039 1.987236 -2.591920
90.652229 188.481567 2.096158 0.091760
90.782593 199.037994 2.125269 0.084943
91.903671 319.890045 1.873944 0.042579
93.941544 16.467188 1.952198 -1.609517
94.360374 244.401733 2.197445 -0.055050
93.726265 265.342865 1.776348 -0.044069
99.862007 273.567841 2.121415 0.354364
104.995888 163.882858 1.935551 -0.157754
105.278549 410.856415 2.098888 -0.246195
106.009636 292.343658 1.927716 -1.505093
107.341209 347.951202 2.092746 -1.413653
107.272873 367.395538 2.083884 1.332186
109.550903 81.203659 2.106562 0.897774
111.339134 336.473907 1.991051 1.497212
112.490791 238.565933 1.874937 -1.548493
119.018112 418.160156 2.221619 -1.590585
119.280060 480.787750 2.246710 -2.177228
120.028160 399.290405 2.110286 -3.770028
120.028160 399.290405 2.110286 -4.214014
121.063492 60.746918 2.019550 -4.246222
124.803032 377.350403 2.364631 -2.196200
125.487778 239.536987 2.091179 -1.515021
133.508926 73.080162 1.951555 -3.918259
132.832657 267.618164 1.826997 -2.960634
137.124268 154.685989 1.899863 -1.650756
143.887054 269.211609 1.850887 -0.812057
143.887054 269.211609 1.850887 -4.429063
146.885040 38.356152 1.852617 1.369837
146.885040 38.356152 1.852617 -2.345548
151.583694 6.829945 2.036140 -1.732922
168.274429 38.868664 1.863263 0.992371
167.992584 440.800201 2.234573 0.999565
172.481079 394.293976 2.112207 -1.330581
172.547501 420.947998 2.065897 0.025134
172.547501 420.947998 2.065897 -3.218911
177.420364 66.776299 1.986539 0.053917
177.420364 66.776299 1.986539 -3.160637
177.311325 415.724274 2.081266 -1.387305
178.371582 37.077530 2.133621 0.047227
188.388794 179.321091 2.272291 1.424643
187.416016 488.834961 1.929139 -4.608282
188.234100 167.402069 1.657582 -1.517032
191.679962 456.168121 1.698293 0.933316
194.168442 381.611877 2.009207 -0.460697
194.168442 381.611877 2.009207 -1.709630
195.374130 402.072937 2.039836 -4.558334
195.925034 482.750000 2.134152 1.465010
196.614838 33.194485 2.247293 -4.493125
197.271973 338.052887 2.058296 -0.149648
200.490036 491.331543 1.890253 1.561355
200.682770 380.018524 2.034950 -3.222270
202.550659 335.455872 1.841848 -3.149281
218.151398 326.564240 2.092740 -1.530593
219.801193 321.370178 2.241923 -1.528788
220.669586 247.914413 1.927267 -0.108233
220.669586 247.914413 1.927267 -3.045125
221.752808 211.030746 1.917187 -3.129003
226.223801 194.465317 2.022476 -0.655900
226.223801 194.465317 2.022476 -3.020223
230.250626 271.312225 2.072952 0.123030
242.100418 248.379181 2.205743 0.070594
242.100418 248.379181 2.205743 -3.249383
243.094742 475.929565 2.135114 -4.621755
247.638733 247.875732 1.935973 -3.229624
250.940536 294.463013 1.998913 -1.525068
252.617661 250.291733 1.855016 -3.132402
253.412689 373.401581 1.801397 -0.227802
257.873810 247.455429 2.170039 -1.913285
257.873810 247.455429 2.170039 -2.979891
259.182190 367.464111 1.748914 -0.067177
260.402130 400.918671 2.103991 0.743884
267.657349 383.603394 1.839950 0.579909
276.299286 402.877228 2.083427 -4.657934
277.867432 467.461945 1.801457 -4.636872
284.167847 469.372986 2.038869 -3.484481
284.597260 462.722229 1.989700 -3.521942
287.643860 384.928131 1.867100 -1.771733
290.928650 140.699921 1.861803 -1.366369
292.452118 100.341064 2.052122 0.236526
292.452118 100.341064 2.052122 -4.027289
293.244995 25.726824 1.991470 1.415965
293.127808 198.258286 1.807443 0.873529
294.275208 428.819000 1.943812 -0.002460
295.289734 9.575200 1.746345 1.501411
294.408813 136.120621 1.701170 -1.342881
299.967651 429.533691 2.168882 0.162010
300.519287 478.327271 2.239250 -3.079491
300.508636 493.571014 2.060371 -3.128644
305.191620 196.768127 1.941790 -4.216484
319.812317 499.413513 2.201420 -4.599042
322.585938 9.779484 1.904602 1.559801
327.680237 17.891308 2.085071 -4.710547
330.521301 435.766876 2.033456 -4.496884
333.516571 16.742287 2.113653 -4.598666
339.961304 305.863983 1.967551 -1.616847
342.767487 16.842070 2.724842 -4.510314
344.586487 309.872589 1.814166 -1.448351
346.174103 134.105713 2.022887 -1.557532
347.233917 485.016785 1.819180 -1.358719
351.575409 146.108353 1.867536 -1.563798
359.418945 401.564240 2.144175 -1.530445
360.401154 248.260788 1.957201 -3.030257
365.323090 417.812256 2.032762 -4.489504
369.491364 133.222977 1.875802 -1.562255
369.657806 397.998444 1.864885 -1.448559
374.636139 406.967834 2.176743 -1.455929
377.805145 345.345123 1.984448 -1.682581
380.501160 7.442404 1.664102 -0.292870
5.645387 352.297211 2.617066 -0.615038
5.645387 352.297211 2.617066 -2.123469
12.713249 153.984894 2.569771 -1.488254
12.913970 205.872894 3.058701 -3.702942
15.869037 492.132507 2.627166 0.306214
20.124926 10.320374 2.801410 -0.943125
20.116171 293.552277 2.423925 1.279800
20.116171 293.552277 2.423925 -2.126679
25.066362 157.029724 2.429627 0.669270
25.066362 157.029724 2.429627 -1.193866
25.106590 264.629883 2.483333 1.567172
27.760380 14.722375 2.693753 -1.107741
28.556931 76.464279 2.422368 -3.880072
29.500206 501.722534 2.448894 -2.622542
30.965357 188.182007 2.460289 -1.324424
30.965357 188.182007 2.460289 -3.045935
31.588394 286.493164 2.572636 -1.618406
31.588394 286.493164 2.572636 -3.344557
32.981941 213.439896 2.419188 -4.463517
34.284309 507.241272 2.363453 1.333553
34.284309 507.241272 2.363453 -0.033857
37.391655 48.127014 2.871406 -1.180923
37.487270 187.434982 2.589191 0.035760
37.013214 295.613800 2.707021 -0.004328
37.496685 305.225403 2.369482 -0.062259
38.720833 463.601318 2.293202 -3.021054
44.785217 139.406525 2.050689 1.185768
44.123409 173.600494 2.329456 -0.071706
46.733742 52.800259 2.517918 -0.931315
47.871609 435.233276 2.616112 -4.540643
53.603977 86.464546 2.435265 -4.704064
66.129723 74.333130 2.424615 0.124162
65.900230 284.541718 2.602946 -3.003998
72.797508 65.045616 2.394572 -0.967370
72.954674 506.899628 2.362636 1.099335
74.816353 58.970505 2.673223 -0.954322
76.674393 374.195679 2.645727 -2.027788
84.281502 365.906647 2.746438 -1.691462
84.281502 365.906647 2.746438 -2.780143
83.893326 474.785065 2.596985 -1.458296
85.645782 46.976784 2.230576 -0.869856
92.140251 464.904266 2.643091 -0.104904
99.326057 331.015106 2.348568 1.194060
99.420746 403.565796 2.766115 -0.026718
105.263657 493.006897 2.466547 -1.499022
107.655075 331.376556 2.581078 1.503224
111.504456 256.869690 2.509374 0.078488
112.813942 245.490234 2.343335 0.297080
112.813942 245.490234 2.343335 -1.519501
112.813942 245.490234 2.343335 -3.115739
116.541580 505.257080 1.916111 -4.524774
117.544540 363.482819 2.443129 -1.391792
118.376709 332.102325 2.447569 -4.629206
124.440681 77.345543 2.581917 1.382447
124.440681 77.345543 2.581917 -1.051240
132.100281 72.589508 2.302249 -3.938652
140.022293 245.255142 2.475413 -1.724429
140.488785 75.931000 2.441499 1.492965
141.625229 377.875122 2.545979 -1.365734
153.101074 260.824524 2.421486 0.037874
156.361252 344.821411 2.377912 -0.513944
163.340408 457.127319 2.391549 0.170826
167.291687 469.601532 2.294852 0.026016
168.452850 366.763977 2.337919 -4.698654
171.393585 305.066650 2.331702 -1.326615
173.082047 299.000671 2.302118 1.202815
197.798904 217.402557 2.603243 0.073735
203.583649 486.026550 2.300102 -1.300134
203.583649 486.026550 2.300102 -4.705611
217.198593 492.340851 2.478642 1.496017
217.198593 492.340851 2.478642 -1.268343
219.902023 392.543121 2.841354 1.374802
219.902023 392.543121 2.841354 -1.448985
227.313354 246.857590 2.684692 -1.675766
237.715683 499.315155 2.418300 -1.550455
239.795380 343.694153 2.719714 -3.043850
240.347778 360.551971 2.464849 -3.160450
241.272903 367.565643 2.511362 -3.092556
242.025162 250.969971 2.544605 0.120113
242.025162 250.969971 2.544605 -3.292669
242.571075 298.716095 2.350700 -1.573018
246.148453 408.522125 2.441984 1.156220
251.040237 214.758224 2.554428 -3.184262
252.259903 500.310516 2.590247 -1.514209
255.750946 507.361145 2.486021 -1.340692
260.833649 501.399475 2.720488 -1.380562
260.833649 501.399475 2.720488 -4.493073
265.433899 448.403503 2.598903 -2.243515
268.632111 389.161469 1.870145 0.433521
284.664520 489.293549 2.237754 -1.532431
296.641479 352.031860 2.576978 -0.409483
302.732452 438.586121 2.566271 0.272978
311.350891 393.704315 2.310516 -4.533102
332.490051 443.180969 2.645070 -2.649383
340.536957 230.905045 2.324868 -1.649300
345.313446 398.695038 2.506402 -1.355359
346.613953 224.144104 2.746316 -4.701042
346.130768 392.065369 2.362622 -1.414555
348.017426 416.776581 2.319836 -1.484512
348.345184 492.365540 2.378452 -1.451749
349.575287 63.943989 2.812737 1.471383
350.171448 405.700409 2.561733 -1.457392
352.730591 230.772446 2.491490 -1.520923
355.559021 152.120087 2.534663 -1.628031
359.166595 493.196167 2.777304 -1.356611
359.799622 178.969742 2.724193 1.553752
362.936035 488.056091 2.247978 -1.333229
364.324799 424.619934 2.548980 -0.199672
369.063263 249.416916 2.665709 0.056312
372.070251 61.599632 2.747629 1.498102
377.432800 456.323761 2.778070 -1.502858
12.777159 206.327850 2.960019 -3.624761
14.189534 142.453156 3.221758 -3.564071
16.346920 284.759125 3.202856 -2.090528
27.483990 299.861328 3.294350 -4.615079
26.945204 456.011414 2.977371 1.074406
29.320274 374.557587 3.510253 -2.863552
30.887634 94.104584 3.293902 -4.061283
36.870182 72.365387 3.617924 -1.641526
36.870182 72.365387 3.617924 -4.149385
37.462673 166.848083 3.041207 -1.066095
37.169212 279.182556 2.974041 -0.010800
36.870468 347.082611 2.922622 -0.047569
39.702751 40.888836 3.183556 -1.189835
40.909416 31.676237 3.528386 -1.132585
40.909416 31.676237 3.528386 -4.122944
57.132416 361.192871 2.863155 -2.452094
60.796822 100.788445 3.138797 0.147711
67.529510 492.746765 3.356880 -1.752365
86.868858 506.527588 3.435602 -0.948734
89.394081 491.406769 3.595884 -0.525324
89.394081 491.406769 3.595884 -1.430804
90.988655 396.890198 2.892284 -0.390324
92.468513 439.143127 3.334653 0.311457
92.468513 439.143127 3.334653 -3.858456
96.298637 368.377319 3.269118 0.965483
98.604691 176.314835 3.470231 1.223649
98.604691 176.314835 3.470231 -1.358482
100.994232 55.208786 2.852914 -0.911134
100.994232 55.208786 2.852914 -4.301904
100.399223 392.141083 3.386525 -1.278141
101.233749 431.779907 3.726309 -0.882784
103.965538 83.235939 3.410334 0.582406
113.370766 323.566467 3.289781 -1.271484
116.033455 432.438110 2.874938 -1.174805
117.832161 309.519409 3.373665 -4.707324
125.580109 245.813492 3.030017 -1.468300
128.473007 44.387039 3.360112 1.563048
127.499191 500.876831 3.178901 -0.763181
133.056915 239.471680 3.536069 -1.573718
137.927917 488.442810 3.404904 -3.988055
141.330231 257.571930 3.110586 -3.315796
141.125336 268.607391 3.171419 -3.070415
153.419449 246.354355 2.989191 -0.007216
153.419449 246.354355 2.989191 -1.398974
180.944763 496.944244 3.147723 0.865285
180.944763 496.944244 3.147723 -0.381169
192.254395 489.175415 2.954690 -4.709195
200.339035 498.061646 3.192681 1.565956
201.181824 249.985138 3.566429 -3.110407
203.498627 344.969055 3.599830 -3.067286
212.861130 276.512604 3.502538 -3.252914
212.861130 276.512604 3.502538 -4.561762
248.461899 441.007629 3.267406 -1.741197
248.920105 171.124481 3.310288 1.569706
248.920105 171.124481 3.310288 -1.637535
256.603149 312.396118 3.194833 -1.618688
260.788483 170.582687 2.986285 -1.653890
260.788483 170.582687 2.986285 -4.693069
261.790375 224.402145 3.104375 -3.127967
263.664459 70.116188 3.228870 -3.378761
263.664459 70.116188 3.228870 -4.203624
265.057495 374.459656 3.563012 -0.275500
279.160492 393.148773 3.457735 -2.103039
283.566193 440.645020 2.359969 -2.932163
282.493286 504.879425 3.531538 -2.968489
282.493286 504.879425 3.531538 -4.233545
296.593079 136.229980 3.329153 -2.942074
307.900238 50.794685 3.544059 -3.859688
307.763672 463.005432 3.024754 0.082980
314.867249 506.405121 3.234388 -1.993706
319.003571 206.158325 3.184840 0.068373
335.128479 223.467102 2.986414 1.484360
340.531860 138.626099 3.215337 -1.658175
340.570770 491.317749 3.300695 -1.452808
346.355438 425.269897 3.492620 -1.501897
346.363586 444.844025 3.412698 -1.117897
347.562622 223.221710 3.050473 -4.708210
352.606812 161.917740 2.973012 -1.631503
352.984650 244.890320 3.360376 -4.684838
356.351379 74.170341 3.040532 -4.570029
357.900940 138.900543 3.132481 -1.594858
360.525513 63.414783 3.001197 1.484269
364.478088 160.816742 3.466085 -1.642022
374.053558 391.503662 2.661278 1.139203
374.053558 391.503662 2.661278 -1.202646
379.205994 137.574387 3.193813 -1.638435
12.863306 49.674122 3.828415 -1.136050
12.863306 49.674122 3.828415 -4.120449
18.769575 503.882324 4.105623 0.797933
20.455631 382.898315 3.816025 -2.341850
29.960249 154.335434 4.155500 1.087199
28.261490 336.847717 4.152198 -3.117268
41.452614 93.133995 3.959657 -3.600039
58.365505 298.100464 4.058081 -2.520141
67.504112 185.290222 4.289993 -2.988680
100.573616 392.325592 3.550538 -1.211784
101.308334 431.708344 3.396998 -0.827595
118.718407 76.365967 3.839728 1.266869
130.526642 43.782078 3.779526 1.468839
131.952179 475.987427 5.157582 -2.701404
133.312363 239.005096 3.796043 -1.590521
150.613800 485.766510 4.204789 -3.930021
152.346527 296.506348 3.902649 -1.541579
165.274170 183.238312 3.751619 -3.426580
178.778976 380.964722 3.610081 -1.563763
181.766113 401.788025 4.456857 -1.396393
186.350494 183.242798 4.352440 0.323436
199.174149 368.221588 3.709229 -3.049809
200.970032 251.169678 3.794785 -3.121946
200.934647 387.608765 3.985652 -1.797214
212.441742 247.600342 3.830123 -1.465463
212.441742 247.600342 3.830123 -2.983705
221.359024 238.819412 4.396186 -1.546429
231.148514 247.805405 4.026834 -1.531934
258.406158 291.081818 4.616948 -1.708206
258.406158 291.081818 4.616948 -3.137210
260.756287 181.574051 4.521107 -4.552739
261.098206 225.067520 3.634694 -3.123877
262.833557 71.344757 3.922471 -3.409319
281.382690 263.606232 3.694068 0.081667
297.525665 385.196564 3.744828 -1.257455
297.866730 399.129761 4.069141 -1.250740
307.966370 50.010441 3.402532 -3.928820
310.886200 189.149139 4.408754 0.190172
335.940155 171.278320 3.862351 -1.444074
337.992676 76.261017 3.546096 1.283308
353.755096 86.568649 3.944090 -4.657519
367.828735 437.684601 3.720409 -1.317839
371.865204 386.374512 4.247743 0.028254
371.865204 386.374512 4.247743 -1.372385
371.865204 386.374512 4.247743 -3.325177
13.335217 172.827332 5.075539 1.160307
13.335217 172.827332 5.075539 -0.979770
12.764859 224.247284 5.195736 0.140826
28.066410 140.696060 5.622112 1.177922
32.626942 153.618195 4.943923 1.118920
40.355026 53.204456 4.977260 -1.126595
51.112328 490.484253 4.607060 1.480297
69.737785 457.893616 5.006481 -0.408777
99.339714 84.365883 5.103643 0.400946
105.430969 283.821625 4.987458 -1.227851
125.983063 322.989563 4.614410 -3.067539
127.006218 392.072906 5.879413 -2.207180
145.207199 285.291840 5.449848 -1.539382
149.616272 369.159210 5.340797 -4.700936
158.163635 41.733131 4.543642 1.054761
160.570557 285.688690 4.875015 -3.076937
159.884811 308.103088 4.932353 -1.551491
164.626541 499.441345 4.436873 -0.577413
182.553574 320.884369 4.896312 -0.555198
183.974945 369.859802 5.015662 -4.690793
183.926636 266.841553 4.245932 -0.036388
185.961945 286.482178 5.286897 -0.049244
186.527298 160.848648 5.326950 -1.254502
196.974213 323.409637 5.065790 -2.958454
197.965469 411.895081 5.320439 -1.247311
197.965469 411.895081 5.320439 -4.625957
201.031219 265.462341 4.623896 -3.189278
208.648743 399.693939 4.668600 -1.765570
216.672348 288.867065 5.475582 -1.535191
231.142334 403.074219 5.343897 1.189365
322.733917 454.838562 4.931445 -4.629181
327.378204 425.283142 5.116108 -1.450547
328.668976 390.370087 5.051459 -1.408066
332.165710 375.734039 4.740980 1.489524
333.734802 52.418797 5.026891 1.133418
351.713837 170.739853 5.081234 -1.626531
363.774811 279.985291 5.088847 0.272723
363.774811 279.985291 5.088847 -3.283477
364.308411 263.665558 5.445433 0.056546
364.308411 263.665558 5.445433 -3.076503
371.482391 384.259064 4.820422 0.021429
371.482391 384.259064 4.820422 -1.395725
371.482391 384.259064 4.820422 -3.172162
375.311249 427.200012 4.851468 -1.342268
5.952850 145.468170 6.580355 -4.043474
9.367253 243.868988 6.539600 -3.278845
9.367253 243.868988 6.539600 -4.673113
42.163582 152.812897 7.213302 1.136644
41.285725 120.334419 6.669174 -2.980098
49.228954 477.074585 6.010360 1.434648
62.516857 92.956169 6.718472 0.338508
67.991913 372.579895 6.851176 -1.681008
72.837975 156.753494 7.116124 -0.010639
95.467278 418.290985 6.534129 -0.686250
96.943871 109.756973 5.823255 0.119893
110.999329 380.614044 6.700288 -1.195833
110.999329 380.614044 6.700288 -2.185068
112.163185 40.147194 6.823769 -4.314928
113.873528 94.145294 7.052625 0.321004
114.412476 407.584808 6.714219 -0.821208
114.412476 407.584808 6.714219 -3.152824
136.612839 54.738335 6.407165 0.983492
145.827057 270.260651 5.751227 -4.477793
175.579605 175.253616 6.089898 0.533649
175.579605 175.253616 6.089898 -1.190921
175.579605 175.253616 6.089898 -2.129222
175.579605 175.253616 6.089898 -3.612761
192.055405 39.690594 6.893631 -4.581578
213.196701 374.644440 6.740119 -3.119212
265.618591 33.172791 6.002333 -4.666051
320.850037 469.559784 5.709873 -1.158831
330.665833 69.563950 6.515999 0.995539
339.849854 455.346161 5.792876 -4.450441
370.013031 369.423767 6.117061 -1.227373
370.013031 369.423767 6.117061 -2.968249
32.007652 253.369339 8.282065 0.000403
46.380924 153.252380 8.602614 1.136752
57.774590 371.536102 9.358657 -1.495683
112.488564 441.291412 8.115956 -4.531584
184.164841 351.830170 8.035549 1.498697
192.136597 262.131012 8.644024 -0.046285
214.161240 29.151485 7.488809 -4.368909
217.834488 321.281677 8.753278 -1.645008
223.964905 231.952393 7.881624 -1.581237
252.001587 386.019989 8.669716 -0.251334
292.850525 23.250183 8.432302 1.414092
317.299408 489.015106 7.592750 -1.326286
109.959404 467.332367 9.631364 -0.212889
109.959404 467.332367 9.631364 -1.251687
109.959404 467.332367 9.631364 -3.310559
142.971191 471.892090 9.629683 -3.271996
187.922226 373.560577 10.802992 1.547042
187.922226 373.560577 10.802992 -1.555712
187.922226 373.560577 10.802992 -3.090683
197.921478 45.544563 10.292144 -4.527334
219.900345 256.506104 10.544843 -1.640621
251.739471 192.749222 10.178705 -3.276928
251.911224 229.591034 10.393332 -2.965475
269.851654 253.390640 9.771840 -3.000767
33.406616 24.357779 13.699706 -1.311989
79.987091 294.120728 12.417818 -0.143729
92.071388 56.528126 13.830161 -0.243599
92.071388 56.528126 13.830161 -4.518883
115.218155 340.388306 12.466384 -2.946287
197.833710 450.232239 14.368419 -1.070372
242.283905 288.132812 14.029969 -1.642260
285.444275 433.911865 13.231322 -0.884064
336.010010 292.418091 14.046267 -1.147882
336.391266 258.660980 11.714695 0.249627
40.741673 67.573029 14.949952 -1.130693
156.802322 333.510651 16.487173 -1.664791
232.376892 330.884613 16.560184 -1.655965
283.171753 439.084900 15.576256 -0.776832
336.241882 289.742126 15.465292 -1.078267
126.696411 215.056046 20.560415 -0.026283
292.178833 108.865349 18.905525 -3.197126
290.002472 242.313354 20.040358 -2.977787
318.645264 338.099579 19.902700 -1.100040
55.333584 408.385559 23.815355 -1.423213
129.930984 114.096191 28.531971 0.127122
221.733002 257.733643 35.538696 -1.671264
302.657074 176.586487 32.035530 -3.002325
7.755690 233.632736 43.303089 -0.219552
