67 16
82 347
102 352
111 7
113 337
114 120
115 11
116 12
117 90
118 15
119 17
123 110
124 19
130 20
133 22
134 133
135 23
144 28
148 31
149 29
153 37
205 7
226 3
234 208
237 118
238 119
241 124
244 352
247 132
248 136
250 141
252 145
253 146
255 148
257 147
258 149
263 150
264 151
266 154
281 3
283 9
320 370
321 369
322 121
323 210
324 211
325 279
326 125
327 126
329 213
331 293
333 270
335 214
338 218
339 301
340 220
341 223
342 222
344 155
345 224
347 179
349 155
381 343
382 344
385 288
387 294
391 297
394 305
428 349
430 351
431 352
432 353
433 303
434 356
435 357
436 354
437 355
468 350
469 386
470 387
472 360
482 409
484 411
495 422
504 433
506 435
510 440
513 444
514 443
515 445
