4.320805 430.106201 2.186060 -1.668481
9.194294 454.796600 1.685660 -1.853586
22.205101 438.716614 1.979689 1.550675
22.205101 438.716614 1.979689 -1.696424
27.263758 212.046188 2.143272 -3.141979
29.175995 303.765106 1.848931 -4.556685
33.381748 499.577545 1.895847 -3.991773
42.853867 436.509888 1.934387 -1.788016
43.401684 178.720612 1.942343 -3.961090
44.023563 467.346283 1.770294 -2.393353
44.539841 376.722321 2.229539 -0.325300
62.449558 259.366974 2.374222 1.429466
62.449558 259.366974 2.374222 0.266992
61.943123 400.444794 2.280100 -1.173083
66.706902 199.751801 2.192636 -1.347031
66.706902 199.751801 2.192636 -2.151643
66.706902 199.751801 2.192636 -3.804179
68.873116 493.548950 1.994381 -0.227520
73.648872 313.170319 1.932550 -1.545674
83.984375 504.269653 1.866934 -1.791377
86.071350 468.330719 1.880673 -3.332243
96.121597 210.030624 1.969858 0.605474
96.121597 210.030624 1.969858 -0.595019
102.114532 501.336212 2.062073 0.101910
102.114532 501.336212 2.062073 -3.207035
126.614571 264.336792 1.758899 -1.522104
128.318405 49.362709 1.835883 -4.027547
132.265350 414.967163 2.078803 -0.952758
136.077652 153.179596 2.146887 0.065704
136.077652 153.179596 2.146887 -3.100533
135.936478 458.067200 2.057563 -1.157318
137.218704 90.152092 1.812029 -0.049930
137.218704 90.152092 1.812029 -3.096612
137.994797 56.940197 2.002222 0.114727
137.994797 56.940197 2.002222 -3.218135
137.640579 61.981403 2.188796 0.152054
137.640579 61.981403 2.188796 -3.227128
150.107727 166.115555 1.855256 -1.790875
151.791626 394.414276 1.887645 1.540830
157.189728 492.772583 1.944458 -0.514206
157.634903 381.350983 1.976941 -0.178411
157.634903 381.350983 1.976941 -1.696108
174.557129 98.951363 2.089137 -0.055662
182.511169 395.225555 1.996711 -3.072168
184.666702 223.892731 1.948374 1.246153
184.134933 336.770660 1.876557 -0.069300
187.480240 185.264709 2.002915 -3.381834
192.595459 489.580902 1.622471 1.517736
192.595459 489.580902 1.622471 0.510366
196.154816 240.448639 1.838754 0.561721
204.748474 229.251129 1.888781 1.171456
206.081039 398.657440 1.997498 0.259093
206.681976 271.448212 2.152255 -1.235385
209.652069 497.719574 2.257866 -1.522353
212.994186 129.759323 2.085887 -0.010534
214.526672 31.862358 2.084718 -4.560984
216.179459 444.310303 2.056120 -0.312748
220.565552 243.475418 2.053168 0.665309
220.565552 243.475418 2.053168 -1.005176
220.565552 243.475418 2.053168 -2.739720
220.856247 359.312927 1.892606 -0.554886
221.575058 187.727783 1.881202 0.736711
223.910767 143.655136 1.902749 0.112891
225.747894 253.153732 1.928274 -0.644327
232.878906 339.743073 1.927488 -2.959605
233.633560 373.661316 2.390925 -3.176931
235.096298 313.974976 1.854752 -2.018266
239.067062 274.990204 2.111458 -2.186005
241.343903 136.126602 1.842212 -3.383371
243.281052 5.557986 1.947580 -4.499057
243.619675 210.628799 2.256118 -3.859897
245.540268 508.702606 1.990699 -4.476227
255.515396 130.168793 2.040340 1.543133
255.515396 130.168793 2.040340 0.831244
257.792877 42.677563 1.927776 -0.131706
258.732483 402.310089 2.012617 -0.243155
258.732483 402.310089 2.012617 -0.965982
262.543549 175.902390 2.164487 0.433825
264.645874 144.327362 2.065848 0.191925
265.370392 342.690857 2.019083 -0.200774
264.694092 404.277985 1.931073 -0.019440
272.232544 285.819366 2.113267 -2.025287
273.346954 253.448013 1.923119 -2.593895
276.249725 312.521606 1.716950 0.119845
276.247894 393.535156 2.288574 -1.179228
277.767517 161.823334 1.930500 -3.590544
283.829132 280.784821 2.068334 -1.033744
289.745087 314.373505 1.949590 -0.132276
290.654907 279.849060 2.271599 -0.178371
290.654907 279.849060 2.271599 -3.188070
293.070343 208.983658 1.870258 0.109723
292.565979 217.850967 2.101032 -0.174994
297.246918 163.726791 2.107045 0.215635
297.555420 197.139542 2.127389 -0.187503
306.505371 181.990997 2.094832 -3.137790
306.644470 176.112183 2.078753 -3.116789
306.632477 188.359863 2.076406 -3.215800
308.242218 272.043671 1.760077 -2.388807
309.587311 253.502365 2.492362 -4.660733
309.275635 291.016510 2.029045 -1.996205
310.420898 145.867401 1.868154 -1.510252
313.319092 132.684525 2.038100 1.508071
314.814453 397.359222 1.953809 -1.489579
314.814453 397.359222 1.953809 -2.216437
318.699615 199.168106 1.926906 0.073963
319.385101 207.444626 1.998841 0.102721
318.973083 462.389740 1.989462 -2.460905
320.870728 434.607849 2.162619 -0.575584
328.264648 351.513855 1.963492 -1.774684
336.322571 367.612732 1.974627 -3.086510
336.987427 322.290833 2.231858 -3.088200
337.314819 330.806458 1.843217 -3.122835
338.959351 198.414307 2.070413 -3.172931
339.941986 253.843613 2.206367 -2.994530
353.713745 113.114525 2.105356 -1.329275
377.899323 187.258942 2.047065 -4.332425
378.350677 471.542084 2.027097 -2.527212
5.664764 254.116745 2.457192 -1.416608
10.043714 133.685623 2.598477 1.298662
10.043714 133.685623 2.598477 0.068657
9.851274 422.033844 2.468174 -2.810961
12.047191 180.877213 2.683424 0.676505
13.507647 288.789734 2.645095 -0.926046
18.723921 180.107773 2.462486 0.741219
24.154762 302.844604 2.361588 1.568290
26.094172 501.698273 2.324690 -4.684649
30.310713 256.139282 2.295966 -1.401994
30.310713 256.139282 2.295966 -4.574736
34.900547 202.347122 2.393766 -3.103952
36.134903 411.072540 2.389342 -2.132610
58.863277 293.868774 2.335341 -0.121248
58.707111 306.647278 2.483157 -1.181451
62.984791 300.824768 2.264326 -1.403164
67.129356 226.166489 2.524647 -4.688538
71.529335 424.959503 2.785757 -0.700486
71.529335 424.959503 2.785757 -4.187980
76.359612 226.190628 2.206098 0.537537
84.587799 182.423065 2.881783 -3.470827
84.587799 182.423065 2.881783 -4.196293
84.860756 406.833008 2.486347 -2.987318
129.517181 402.531464 2.306319 -1.505468
132.456680 314.104431 2.604534 0.650718
132.456680 314.104431 2.604534 -0.406850
132.456680 314.104431 2.604534 -3.973419
134.078049 228.760925 2.658940 -0.352069
136.112595 120.090057 2.422597 0.129370
136.112595 120.090057 2.422597 -3.324611
137.639893 495.246338 2.382495 -0.959135
162.593384 97.842178 2.673793 -3.082191
187.790024 204.895523 2.375809 -4.282366
188.867065 360.406250 2.349834 -1.312031
200.335892 431.198334 2.386649 -0.194646
200.638962 275.832275 2.443761 -1.300862
201.600510 202.174667 2.392611 1.116790
205.831650 137.094055 2.357554 1.073498
209.483826 80.831619 2.361859 -4.600903
209.475769 231.065353 2.645324 1.272594
210.284744 474.181976 2.419450 -3.424012
211.448944 460.262543 2.761088 -0.395984
212.216980 487.078827 2.836138 -4.575869
212.519318 341.774658 2.214276 -0.245335
220.005768 200.393768 2.353565 0.958701
223.961960 469.967651 2.488060 -1.192987
224.961700 336.108337 2.279443 -1.803283
228.527084 482.024994 2.389376 -3.244935
232.151062 327.770721 2.432888 -2.688791
240.323303 348.727081 2.425963 -3.176339
240.130295 366.953583 2.738973 -3.194058
255.386902 302.635956 2.596402 -2.299885
256.801575 291.487854 2.779798 -2.175004
259.823334 492.882294 2.384334 -1.942740
259.823334 492.882294 2.384334 -3.192693
262.876953 88.242599 2.440958 1.327752
265.150513 362.272675 2.435627 -3.088637
266.758148 477.993591 2.618075 -1.162735
266.758148 477.993591 2.618075 -2.343480
267.814240 230.722382 2.574922 -3.947485
271.284058 238.576309 2.727797 -2.802876
272.350677 268.118805 2.563962 -2.191062
282.141693 356.219238 2.634793 -1.015177
291.618256 424.749176 2.636351 -2.973428
293.093964 414.954102 2.549037 -3.043469
295.126923 462.850830 2.275373 -2.121208
306.062866 226.345093 2.455032 -0.321743
305.799683 237.850006 2.537941 -0.077413
305.588074 323.258392 2.473109 -1.770739
311.911377 232.552490 2.416980 -0.034999
311.911377 232.552490 2.416980 -3.006669
319.651672 464.570221 2.452750 -2.253886
321.140137 405.890381 2.497181 -0.206699
321.140137 405.890381 2.497181 -2.133748
326.791840 127.061516 2.767288 1.550876
331.726837 268.638580 2.559380 -2.750184
332.311401 478.351349 2.261114 -3.055014
333.717499 238.948288 2.386986 0.296201
336.372314 360.495453 2.147541 -3.093301
353.501801 50.220337 2.715772 -3.962224
366.739319 57.401516 2.646752 -4.096951
13.566033 213.083847 3.144536 0.099800
13.651629 288.461761 2.789612 -0.908187
17.087517 198.715469 2.834126 0.942834
25.770124 190.859360 3.311403 -3.013570
45.352577 171.283890 3.339724 -2.510480
45.352577 171.283890 3.339724 -3.647558
77.096352 161.286133 3.410604 -0.891600
77.096352 161.286133 3.410604 -2.495468
83.894836 352.274261 3.214375 -3.268878
99.684883 172.863754 3.266237 -1.441425
102.404404 487.647675 3.385924 -0.092614
102.404404 487.647675 3.385924 -3.173729
102.528915 472.591339 3.619241 -0.016470
102.528915 472.591339 3.619241 -3.203671
110.494370 480.717285 3.473761 -3.108036
111.278664 96.572281 3.148193 0.066439
111.278664 96.572281 3.148193 -3.171149
112.088654 161.492706 3.347537 -0.760530
112.088654 161.492706 3.347537 -2.529762
113.301933 9.308151 3.253750 0.922019
113.301933 9.308151 3.253750 -3.996213
122.054672 397.191132 4.175921 0.020493
176.160049 507.933228 2.797477 -3.139436
182.741776 125.716476 2.855267 0.267109
184.434738 502.769958 3.291710 -3.076177
190.560242 495.921265 3.012672 -1.314292
194.339294 328.339905 3.226475 -1.506510
196.808304 381.875641 2.985660 -0.734968
212.853546 201.573059 3.023350 1.058152
215.595200 377.355774 3.186582 -0.575736
217.790222 213.151306 3.229872 1.191694
220.814133 402.029266 3.050678 -0.329756
223.092880 235.173096 3.596322 -4.166942
225.172211 460.934357 2.997316 -1.663870
230.709686 342.837891 3.555446 -2.939833
232.284012 386.170319 2.776575 -2.830743
237.470642 143.289551 3.470918 -3.295592
241.039047 384.844696 3.300431 -2.874723
245.237320 200.202438 3.481776 -4.024050
266.235779 380.039581 3.098113 -0.153171
266.402100 389.619965 3.011301 -0.550811
273.999298 402.669098 3.385934 -1.082219
277.633850 286.646484 3.298275 -1.320623
280.819519 272.821869 3.053690 -1.944932
283.356323 171.441986 2.945451 -3.196658
284.829132 364.376587 2.954722 -3.163902
285.977325 482.811646 3.433971 -2.352984
287.078339 376.788452 3.206425 -3.173821
290.876678 143.817749 3.417314 -1.959131
294.233398 363.865601 3.174678 -3.086793
294.735229 344.185974 3.127987 -2.892628
295.769684 480.187866 2.894184 -2.193178
304.320679 345.295715 2.835510 -2.591288
313.132507 141.948914 3.223236 1.207842
312.863159 246.423630 2.929352 1.533771
312.863159 246.423630 2.929352 0.025231
312.620758 328.912994 3.225080 -1.845371
315.848206 304.051575 3.547544 -2.621626
322.371033 170.355743 3.095593 0.205394
351.757233 504.755890 2.960377 -0.056859
351.757233 504.755890 2.960377 -2.860941
377.351837 328.593842 3.062726 0.658523
17.152950 39.073776 4.130869 0.966582
33.484764 201.514511 3.773109 -3.113396
32.230301 226.804169 4.136472 -1.701278
32.230301 226.804169 4.136472 -2.948322
60.576092 290.149323 3.857227 -0.084015
73.063629 459.719116 3.974320 -4.692956
76.277290 86.427376 4.388793 0.586013
80.795723 308.099548 4.157071 -3.003661
82.722466 352.660065 3.904645 -3.313007
83.367859 404.683044 3.556458 -2.928314
87.933113 32.631142 3.936781 1.098836
93.543640 209.642365 3.877578 0.072623
93.318047 479.193390 3.952522 -3.157999
100.730476 163.098328 4.047060 -1.359108
100.730476 163.098328 4.047060 -2.208654
101.987823 409.166595 4.037894 -0.171376
101.987823 409.166595 4.037894 -3.002088
102.513702 186.185608 4.190001 0.257752
102.587105 200.598358 4.108274 -0.085034
102.305832 218.483093 4.050873 0.221938
101.990509 426.798065 3.701972 -0.123469
101.990509 426.798065 3.701972 -3.025719
110.488625 480.343292 3.467150 -3.111300
112.144363 209.752914 4.054782 0.031814
120.620598 269.987335 3.421150 -0.108974
123.912361 162.965698 3.961006 -1.067650
127.936569 61.955746 4.533659 0.620176
127.936569 61.955746 4.533659 -3.736942
129.017395 279.795807 3.902000 -0.149152
128.867920 289.246979 3.782439 0.123279
139.187622 284.863678 3.853444 -0.027721
155.463654 172.432861 4.073287 -1.651303
155.463654 172.432861 4.073287 -4.552903
177.508438 380.310516 4.034831 1.463521
184.931427 502.963440 3.645484 -3.061350
191.890350 195.834885 3.319770 1.264901
203.185287 311.287445 3.909954 -1.559730
207.113388 394.972290 4.168841 -0.720063
207.587494 414.128235 3.672117 -0.180889
213.499084 364.578186 3.697671 -0.431054
213.499084 364.578186 3.697671 -2.860529
230.545349 342.952606 3.611493 -2.805180
252.016312 479.968048 4.186020 -2.516525
287.624908 458.637177 3.393444 -2.164551
288.584167 12.632394 3.976708 -4.602982
288.983704 273.259491 3.653388 -1.689863
290.619720 143.737717 3.450904 -2.121269
291.854614 157.779022 3.977662 0.545115
294.698761 364.920624 3.566945 -3.061935
296.506348 326.657898 3.730997 -2.812968
303.996674 474.112213 3.813670 -2.235808
311.413086 11.807952 3.856482 -4.495979
314.607880 349.871674 4.109834 -0.641664
318.814514 477.661835 3.775756 -2.462551
321.463623 238.842285 3.681471 0.000290
361.507660 500.939362 3.855921 -1.735432
12.592871 101.916359 4.276064 -1.416799
45.543179 411.455505 5.077919 -1.627837
54.979767 437.477295 5.841899 -0.092032
54.979767 437.477295 5.841899 -1.301641
93.850052 174.602219 5.077918 -1.080811
112.878082 497.354706 5.412772 -0.447748
157.073227 365.806549 5.313237 -3.130147
170.160217 368.122009 4.874472 -3.217348
272.929596 129.139587 5.017362 -4.672876
301.768036 168.610703 5.566334 0.217344
301.768036 168.610703 5.566334 -3.269990
301.896118 192.205017 5.182385 -0.229778
301.896118 192.205017 5.182385 -3.045266
302.928833 214.666641 4.759268 -0.279650
332.633118 343.819580 5.440272 -3.085885
334.756958 131.014862 5.118935 -3.468129
334.756958 131.014862 5.118935 -4.467397
49.434349 272.988281 6.584266 0.084242
53.826054 438.095184 6.498985 -0.173434
53.826054 438.095184 6.498985 -1.321496
60.450844 338.587738 6.307108 1.545309
87.881821 132.824097 6.805553 -0.278026
87.881821 132.824097 6.805553 -1.246267
113.801941 170.786667 6.834064 -1.219077
155.516647 187.368484 6.454515 -3.464785
155.516647 187.368484 6.454515 -4.386237
157.081390 157.364365 6.377149 -3.001594
175.016891 117.513680 7.006559 -2.953183
183.457840 100.034515 6.257232 -1.549941
222.029465 127.759758 5.855696 1.463658
228.051270 423.769104 6.540743 -2.967661
275.075226 154.942688 6.517088 0.528492
275.075226 154.942688 6.517088 -3.207061
294.589233 237.585098 6.765676 -3.254819
56.921539 133.287094 8.157941 -1.613459
75.309273 441.023193 7.711816 -3.080903
80.173676 169.587738 8.561789 -1.033475
152.821045 189.607864 7.735226 -3.592537
172.377502 404.823090 8.383332 -3.090623
205.525543 153.576477 7.289296 0.622644
206.629181 197.231400 7.774624 1.036079
224.298950 341.299225 7.555869 -1.541568
224.298950 341.299225 7.555869 -2.339187
253.046249 154.406036 8.096141 -3.977209
279.369812 421.886871 8.605808 -2.727074
300.957397 414.257385 7.941579 -2.723331
347.473145 121.459770 8.216939 -0.168399
347.473145 121.459770 8.216939 -1.355113
361.910370 483.726013 9.007099 -0.182813
361.910370 483.726013 9.007099 -1.532786
24.199913 262.391571 9.875498 -0.812147
69.172462 272.425171 9.760022 0.076782
69.172462 272.425171 9.760022 -2.968988
75.644646 481.753174 10.002056 -0.050838
169.377838 172.820618 9.674698 -3.136268
169.377838 172.820618 9.674698 -3.527788
249.838593 340.203796 11.044051 -2.173348
248.767151 414.387573 9.597060 -0.726036
248.767151 414.387573 9.597060 -2.533702
265.575104 39.398720 9.633662 -4.557480
277.073151 335.070923 9.725492 -1.016947
277.073151 335.070923 9.725492 -2.252442
30.957508 154.044189 12.177491 -2.826068
48.988518 239.905685 12.686685 -2.829535
141.367722 200.852081 13.632063 0.369037
93.266296 325.417755 17.755760 -0.061599
103.496750 434.019012 16.169973 -0.372053
140.605713 258.806671 15.662110 -0.031977
139.409546 350.402618 15.552781 -0.188844
139.409546 350.402618 15.552781 -3.024887
261.638214 292.378204 15.606687 -2.081914
293.951935 466.217377 16.742495 -2.195658
310.924377 172.115570 15.370869 -3.884037
53.776386 376.009399 22.031633 -1.724420
153.830765 423.805511 21.420876 -0.524630
221.682053 77.396309 21.196640 -1.582407
292.162903 386.482239 18.306334 -2.482010
80.002991 175.008881 23.291658 -1.171384
224.871719 247.835968 26.040852 -1.838255
