25 69
31 207
35 207
77 6
78 4
79 5
82 9
85 144
86 11
87 13
94 255
95 20
100 23
103 25
105 139
108 28
109 32
111 35
112 34
118 101
119 398
122 158
123 45
124 46
125 47
126 49
127 48
138 511
141 207
177 29
196 143
197 247
199 262
201 21
204 24
205 147
207 148
213 15
215 160
217 162
231 512
265 247
266 248
269 250
272 16
274 256
275 257
276 258
277 259
278 260
281 152
282 263
283 39
284 263
286 156
287 160
302 169
309 439
310 327
312 245
316 335
317 336
318 339
319 340
320 344
321 342
322 343
323 345
326 351
327 352
337 216
346 399
347 400
349 402
350 401
352 405
353 406
354 407
357 408
359 348
362 127
371 470
372 441
377 444
394 471
395 441
396 472
398 473
410 487
