12.252919 150.765137 2.308629 -2.962866
13.977679 250.586594 2.082565 -0.082713
16.897320 273.155426 1.967338 -0.002105
25.476837 484.899567 2.023977 -1.131325
25.476837 484.899567 2.023977 -4.411857
25.761213 508.842682 2.023342 -3.046547
32.899048 69.954048 2.022377 -4.672985
33.549740 191.585678 2.221288 -4.280864
36.721775 377.331848 2.062919 -1.763830
40.755573 268.079895 1.892049 1.551890
44.207706 292.678284 2.025028 -1.624221
46.852417 336.289459 1.907751 -1.358646
47.673840 383.110138 2.135600 -2.009884
49.662827 45.883522 1.915370 1.520888
53.267166 313.102631 2.335430 -0.159226
53.267166 313.102631 2.335430 -1.019567
53.267166 313.102631 2.335430 -1.647591
57.744244 153.430618 2.078889 -2.745849
66.308731 474.730042 1.896768 0.973664
67.161804 480.502502 1.762264 -0.952257
76.466911 482.567108 2.260829 -1.444358
82.154068 64.344025 2.145057 -4.309034
81.436699 498.926178 1.847696 1.486911
93.068634 485.029785 2.216353 -1.437969
95.708939 373.843750 1.832455 -0.433972
97.167351 149.107483 2.003553 -2.984233
104.109589 221.282684 2.060468 -0.011239
103.631767 335.053925 2.245919 1.318024
104.739090 118.982994 1.845704 -2.624255
110.193695 197.517807 1.904623 0.081299
111.212990 501.169189 2.173439 1.517413
111.212990 501.169189 2.173439 -2.827647
111.430763 155.803864 2.041203 -0.111494
113.602303 398.764893 1.988943 1.534116
113.602303 398.764893 1.988943 -2.039373
114.195030 222.367004 1.964041 0.175855
118.320511 205.246124 2.201768 0.777061
121.767258 321.117737 2.034004 -4.220351
125.070442 170.857376 1.942168 -2.871026
126.891609 40.319965 1.852446 -4.286011
127.753922 80.993950 1.840330 -3.538135
137.579834 367.406128 1.985360 -1.580184
141.867538 478.897156 2.000953 -2.407473
144.057037 336.141266 2.005072 1.492572
145.722198 330.960449 1.984124 1.334706
146.566391 292.133392 2.185985 -0.138067
146.566391 292.133392 2.185985 -1.488710
147.936981 257.144806 1.965129 -0.352320
148.753464 249.856796 1.885734 0.546607
149.549057 173.603592 1.904638 -2.965991
153.430573 252.035828 2.090967 -2.968595
159.566681 190.564590 2.336762 -1.636806
158.972183 445.888367 1.978949 0.027592
166.339325 461.722778 2.102142 1.478339
166.339325 461.722778 2.102142 -3.459127
167.079971 229.673004 2.059896 -1.888647
169.131516 200.040924 2.131335 -2.986413
175.803177 158.180237 1.794567 -1.490315
176.937134 208.777420 2.061399 -3.537900
179.339035 169.966873 1.945861 -1.745625
179.657959 215.938507 1.865620 -3.315070
186.003815 216.628967 2.147001 -3.279028
186.901978 168.957703 1.857555 -1.223121
187.438889 174.175491 1.917193 0.414657
187.438889 174.175491 1.917193 -1.346913
191.861557 260.141174 2.288191 0.439556
192.828751 205.122330 2.341533 0.042344
194.461197 460.699768 1.987430 1.278680
197.287552 376.248108 2.228996 -4.705236
198.137939 23.155724 2.136201 -1.421803
200.151703 228.056000 2.164644 0.204741
202.811905 52.379379 2.338187 -3.235864
202.649719 66.470581 2.382625 -3.176810
205.778717 312.737793 2.090699 0.065644
207.629486 105.715584 2.381444 -3.125811
209.895309 487.078064 1.938473 -1.699894
220.441422 454.351135 1.968932 -1.303794
221.526031 409.876282 2.197064 -1.772906
222.008163 28.824482 1.768338 -1.254737
225.113174 404.552582 2.092367 -1.701788
225.727112 113.980103 1.879284 -1.699104
231.618942 251.056198 2.189717 -3.104175
238.525574 196.676254 2.206737 -1.279972
237.994354 507.802490 2.071606 -4.103895
238.691299 144.881836 2.154295 -1.664440
238.691299 144.881836 2.154295 -2.482419
239.396790 167.641983 2.180583 -4.525158
240.476089 202.624847 2.538893 -0.060659
240.476089 202.624847 2.538893 -1.334197
241.046631 280.339722 1.897238 -4.550025
244.460510 34.627941 1.919791 -3.188633
244.919403 49.055988 1.944864 -3.002030
248.868073 267.457275 1.825115 -0.010833
249.809921 480.051758 2.125616 -2.396706
251.961044 507.458496 2.122162 -3.048103
255.915161 473.043274 2.249235 -3.169532
255.601135 501.901825 1.650558 -3.343894
257.324249 190.431961 2.096145 -3.155779
257.790314 394.739594 1.909363 -1.714213
259.426605 86.644264 2.289460 1.511985
259.426605 86.644264 2.289460 -3.177080
262.936340 30.892668 2.170287 0.007596
271.296875 385.540955 1.876886 -3.502255
273.091431 115.839134 2.159783 -4.675132
273.555481 148.769638 2.403535 0.143621
278.044434 10.304690 1.947093 -1.963565
281.256348 209.432297 2.274975 -0.069343
284.261932 288.019531 1.949318 -4.688247
285.338135 242.125443 1.970726 -3.145104
285.682007 469.861115 1.796276 -0.375683
289.651459 410.880005 2.077704 -0.613082
293.290771 157.900391 2.038247 -1.755004
296.839600 241.566895 1.900048 0.028489
296.578369 247.977264 2.155094 0.121698
302.070770 174.447403 2.548658 -4.194980
305.916382 182.552078 2.285747 -4.113090
316.508484 260.962402 2.142918 -3.118152
316.519226 280.986053 2.022885 -3.133901
322.115356 40.746922 1.936626 -1.637858
329.356018 474.253021 2.029576 -3.368393
330.208069 301.519653 2.008863 0.107495
330.594696 153.001068 1.960218 -1.751407
331.718719 127.285141 2.302519 1.328944
331.718719 127.285141 2.302519 -1.680751
332.985748 492.116425 2.083152 -3.236077
339.705933 108.093285 1.875456 0.814859
350.031158 49.322060 2.177465 0.240691
350.305664 64.711975 2.058298 0.189035
357.718506 484.105255 1.982801 -1.297103
362.765015 6.386486 2.124142 -0.553384
365.549194 281.423462 2.291739 -0.101738
369.297028 125.492752 2.072791 -3.239072
369.212067 132.505249 1.902968 -3.177430
374.608978 169.493210 1.980226 -1.630663
376.166351 100.452606 1.809194 -1.847260
378.435455 146.551086 1.978518 -2.269744
379.415527 218.786179 2.132649 -1.460392
379.930054 175.061951 1.991454 -0.096485
379.931732 188.214432 1.930610 0.013672
1.231365 299.481964 2.721503 -3.955578
9.281457 305.158875 2.361021 -4.128547
13.817608 439.767670 2.475124 -3.129722
32.651871 343.760651 2.827372 1.488182
44.460754 176.238129 2.732111 -1.470328
63.997803 55.808430 2.704312 -4.553905
77.572098 257.816254 2.470750 1.444441
92.429222 382.997314 2.493320 -1.377601
103.874214 403.805420 2.774669 -1.319140
110.491608 207.381653 2.747642 0.052021
113.946091 259.196930 2.434044 -4.542460
117.425949 344.253021 2.704586 -1.588911
117.425949 344.253021 2.704586 -2.755215
119.286469 394.409302 2.373167 1.437657
120.468468 190.266678 2.542903 -0.042063
128.122375 479.210632 2.512558 0.306565
135.882950 498.131744 2.680984 -2.428405
141.062958 31.529200 2.526346 -4.391454
143.476669 375.180664 2.545185 -2.730400
144.177429 51.225719 2.584903 -3.984286
152.153534 468.115845 2.719635 -4.436531
154.052017 7.448717 2.685510 -4.267705
156.399643 473.841766 2.639270 -2.334454
156.879868 196.987701 2.694370 -1.651616
158.917786 156.850235 2.653663 -1.642886
164.149658 236.569122 2.649565 -3.427058
168.040009 488.001831 2.580292 -1.541292
168.040009 488.001831 2.580292 -4.482736
169.284729 384.758331 2.699102 -0.070047
174.321823 11.517088 2.282076 -4.411939
174.843689 182.449570 2.594787 -3.010805
191.544418 107.617050 2.611561 -2.982970
192.786560 205.537247 2.478804 0.084538
192.416718 476.483582 2.455352 -1.649278
200.051620 239.387650 2.533756 0.156530
201.187180 17.213226 2.410926 -1.725816
205.621811 426.164886 2.473017 -2.961680
219.279739 125.489876 2.365837 -3.780501
226.771027 230.873459 2.311819 0.088775
226.771027 230.873459 2.311819 -3.128416
227.654465 419.547882 2.518052 -3.159013
230.906464 183.570145 2.659989 -0.045523
235.889893 49.241249 2.456822 0.275547
235.889893 49.241249 2.456822 -1.699151
237.907730 231.572571 2.758649 -1.518068
240.560211 25.614101 2.505443 -2.034378
245.438217 326.887634 2.386440 -3.079969
247.835907 113.510017 2.542248 -1.810317
248.369797 191.567413 2.657163 -1.730106
251.461777 148.730209 2.566998 1.470721
253.442902 175.316162 2.645616 -4.314988
254.564575 374.118835 2.513622 0.217554
256.717224 227.801071 2.605152 -1.721008
256.717224 227.801071 2.605152 -4.470367
258.574646 112.284927 2.690262 -1.822627
260.818695 467.234314 2.812488 -2.864691
262.822510 46.211761 2.416640 -0.083413
263.662506 268.831207 2.485372 -2.950310
269.247070 14.349541 2.509187 -1.977264
281.605957 408.799377 2.600880 -0.760852
282.573486 40.185173 2.466634 -3.066641
283.488220 400.193298 2.747846 -0.962333
286.280182 64.354446 2.309154 -2.908529
293.504425 497.605713 2.281871 -0.291866
297.069153 35.333538 2.481619 -0.123243
298.760437 116.094543 2.479415 0.069479
300.808014 368.568115 2.107359 -1.464768
302.074371 149.128326 2.408977 -2.013381
304.612457 33.406216 2.660917 -3.205537
313.663116 425.375092 2.404168 -1.147909
313.663116 425.375092 2.404168 -3.094968
316.009064 130.208527 2.419003 1.205642
316.009064 130.208527 2.419003 -1.506084
316.121277 268.991852 2.398595 -3.007447
318.098785 229.133713 2.625338 1.505221
326.105286 110.481659 2.713775 -4.473045
328.136139 47.133320 2.518582 0.177980
330.322723 226.557037 2.842337 -1.315433
339.457245 126.143227 2.682455 1.449470
339.457245 126.143227 2.682455 -1.721504
339.705811 190.818405 2.596578 0.050088
341.087585 27.421347 2.516146 1.038543
342.964050 450.501190 2.710891 0.839426
342.964050 450.501190 2.710891 -4.391182
346.078003 429.749939 2.633550 -4.468327
347.022308 125.106476 2.612421 1.476180
347.022308 125.106476 2.612421 -1.713562
346.600372 304.519623 2.392364 -0.970628
347.764587 218.375641 2.465966 -0.251057
353.254425 17.555996 2.398943 -3.824626
353.254425 17.555996 2.398943 -4.576327
354.569427 206.134430 2.775554 -3.100355
354.980927 169.447952 2.881378 -1.142472
355.680389 233.482864 2.361201 -4.596376
361.783264 238.156967 2.561671 -0.097512
361.783264 238.156967 2.561671 -3.165952
363.141541 255.289429 2.571052 -0.096389
363.141541 255.289429 2.571052 -3.177569
367.824280 234.850174 2.424034 -4.422058
373.311340 425.060333 2.368200 -4.576321
377.770081 390.402924 2.656169 0.089219
379.391327 113.981003 2.423804 -3.004359
379.440063 126.416145 2.439269 -3.206859
383.959106 415.146515 2.726298 -1.231214
11.350243 224.400879 2.802557 -3.048647
39.680759 323.606445 3.256599 -4.639895
46.432949 37.888515 4.151263 1.547924
45.222832 483.743439 3.331788 -4.156479
45.984737 342.322815 3.288000 1.522340
49.529148 90.388176 3.530103 1.538941
60.259354 255.625534 3.174394 -4.621343
62.813244 486.272003 3.284279 -0.784455
63.763309 177.076675 3.255320 -2.061039
68.912659 322.154846 3.056994 1.015751
70.471466 488.655487 3.112961 -1.055395
87.537468 111.807762 3.074437 -3.067462
88.630424 375.346008 3.180783 -1.429278
103.993561 362.705841 3.096869 -1.446963
103.885330 372.621460 3.366030 -0.060044
103.885330 372.621460 3.366030 -1.413735
113.810432 492.767883 3.020565 -1.320672
117.087318 281.857147 3.059646 -2.004999
120.596672 218.350235 3.448979 0.178669
120.456436 232.280304 2.957253 0.083510
152.758011 166.528534 3.214824 -2.961715
164.883575 215.494263 3.589906 -0.427890
186.433884 226.306076 3.290052 0.935713
186.433884 226.306076 3.290052 -2.908381
188.969803 78.488380 3.318613 -3.634354
189.744598 493.311676 3.452437 -1.811208
193.358307 232.079102 3.020263 0.890662
201.894913 164.211441 3.153807 -1.422633
207.527695 415.740387 2.887899 -0.254472
207.527695 415.740387 2.887899 -2.906082
217.607819 367.470825 3.267351 -1.790235
218.379272 419.103943 3.427707 -0.807263
218.379272 419.103943 3.427707 -3.552979
225.492462 395.973419 3.744410 -2.088696
225.060593 135.872147 3.069497 -3.189340
227.802032 23.475586 2.927008 -1.750923
230.915070 292.884918 3.246658 -1.252907
238.376892 174.794830 3.214245 -4.537326
239.654068 204.440598 3.517300 -0.003917
239.654068 204.440598 3.517300 -1.079050
246.965027 168.143921 3.211653 -4.492404
252.481415 138.207489 3.117037 -3.027096
256.884155 20.523386 3.088365 -1.967171
257.686798 481.681946 3.066800 -2.494115
260.622589 55.070766 3.186427 -3.361958
268.307526 63.665138 2.952117 -3.006540
273.081360 50.801624 3.112219 -1.873103
278.668243 276.461700 3.348776 -3.118416
288.630096 8.655737 3.205261 -2.075726
290.360992 119.682861 3.483913 1.269809
296.369171 75.454369 3.897903 1.178278
296.369171 75.454369 3.897903 0.140667
301.929504 268.866608 3.467126 -0.065581
308.182343 154.899933 2.888873 -1.652196
319.094147 85.926262 3.132650 -3.269995
320.988647 423.127716 3.051312 0.056700
320.988647 423.127716 3.051312 -3.154677
323.289398 252.637177 3.223049 -0.077646
323.289398 252.637177 3.223049 -3.269872
323.429810 302.360565 3.530334 0.110298
323.429810 302.360565 3.530334 -3.183520
324.772705 32.344666 3.106368 -1.609231
328.436890 56.862797 3.366882 0.066877
332.200378 187.210449 3.354588 -0.159002
332.200378 187.210449 3.354588 -4.591620
332.603699 217.558014 3.410494 -0.167705
339.587830 253.396103 3.551723 -0.173318
344.168640 462.302399 2.853816 -0.064015
345.226227 133.947739 3.010951 -1.767910
348.140472 181.604111 3.214069 0.976568
351.555420 2.020102 3.037132 -3.406982
353.739502 169.831207 3.264774 0.939605
353.739502 169.831207 3.264774 -1.092192
354.438446 225.391510 3.120090 -1.662751
353.619537 286.641144 3.156949 -4.640866
360.114990 81.352753 3.487980 -1.809738
362.464905 217.708801 2.968407 -1.631569
364.983643 13.182662 3.112838 1.226719
364.449738 433.481140 3.443218 -4.487870
374.033905 17.438122 3.095702 1.130357
374.251770 58.072067 3.539423 0.539929
374.251770 58.072067 3.539423 -3.585284
13.305117 484.338501 3.865286 -4.022687
27.830790 227.766663 4.126468 -3.164642
28.167351 395.408783 4.321458 -1.412872
39.204945 398.235870 3.595458 -1.373450
39.204945 398.235870 3.595458 -4.265167
45.141846 37.868706 3.548674 1.530694
60.568104 159.522858 3.598508 -2.846196
82.050735 228.756958 3.627715 -1.709141
82.889626 490.523926 4.018112 -1.122888
94.389267 356.126831 4.009433 0.009772
94.389267 356.126831 4.009433 -3.569361
99.437859 50.083973 3.986482 -4.245543
102.977989 493.457397 3.943627 -1.282400
106.248398 343.246429 4.082069 1.302495
108.288933 416.717834 4.254506 -0.532337
118.126854 452.721405 4.411130 -0.102832
131.092499 371.056915 4.324649 -1.711087
131.092499 371.056915 4.324649 -3.021581
131.197052 450.537964 4.061535 -2.236188
133.397461 139.181122 4.116757 -1.426316
139.182861 261.217529 4.078184 0.069529
142.505249 41.577724 4.072336 -4.222113
142.492859 489.095428 4.350907 -2.497252
143.089249 507.067535 3.960270 0.069050
151.328201 458.640350 4.044787 -1.796337
151.328201 458.640350 4.044787 -2.198212
151.328201 458.640350 4.044787 -4.234680
156.200012 225.684784 4.116887 -0.556843
156.200012 225.684784 4.116887 -3.032721
172.536682 268.917236 4.451178 1.481854
172.536682 268.917236 4.451178 0.464624
172.536682 268.917236 4.451178 -3.443875
179.087479 365.245483 4.048847 1.460401
179.087479 365.245483 4.048847 -1.452679
178.710983 171.443741 3.445854 -1.526851
178.710983 171.443741 3.445854 -3.122677
198.783920 221.861160 3.871487 0.024845
207.084564 316.009033 4.325186 -0.333901
207.689789 423.865662 3.892118 -3.024269
209.914993 100.946709 3.972220 -2.996662
225.260925 395.335480 3.589751 -2.406953
227.854462 121.045853 3.974725 -1.769007
236.199142 283.792297 4.661391 -4.544417
239.124710 205.027008 3.878920 -0.102394
239.124710 205.027008 3.878920 -0.801631
244.724701 158.565155 3.823081 1.381190
252.107315 61.747536 3.861935 -3.269718
254.521027 440.591400 3.888304 -3.300459
274.021606 226.728531 4.392460 -4.549959
274.796814 377.915558 4.356265 -3.530879
285.716614 291.340118 4.308493 -4.629369
286.880920 372.280060 3.969665 -2.076852
296.389008 75.214470 3.872663 1.081611
296.389008 75.214470 3.872663 0.317066
305.535889 430.575104 3.655497 -1.460850
312.827942 293.637695 4.318967 -3.560381
312.324188 377.961060 3.841658 -3.043558
313.621765 479.581726 3.913344 -0.501937
335.317139 443.808289 4.409247 -1.102652
337.528046 282.826508 3.844989 1.268777
337.528046 282.826508 3.844989 -0.047389
339.588348 253.725510 3.577821 -0.184899
347.912964 276.179474 4.532788 0.064825
349.893890 24.105873 3.925191 -4.564037
349.303070 295.727448 4.238086 1.529291
352.344482 170.170258 3.577567 0.903626
352.344482 170.170258 3.577567 -0.940446
362.659637 163.634445 3.423775 1.430135
364.179810 433.161499 3.557493 -4.526362
375.385620 227.045868 4.314077 1.371177
375.385620 227.045868 4.314077 -1.451619
375.973663 322.020508 4.608354 0.027490
374.801300 486.690094 4.172704 -1.387738
61.942234 325.374695 4.908613 1.233102
85.883514 267.791473 4.791832 -4.523346
103.356796 293.002625 5.173222 -2.800390
103.782692 388.183746 5.494040 -0.933280
114.167244 207.443710 5.007631 0.121902
119.432632 232.784760 4.055516 0.086132
119.180847 173.157059 4.481044 -0.166928
117.799828 377.680298 4.651263 -1.176577
117.799828 377.680298 4.651263 -2.838357
134.160004 434.331726 5.120717 -1.453330
163.574371 338.379486 5.765492 -3.421866
163.574371 338.379486 5.765492 -4.558556
164.612640 47.035168 5.546266 -4.097097
173.418869 456.091858 5.152003 -1.571133
177.863007 352.644104 4.724651 1.564040
200.528778 61.746647 5.613310 -3.287796
207.682861 354.843231 5.241305 -4.617961
232.093918 107.178764 5.362420 -1.719951
236.589890 136.807495 5.057629 -4.326110
239.013824 269.809723 5.499881 -4.515247
240.934723 45.625160 4.631357 -3.206921
251.192245 214.820343 5.462069 -0.088808
261.021118 157.307587 4.578344 1.522156
261.021118 157.307587 4.578344 -1.668588
265.104889 170.375397 5.039965 -1.636604
265.104889 170.375397 5.039965 -4.108495
267.887085 113.532997 4.794142 -1.747511
270.821594 145.056824 4.585747 0.007290
273.719116 126.441689 4.781527 1.432962
281.120270 155.397812 4.782796 -1.606145
289.814941 244.064392 5.052730 -3.264130
290.515961 277.145294 5.412522 -3.200726
290.515961 277.145294 5.412522 -4.602752
298.845032 380.165771 5.555317 1.404146
298.845032 380.165771 5.555317 -1.868869
327.842407 101.383690 4.851212 -4.559373
336.438599 231.449142 5.415914 0.369043
351.413574 256.229706 5.241982 -0.124465
353.779602 107.200951 4.720283 0.768369
353.779602 107.200951 4.720283 -3.012604
358.859772 493.505035 5.424457 -1.272820
15.215309 408.722595 6.668776 -3.489412
68.632317 375.659088 6.703316 -1.623021
108.138138 270.414398 5.782094 1.362474
108.138138 270.414398 5.782094 -0.012524
113.403793 479.971252 6.373235 -1.353251
153.250214 437.728394 6.414351 -1.518992
167.161530 181.238510 6.074975 -2.669901
170.136124 221.639023 6.458752 -3.404879
174.204346 381.053314 5.973697 0.017966
191.453369 421.586517 5.881843 -1.647965
192.736526 219.974808 6.891617 0.118862
212.776764 133.764862 7.092369 -1.882532
212.776764 133.764862 7.092369 -3.458267
212.964539 383.740936 6.624756 -3.414874
222.158203 470.336517 6.321805 -1.275169
238.118210 374.751129 7.003944 -1.625998
259.037201 386.167084 6.667861 -1.543333
263.774628 336.677979 6.116662 -1.188513
265.965668 79.731476 6.861764 1.394446
265.965668 79.731476 6.861764 -3.284049
290.968018 232.486496 6.484507 -1.786337
290.968018 232.486496 6.484507 -3.388641
304.453186 167.925537 7.486777 -1.638625
340.578674 172.367767 6.797569 0.959217
340.578674 172.367767 6.797569 -1.408710
349.604797 245.944397 6.210497 0.012193
354.349487 360.125031 7.118217 0.058902
357.180481 317.701019 6.074027 -1.438340
373.732758 73.342850 6.087358 -1.762394
16.936501 410.174591 6.936318 -3.336828
34.162037 161.726151 7.842081 -1.770487
44.225811 306.071259 7.584746 -1.627273
70.556541 401.292603 8.077072 -1.231053
129.391937 416.219025 8.960026 -1.075057
174.607727 246.731735 8.559263 0.438851
174.607727 246.731735 8.559263 -3.370661
226.409637 159.372208 8.602460 -3.106893
230.977585 209.875748 8.919100 -0.376737
230.977585 209.875748 8.919100 -3.026545
248.564529 186.102783 9.339003 -0.505890
248.564529 186.102783 9.339003 -4.018771
290.472046 186.436691 8.152605 -3.408632
300.012115 88.847099 7.784329 1.066707
307.863464 168.684296 8.560975 -1.599896
315.386749 199.379105 8.178762 -3.182673
325.825958 445.630768 7.482466 -0.698878
30.804232 185.384583 10.206659 -1.882902
43.283970 247.888687 9.794273 1.561353
141.232422 347.316040 10.665635 -3.949440
148.343964 252.922668 9.885064 -3.437835
151.577164 379.906921 10.817242 -0.076206
151.577164 379.906921 10.817242 -1.785980
184.727951 195.910400 10.192260 -2.756581
203.497803 243.961258 10.238748 0.526562
203.497803 243.961258 10.238748 -3.211573
245.245529 95.398026 11.776403 -1.911325
245.245529 95.398026 11.776403 -3.632549
292.140137 142.617203 11.290111 -1.550183
290.813721 191.500580 9.636875 -3.340173
291.353363 205.671448 9.715522 -3.072050
300.944977 406.160156 9.400943 -0.802693
327.965057 277.020691 11.340081 0.284294
364.063354 473.731445 10.325275 -1.387526
43.567036 280.058167 13.355355 1.567344
102.911713 431.263763 12.529383 -0.885010
151.799118 176.097656 12.733703 -2.461127
277.331329 66.949745 13.241396 0.986832
277.331329 66.949745 13.241396 -2.155947
277.331329 66.949745 13.241396 -3.591767
318.535889 173.475937 13.442154 -1.522345
349.176727 200.179214 12.297867 0.152400
167.395798 457.126160 15.286530 -1.598956
263.908997 425.645447 15.204063 -1.172639
320.104584 173.822037 14.099319 -1.483918
102.330627 155.230240 19.786476 -1.418993
193.504944 319.020569 20.785004 -4.654745
196.920105 376.275299 17.977621 -2.049329
196.920105 376.275299 17.977621 -4.696855
277.477325 318.978760 25.414474 0.318880
277.477325 318.978760 25.414474 -4.569521
316.540070 250.452301 23.865726 0.174293
316.540070 250.452301 23.865726 -4.507649
53.680042 434.776489 31.617634 -1.391608
55.089554 186.305527 44.022385 -1.519531
140.790192 95.398972 44.766048 -1.681625
43.459396 188.425461 46.256580 -1.552174
