6 151
7 111
15 256
29 43
33 176
41 111
51 439
65 556
82 149
83 155
85 5
86 6
94 13
98 16
99 17
103 21
104 22
108 408
116 28
118 30
119 34
120 38
121 31
122 37
123 192
124 193
126 39
127 43
131 214
134 50
136 414
165 301
182 156
183 157
184 154
185 158
187 295
188 160
189 161
190 162
192 163
193 164
194 166
195 303
196 168
199 173
200 175
201 174
203 176
204 179
205 178
207 180
208 181
209 183
210 184
211 32
213 224
214 185
215 188
216 190
217 189
222 196
224 198
228 41
229 44
230 45
231 200
232 201
233 202
234 206
235 207
236 212
237 213
238 49
239 215
246 76
255 232
259 621
281 293
282 308
284 294
285 296
287 167
288 301
289 305
291 306
293 308
294 410
295 411
296 309
297 182
298 187
299 312
300 313
303 310
304 311
305 314
306 315
307 316
308 317
309 318
310 320
311 197
312 321
313 323
315 324
316 325
317 326
319 328
320 327
321 330
322 329
323 331
331 76
335 519
337 76
347 76
368 466
369 308
371 396
372 399
373 400
374 404
375 405
376 408
377 409
378 410
379 411
380 413
381 414
382 415
383 416
384 419
385 417
387 418
388 420
389 421
390 487
391 324
392 325
393 422
394 329
395 423
400 123
404 342
405 342
417 467
419 470
420 471
422 402
423 472
424 473
425 474
426 403
428 475
429 478
430 479
431 480
432 481
433 482
434 485
435 486
436 488
437 489
438 490
439 491
456 548
457 549
458 550
459 551
460 553
461 554
463 555
464 556
465 557
466 558
467 559
479 609
481 579
482 580
483 581
484 582
485 583
497 639
498 611
499 612
500 613
501 641
506 638
509 640
510 642
513 640
