23 20
28 548
43 24
53 86
83 2
85 506
86 3
87 6
88 181
90 5
91 182
92 7
93 13
94 14
95 16
98 18
100 21
101 22
102 19
103 188
104 189
107 187
109 29
110 30
111 38
112 34
115 44
116 47
117 45
118 46
119 48
120 52
121 55
122 54
124 210
126 64
127 65
129 66
130 67
131 221
132 69
133 74
134 88
136 226
137 227
140 231
142 81
145 82
155 456
175 144
226 27
235 178
236 177
237 179
238 180
239 183
240 184
241 186
242 192
243 191
244 193
245 194
246 195
247 296
248 196
250 199
251 200
252 300
254 201
255 203
256 301
257 204
258 205
259 206
260 207
261 208
262 209
263 211
264 212
265 306
266 63
267 213
268 215
269 216
270 219
272 218
273 220
278 224
279 226
280 227
281 229
282 230
284 78
285 234
288 233
311 19
327 332
330 253
341 221
353 285
354 286
355 179
357 287
358 290
359 288
360 289
361 291
362 293
363 294
364 295
366 298
367 299
370 303
371 305
372 306
373 304
374 307
375 308
376 310
377 311
378 217
380 312
381 317
382 313
383 314
385 318
388 222
389 223
390 320
392 325
393 326
395 327
414 384
436 332
440 366
442 367
443 368
444 369
445 370
446 371
447 372
448 431
449 432
450 311
451 373
452 374
453 375
454 376
455 377
456 378
457 318
458 382
459 321
462 325
463 326
487 136
508 428
510 421
512 422
513 423
514 427
515 428
516 491
517 429
518 430
519 433
521 437
522 434
523 436
524 435
526 438
527 439
528 440
529 441
530 442
531 443
532 444
533 445
534 446
535 447
536 448
537 449
538 450
539 379
542 452
543 453
544 454
545 384
563 506
568 490
569 489
570 493
572 494
574 495
590 518
598 520
600 523
602 524
603 525
604 526
605 527
606 528
607 529
608 530
615 579
618 552
619 555
620 556
622 557
624 560
625 558
626 559
629 564
632 562
645 579
647 580
648 581
649 583
