9.959889 264.046234 1.924664 0.453078
9.611917 354.862427 2.198793 -0.116743
15.612266 426.339813 1.872502 -4.674783
18.785271 7.822749 1.915648 -3.309945
19.739653 21.909281 1.979983 -3.203370
29.085615 286.629822 2.085227 -2.893272
29.782143 55.988014 2.077723 -0.520688
30.246748 466.100494 1.862745 1.183428
31.164274 64.797371 2.215771 0.133552
31.164274 64.797371 2.215771 -3.293088
32.182861 441.715118 1.945832 -3.206592
33.414486 266.614899 2.149251 -2.645486
34.651840 222.877274 2.182118 -4.639502
36.850143 271.178650 1.928567 -2.561735
41.604580 242.382477 2.150671 -1.245639
41.604580 242.382477 2.150671 -4.612763
42.873421 99.419312 1.802984 0.043648
43.216801 110.379303 1.887615 0.038388
41.954109 242.506393 2.037872 -1.238750
41.954109 242.506393 2.037872 -4.619133
43.253151 113.147926 2.236517 0.035702
43.611443 140.218521 2.012805 0.198190
49.220432 243.800369 2.098275 -1.469110
49.220432 243.800369 2.098275 -4.433792
50.727119 233.890839 1.821791 -2.583324
55.040924 470.898193 2.087335 -1.821444
57.161671 154.266769 1.966123 -1.935453
57.805504 476.351013 1.953974 -4.590764
60.985996 401.328674 1.912644 -3.106277
75.413078 454.833923 1.842409 -2.349483
75.413078 454.833923 1.842409 -4.627870
77.932648 124.726784 2.148931 -0.242158
77.932648 124.726784 2.148931 -1.478378
84.768814 468.631042 1.942507 -0.575035
87.219070 373.393219 2.206532 0.130950
95.907372 18.445185 1.971079 -3.571568
99.083000 28.134562 1.843811 -3.677978
103.049561 125.213219 2.121744 -2.952602
102.933891 238.032898 1.952389 1.441435
105.456665 333.377625 2.143302 1.005000
113.074539 194.282257 2.283866 1.510665
116.274864 68.566673 2.236531 -2.892570
117.281250 200.216660 2.256794 1.559653
119.549629 497.773376 2.083718 -1.163942
121.006943 194.679413 2.213735 1.500177
121.915215 312.470062 1.767058 1.474327
122.965302 183.635269 2.161973 -1.887555
122.965302 183.635269 2.161973 -4.694843
122.552399 292.724518 2.000781 -4.628348
126.607277 98.229744 1.986597 -4.636374
127.058273 200.115601 2.228091 -1.365263
127.058273 200.115601 2.228091 -4.692574
128.907791 194.442734 2.018326 -4.654950
132.126511 226.101242 1.777143 -3.403002
132.470795 493.181641 2.099462 -1.717192
137.372772 228.775360 2.364181 -3.382310
142.058273 492.782074 1.803744 -1.486164
144.441055 442.250214 2.151529 -3.181055
147.008133 105.691360 1.950242 0.341392
147.008133 105.691360 1.950242 -2.912148
147.008133 105.691360 1.950242 -4.496538
147.825653 245.429855 1.980548 -4.598982
149.266617 13.809041 1.834893 -0.286552
151.559509 21.884539 1.858403 -0.299549
153.732895 210.486481 1.911934 -4.619361
154.608444 30.861124 2.017522 -0.252450
154.608444 30.861124 2.017522 -3.550474
156.749390 265.815765 1.848175 -1.904757
158.341309 43.049873 1.836258 -4.449163
158.801514 188.087921 2.160551 -3.106302
166.147018 233.885178 1.899559 -1.857776
169.692978 155.308762 1.983389 -1.668235
170.571869 42.162121 2.117321 0.885516
176.174622 34.587364 1.837810 0.633602
176.174622 34.587364 1.837810 -3.996020
178.304184 190.979416 2.082198 1.459210
178.137878 234.853729 2.142604 -2.273292
182.238922 215.851227 2.246796 0.018485
183.030365 71.351540 2.212672 -1.409369
184.404831 431.613922 1.934899 0.078525
186.445343 182.249466 1.861827 -0.208252
186.445343 182.249466 1.861827 -4.657913
190.349731 50.451321 1.787858 -1.508939
191.306335 282.358887 2.339585 -1.678870
192.963501 453.182556 1.876622 1.558965
194.259323 378.873657 1.935469 -0.193623
194.259323 378.873657 1.935469 -1.310811
195.918488 401.846527 1.999807 -1.491161
195.918488 401.846527 1.999807 -2.933302
198.047241 2.724857 2.028171 -2.822519
206.239639 82.179428 2.083278 -3.169957
206.175552 301.213654 1.959250 -1.869589
208.498947 3.854329 1.915750 -0.044909
208.968964 18.590494 1.898785 -0.001431
208.517349 336.505554 1.969244 -0.795585
215.113174 164.186310 2.045946 -0.608591
215.941132 82.017319 1.800296 -0.898478
216.532928 140.325729 2.355514 -0.026648
218.432816 93.353012 2.074955 0.009081
218.585480 51.585098 2.051102 -4.562369
221.509399 310.049805 1.914930 -2.531544
241.822571 327.216248 2.117586 -0.315132
244.200562 436.409851 2.013668 -1.478537
246.394409 380.114777 1.948864 -1.569728
248.196976 452.121460 2.194535 1.526736
249.395462 179.423096 2.138807 -4.639067
250.615005 269.576202 1.711708 -4.685376
252.812607 235.700394 1.979111 -1.524209
254.979111 451.951416 2.236079 -4.700644
259.682800 49.520531 2.150666 -3.523858
260.215576 468.337524 2.097490 -1.858262
260.215576 468.337524 2.097490 -2.878030
266.228790 445.885712 1.846347 0.591618
270.183624 144.186844 1.943070 -2.022070
270.992340 451.732758 2.320461 1.556832
273.862793 203.314499 2.215013 -4.239653
273.639069 430.092590 1.910258 1.538737
279.738892 265.298920 1.881616 -4.644235
286.798523 18.240789 1.905134 -3.181592
287.283264 266.066010 1.915102 -4.649917
288.751648 444.712341 1.994685 -3.113058
289.773071 294.658875 2.175422 -4.368474
290.257050 436.690979 1.887035 -2.731151
290.549591 397.451019 2.063434 -0.312106
290.549591 397.451019 2.063434 -2.827790
291.984528 8.549355 2.208833 -3.215643
291.468048 331.442566 1.741274 -3.046707
292.867737 15.389252 1.996066 -3.217083
294.977051 495.381317 1.992303 1.517703
298.027740 180.083435 1.976371 1.549452
303.808044 391.784119 2.083234 1.079458
307.520386 348.237854 2.253569 -3.170451
307.836914 411.894226 2.168760 -0.994947
307.836914 411.894226 2.168760 -3.542380
309.802032 480.587830 2.052823 -0.668400
311.449677 383.030212 2.247602 -4.100796
313.570251 449.378113 2.127577 -1.585725
315.626801 505.310669 1.992239 -3.831780
316.744324 4.112198 1.936743 -0.200313
318.304626 155.461487 2.370023 1.037871
318.304626 155.461487 2.370023 -3.292646
321.527740 6.910202 1.825134 -0.092125
321.184509 501.469574 1.825994 -3.552997
322.831177 193.151337 2.054916 -4.598860
323.792786 55.879612 1.994703 0.122878
323.841034 430.181366 1.920319 -1.015973
324.314636 456.478119 2.228734 -0.592619
324.314636 456.478119 2.228734 -3.085713
325.531525 487.530212 2.094167 -2.947665
326.939056 181.266968 2.022952 -4.528311
327.193359 393.479858 2.221392 -4.394635
327.684357 373.051819 2.068964 -2.012268
329.997284 421.549316 2.077603 -0.837335
329.997284 421.549316 2.077603 -3.988547
331.048096 380.795837 2.222506 -1.156317
331.048096 380.795837 2.222506 -4.149686
331.975525 438.599884 2.018313 -4.027624
337.415253 6.763890 2.146619 -3.936289
344.065918 429.525970 1.855774 -3.800797
345.387787 4.544962 1.964509 -0.944682
346.807190 130.043823 1.836510 -2.149170
346.791107 375.687775 2.053573 -1.417397
347.129211 422.255707 1.886491 -1.321640
347.583191 487.001221 1.897651 -0.036185
350.187622 109.020714 1.875970 -1.648889
351.100342 43.942188 1.871833 -3.311843
352.483887 163.642715 1.911690 -1.482206
354.761017 417.270813 1.881360 -1.451694
356.144196 500.294373 1.844141 -0.142816
357.834137 196.113770 1.912637 0.901760
357.973846 345.726410 1.984921 1.522177
359.408813 68.423241 2.085938 -1.670597
359.019379 423.061127 2.075047 -0.382002
359.598724 438.312012 2.095527 0.741603
363.292603 489.568146 1.901967 -1.043133
363.292603 489.568146 1.901967 -3.979957
369.377686 488.998779 2.042049 0.907933
370.304108 86.227386 2.058301 1.128969
371.475586 443.254883 2.055784 -0.062230
373.227203 417.975647 2.080441 0.038904
374.016907 353.232422 2.037058 -4.620088
374.235962 400.373932 2.267792 -0.011962
374.311493 402.988800 2.218670 0.068997
373.630310 414.870819 2.181648 -0.030502
374.386505 479.931976 2.196642 -0.006624
375.493042 378.550354 2.028705 -0.036502
374.731079 389.555145 2.175487 0.136550
375.435089 464.396057 1.976128 -0.005672
378.287323 100.195084 1.955994 -2.110412
379.988892 401.393799 2.038815 0.032632
2.395550 262.052063 2.340927 -1.712605
4.847808 248.281464 2.348242 -1.196603
6.181924 342.147919 2.411361 0.962705
10.092584 259.321930 2.824367 0.440956
19.721357 508.066620 2.443257 -1.271278
23.720467 121.475487 2.495480 0.064352
26.474716 35.544910 2.518087 -4.618476
30.062365 121.100433 2.516157 0.002474
30.062365 121.100433 2.516157 -3.079665
33.236195 166.764725 2.554866 -3.213364
32.526585 434.169739 2.681771 -3.005700
35.927845 469.589783 2.662713 -1.432728
41.445885 450.586548 2.730024 -4.661686
51.468925 30.199497 2.267558 -0.092223
51.468925 30.199497 2.267558 -3.774882
59.052071 121.013542 2.542629 -0.059760
59.052071 121.013542 2.542629 -1.268433
62.399185 41.944534 2.476760 -4.511560
67.497513 121.514320 2.556256 -1.511925
71.897705 68.230804 2.418076 -3.167501
75.973221 95.036270 2.272766 0.259075
75.973221 95.036270 2.272766 -3.152854
77.238594 82.910095 2.734999 0.168553
77.238594 82.910095 2.734999 -3.122305
85.313263 343.385345 2.549632 -0.085863
89.249817 199.867722 2.507414 -3.890303
95.358795 232.022980 2.294852 1.532264
96.798508 35.100056 2.361900 -0.178683
99.403008 195.702347 2.608566 -3.939341
109.240112 469.890411 2.555978 -2.095047
110.875809 232.128052 2.296540 1.560161
113.184875 354.145721 2.434374 -0.270153
115.146957 183.753433 2.500499 -1.610417
118.782600 45.357861 2.600508 -1.465486
130.943085 112.085472 2.456988 0.294923
132.289230 182.060013 2.800468 -4.621821
133.404602 467.810364 3.043372 -4.562627
135.242157 458.390015 2.554687 -1.765497
138.628540 200.986008 2.973473 -4.570716
146.521912 238.766983 2.336680 -4.643907
156.079941 443.845764 2.443047 -3.092185
166.069016 189.388809 2.968726 -0.015545
168.232071 202.355209 2.326434 -1.666820
176.750168 401.824768 2.339621 0.208080
181.241470 65.150894 2.436917 -1.326807
181.241470 65.150894 2.436917 -4.699647
180.534317 184.924622 2.666141 1.472255
182.094009 417.804565 2.617040 0.089869
182.094009 417.804565 2.617040 -1.584875
184.155075 157.671326 2.202386 -1.195329
185.795242 463.519257 2.568957 -0.112806
185.795242 463.519257 2.568957 -3.107763
186.850113 77.636429 2.430467 -3.042615
188.608810 66.406380 2.450796 -3.033832
190.130234 384.029877 2.808200 -4.597332
192.754959 82.313416 2.805772 0.330604
192.754959 82.313416 2.805772 -3.046415
194.600693 185.050049 2.773466 1.492222
202.250397 69.560143 2.707556 0.276724
207.120682 466.093567 2.545556 -3.951890
207.592667 156.265930 2.478330 -2.578231
212.310471 51.288643 2.551009 -4.447819
215.112808 424.642181 2.491040 -4.630718
219.028549 232.570633 2.806866 -1.605863
221.244537 465.437500 2.383321 0.857280
221.244537 465.437500 2.383321 -1.683063
221.633484 128.078033 2.194010 -0.024156
221.938797 136.045639 2.417037 -0.029518
221.938858 143.335007 2.312873 -0.016404
227.594940 424.631592 2.334139 1.482911
229.434128 369.169067 2.838944 -1.533521
233.092529 158.948975 2.565822 -1.604283
236.346085 165.057922 2.402590 -1.480701
239.803116 205.349640 2.737357 -4.256315
241.383499 158.980682 2.647850 -1.591346
248.231018 363.611511 2.026108 -2.693284
250.924957 202.050598 2.392237 -4.142435
257.347198 7.809358 2.483275 -3.247822
262.061127 451.610229 2.529453 1.542750
272.240143 158.771362 2.831902 -1.600959
276.812256 411.998840 2.556656 -1.755246
291.759583 166.033783 2.543655 -1.621539
293.984985 299.874908 2.457754 -4.186092
297.328888 264.784790 2.852464 -4.636153
299.732391 160.099121 2.382248 -1.703877
299.653442 383.896667 2.334310 -1.556412
300.923340 470.913940 2.482189 -0.713997
302.268280 107.462090 2.530994 -2.942097
306.730713 486.000458 2.668873 1.566845
306.730713 486.000458 2.668873 -0.518478
308.396027 111.387306 2.448724 -3.078816
308.319824 265.693451 2.563447 1.526991
310.921539 58.557156 2.792385 -4.299979
312.050171 439.896179 2.623876 -3.760128
316.498718 456.229431 2.543084 -3.145801
318.178864 155.613602 2.377694 1.092517
318.178864 155.613602 2.377694 -3.423177
321.626495 440.239288 2.453422 -3.678352
323.646667 357.535004 2.314636 -4.096751
324.783783 411.862091 2.802232 -3.530991
325.931061 418.873962 2.459754 -3.885009
325.981934 489.355865 2.495472 -3.034310
328.621826 434.493347 2.399774 -1.048630
328.621826 434.493347 2.399774 -4.230844
331.870911 194.640854 2.511719 -3.780128
336.629303 157.583298 2.776118 0.543350
336.629303 157.583298 2.776118 -2.050767
345.838654 159.483017 2.685541 -0.123073
345.745880 256.326599 2.758495 -0.114523
346.646454 433.804199 2.673159 -3.686307
347.666168 402.455414 2.589841 -0.092986
347.666168 402.455414 2.589841 -3.928991
349.794220 186.935272 2.470504 -2.065957
350.405304 369.919800 2.655040 -0.964739
363.465149 9.785279 2.896346 1.181089
374.709625 389.176270 2.250400 0.132866
376.822205 48.675442 2.360560 -3.475608
378.025452 437.645660 2.653714 0.003990
378.465027 191.833725 2.495065 1.507357
378.942230 419.135895 2.470686 -0.018804
381.866211 376.220734 2.676649 1.356532
381.866211 376.220734 2.676649 0.072342
11.462277 450.807770 3.074673 -4.663954
18.675049 263.315918 3.322899 0.509228
25.811913 253.699005 3.010281 -0.966725
33.139866 248.449753 3.396194 -1.005799
33.139866 248.449753 3.396194 -4.561073
37.145416 58.144318 3.194108 -3.444042
47.777584 223.883041 3.290537 -4.654915
60.720261 275.586639 3.206636 -4.518925
76.822746 422.480469 3.173211 -1.375969
82.922554 42.839981 3.488463 1.384294
82.922554 42.839981 3.488463 -1.450394
89.829727 36.848259 3.020655 -0.085131
89.829727 36.848259 3.020655 -4.047482
116.697830 451.908539 3.281740 -1.337213
130.844330 428.031830 3.148818 -2.061137
133.102844 436.871521 3.188708 -2.027744
134.582932 275.086548 3.132316 -1.417507
138.730759 416.029510 3.021717 -1.605495
138.730759 416.029510 3.021717 -3.058728
149.015381 207.807037 3.635191 1.348628
149.015381 207.807037 3.635191 -0.548301
154.527466 233.903976 3.586079 0.051279
166.603622 188.961105 2.885175 -0.071913
176.324493 451.395660 3.540452 0.134392
177.376404 509.576752 3.334629 0.052251
178.269073 461.497009 3.068511 0.142605
178.004929 476.468597 3.248611 0.035349
177.641098 494.637573 3.237035 -0.032921
185.678726 57.533611 3.398612 -1.543500
186.294922 263.421143 3.030170 1.505046
186.294922 263.421143 3.030170 -1.806257
186.794067 391.291229 3.197830 -4.641371
203.520737 493.516571 3.001527 -2.342602
213.935684 184.340881 3.199373 -4.461091
225.191223 202.532822 2.850885 -4.202281
230.898560 403.125397 3.535446 -1.469400
231.471848 494.486786 3.522182 1.138832
231.471848 494.486786 3.522182 0.140085
231.471848 494.486786 3.522182 -1.415728
240.252335 368.109985 2.855935 -1.553012
247.717239 408.682648 3.151677 -1.714649
254.063095 336.435394 2.969904 -3.636678
261.029694 273.928467 3.077885 -1.588333
261.029694 273.928467 3.077885 -4.672788
261.853455 204.474686 2.885711 -4.295689
264.919281 432.605255 3.471282 1.522377
278.793884 9.094011 3.471237 0.056820
280.255096 33.068085 3.442073 0.048972
290.012604 173.358688 3.476430 -1.602825
291.064758 404.568695 3.007848 -0.529359
294.709595 459.447968 3.213542 -1.380253
298.052246 495.838470 3.249371 1.559293
301.745911 29.576702 3.565330 -3.308331
308.332306 374.293365 3.189812 -1.598597
308.332306 374.293365 3.189812 -2.747381
308.577515 2.944547 3.400840 -0.105593
312.885742 501.045959 3.417602 -3.700256
324.456879 285.711731 3.647840 -1.576953
324.456879 285.711731 3.647840 -3.243519
327.121307 492.531006 3.316392 -3.251606
336.002350 473.713013 3.282961 -3.865827
340.378540 454.123779 3.265628 -3.213844
342.795929 202.133652 3.239694 -3.976898
342.795929 202.133652 3.239694 -4.558212
344.800903 18.444944 3.391193 -3.481993
344.765808 264.464478 3.448518 0.038692
350.711182 57.509193 3.002026 -3.195715
351.294434 332.804718 3.208720 -0.170385
353.668549 479.742279 3.387161 -4.319930
363.357086 62.051186 2.928113 -1.492249
376.478210 258.094269 3.410030 -1.888570
7.765876 24.968578 3.362215 -3.091936
14.224398 245.597366 3.819795 -1.574375
14.224398 245.597366 3.819795 -4.566296
18.185740 205.297318 4.004971 -1.286940
18.435604 285.785828 4.025384 -0.233774
22.882074 61.195122 3.913995 0.130148
37.137238 194.226364 4.581968 -2.021190
41.607853 438.270569 4.283074 -3.014414
41.607853 438.270569 4.283074 -4.502533
42.638382 267.469299 3.842818 -0.827366
42.638382 267.469299 3.842818 -2.953809
45.543575 41.029701 3.861251 -1.457924
52.987576 146.450409 4.408154 -4.501962
55.557030 450.558990 3.835400 -4.554187
73.474960 20.501415 4.306170 -3.586635
72.755104 34.109962 3.913746 -4.701998
76.039459 305.597015 4.394794 1.476943
102.708138 351.117798 4.605859 -0.240865
113.707413 209.421021 4.510509 -4.476719
122.603874 443.355743 3.750692 -1.691790
130.923584 74.186844 4.503205 0.097235
130.923584 74.186844 4.503205 -0.723336
132.983170 293.682312 4.183781 -4.664261
137.879181 124.325378 4.944748 -1.405905
158.250153 246.399963 4.406038 -0.018758
169.584152 180.967896 3.898458 0.155981
189.427841 128.838074 3.836013 -1.499820
191.565399 273.139679 3.930282 1.509925
199.172012 151.771957 3.651429 -4.583991
198.683456 203.159286 4.359680 -0.545062
207.519379 477.092529 3.846505 -1.999598
211.280273 506.946777 4.081223 -0.046479
218.369278 28.638332 3.652675 -0.008696
219.477478 494.977783 4.215569 1.560601
219.477478 494.977783 4.215569 -1.635630
229.806168 475.709229 4.268909 -1.475705
231.097290 494.503693 3.623809 0.984868
231.097290 494.503693 3.623809 -1.117429
266.648071 407.346069 4.121655 -1.764182
282.519257 432.194214 4.002718 -4.625897
290.923889 383.899689 3.827339 -1.799075
302.847565 50.524689 3.774612 -3.640836
320.380402 52.058933 4.183342 0.129020
324.463531 274.739014 4.293640 -4.677248
325.309937 408.642975 3.876788 -3.522013
328.828796 12.112700 3.965875 -0.056280
343.156311 180.291473 3.716339 -4.439039
343.210541 291.269257 4.414670 -0.039612
347.484558 212.122070 3.940315 -1.653146
347.484558 212.122070 3.940315 -4.623958
355.255310 27.476007 4.098284 0.337551
355.255310 27.476007 4.098284 -3.555055
364.344574 177.398621 4.227474 0.125841
365.701233 409.272400 4.262914 -0.005949
19.896006 344.082520 4.904849 0.339492
30.249176 289.020355 4.949728 -4.616231
35.468410 348.432495 5.039217 1.343325
35.468410 348.432495 5.039217 0.062871
35.468410 348.432495 5.039217 -1.284442
37.201378 13.505641 4.871324 -0.273867
37.201378 13.505641 4.871324 -3.513313
48.152210 337.101227 4.857152 0.209922
59.010883 256.738403 5.010319 -1.500208
70.845161 269.831024 5.604779 -1.564150
68.811378 293.680176 4.965116 -4.634724
93.126091 461.498383 5.280375 1.510207
104.373062 22.954582 5.326067 -0.095444
145.456009 57.952988 5.789406 -4.701193
143.762375 284.750061 4.957937 -0.066582
143.762375 284.750061 4.957937 -2.973792
155.924377 294.378204 4.806141 -3.225621
156.861679 277.562469 4.672879 -0.320294
156.861679 277.562469 4.672879 -2.815755
162.042313 151.809784 4.846486 -4.491672
171.972977 210.880951 4.816564 -0.186655
170.930771 253.189316 5.563776 -2.596058
174.142075 43.803478 5.629550 0.887381
182.742493 195.332245 4.791945 1.404384
182.742493 195.332245 4.791945 -0.268782
196.107498 61.278973 4.584936 -1.574963
212.858551 116.717247 5.082826 -0.042832
223.360947 79.397789 5.228378 1.401267
227.745728 102.419632 5.815868 0.163428
236.049316 331.587128 5.501175 -2.838857
258.139679 26.855274 4.742827 -3.347448
260.943420 331.149658 4.783421 -3.179035
260.701630 446.430450 5.065542 1.517831
262.914642 421.405457 5.391223 -4.572544
268.081451 13.330336 4.879807 0.134671
269.326080 39.592670 5.192677 0.241789
276.635040 460.108276 5.120269 -1.552679
310.091705 348.884460 4.719876 -2.993945
359.617279 469.710663 5.462304 -0.115851
368.350159 19.325947 4.813907 1.057806
372.899933 89.016151 4.533000 1.234291
16.862968 275.085480 6.585068 0.044851
46.056870 364.293976 6.148445 -0.160014
49.119827 228.779175 6.193537 1.564676
50.661629 211.556564 6.119607 -4.685406
63.955441 73.010155 6.947521 0.169525
68.646095 133.538834 6.545835 -4.651016
77.958221 196.095734 6.705716 -3.785793
121.759415 424.631866 7.297567 -0.400175
121.759415 424.631866 7.297567 -2.424195
136.402374 464.213104 5.918561 -2.278542
136.402374 464.213104 5.918561 -4.350391
146.013489 58.617058 5.804810 -4.711701
154.810776 35.577415 5.136983 -3.697216
159.075607 225.856934 6.269495 1.268692
172.664978 137.532242 6.618453 -1.554767
172.664978 137.532242 6.618453 -4.503062
193.901093 44.041500 6.400722 -3.985739
198.798004 428.569489 6.288892 0.380409
205.350937 192.017487 6.094861 1.414279
227.852280 104.272827 6.262793 0.144852
227.149368 461.557831 6.710652 1.480314
232.159073 25.883909 6.239906 0.108780
278.898163 499.541962 5.862422 -4.647841
291.974731 420.427795 6.324162 -4.657847
309.121643 405.971893 6.996171 -3.598009
335.803131 72.933968 6.087097 -4.633509
334.148102 128.882217 6.685148 -1.770747
369.936218 1.341418 6.582925 1.084070
373.412811 57.539021 6.245988 -1.429548
45.951267 61.586792 7.328101 0.158710
45.555557 116.141296 7.330689 0.002415
42.622753 323.720367 9.466101 0.158017
47.299252 405.394409 7.408645 -1.723132
57.181427 6.407221 7.222513 -3.674731
74.415894 470.469940 7.631119 -4.635052
92.040581 179.570892 10.165204 -1.842287
111.563049 131.528351 8.718615 -4.645743
149.210114 155.863144 7.773902 -1.172448
161.998993 496.761993 8.138747 -0.058981
221.303497 442.188507 8.341110 1.493217
269.747437 479.328430 9.114538 -1.724024
269.747437 479.328430 9.114538 -3.017090
269.747437 479.328430 9.114538 -4.516838
307.322693 301.979675 8.940477 -3.197316
308.616516 323.719147 7.847243 -3.038169
308.304718 404.255798 7.270884 -3.666391
335.717010 26.091064 8.706448 0.128664
366.175385 76.224190 7.413950 1.362386
39.260357 379.124603 10.833150 1.321547
39.260357 379.124603 10.833150 -0.068959
54.021744 432.099030 11.065853 -1.680349
91.597466 111.217300 10.077795 -3.040853
91.910545 436.795959 9.704390 -1.286861
98.496117 73.930527 9.187699 -3.140833
122.288437 90.724281 9.132852 0.088348
123.773239 282.777466 10.159517 -1.507945
123.773239 282.777466 10.159517 -4.618757
131.759567 33.224277 9.473416 -3.635119
145.376572 113.504333 11.040929 0.223027
192.242920 69.875801 10.051811 -3.977334
232.789658 143.854126 10.477463 -0.246626
243.192596 466.848785 10.601779 1.500900
243.192596 466.848785 10.601779 -2.990695
332.763031 149.116272 9.178113 -2.347554
333.923950 256.213379 9.955664 -0.173210
333.923950 256.213379 9.955664 -1.370427
355.484619 386.860504 8.947073 0.104413
209.750763 169.165680 12.258623 1.330838
299.347137 307.268677 13.727778 -3.178695
334.060059 306.396240 12.211262 -0.141056
41.431198 472.840485 14.996722 -1.339125
71.067596 434.724823 16.255995 -1.382266
77.589302 92.559410 17.873232 0.218758
98.915390 477.012299 16.872438 -2.311013
118.369461 241.894928 15.972571 -4.405523
157.549484 94.967888 17.264206 0.161735
294.545044 308.408783 15.618057 -3.228228
294.545044 308.408783 15.618057 -4.034660
347.954651 461.792450 15.039345 0.244848
121.656128 191.127686 19.406502 -4.322072
223.188568 208.531174 18.146965 -1.667764
317.448853 262.329803 20.889780 -1.527740
330.889587 163.971817 18.072702 -2.349437
337.798126 365.383545 25.302702 -0.619402
337.798126 365.383545 25.302702 -2.768581
10.179451 176.073135 34.134449 1.405795
104.575531 362.131165 33.021675 -0.089190
104.575531 362.131165 33.021675 -2.727196
264.351990 113.683479 29.459528 -4.681980
253.581192 335.411530 29.635780 -2.771175
