20 119
27 72
30 535
45 111
46 112
50 57
54 198
55 199
111 195
112 192
118 5
119 7
120 9
121 6
122 11
123 12
124 17
125 22
127 23
128 24
129 26
131 28
132 27
134 100
136 32
137 33
144 38
148 452
151 44
152 43
155 45
158 47
159 48
160 49
162 52
163 51
165 53
166 63
167 64
170 62
172 65
173 69
190 448
194 197
207 433
216 33
222 94
242 38
248 2
252 194
253 197
254 196
255 201
256 205
257 206
258 208
259 209
262 211
263 212
265 218
266 219
272 221
273 41
274 223
275 224
278 55
279 227
280 228
281 226
282 56
283 230
284 231
345 313
346 387
347 314
349 315
350 317
351 318
353 319
357 322
358 324
359 325
360 326
361 327
362 329
363 331
364 229
374 112
395 439
397 385
398 386
399 387
400 388
401 438
403 391
404 392
405 395
406 393
407 394
408 319
409 396
410 397
411 398
412 399
413 400
415 403
416 327
417 406
418 328
468 439
469 444
470 440
471 441
472 442
473 445
475 446
476 447
477 448
478 449
480 402
484 404
486 453
510 509
511 481
512 482
513 483
515 484
516 485
517 488
518 489
544 510
545 530
546 515
547 486
548 487
551 516
569 527
570 528
571 529
572 531
573 532
574 533
575 534
576 535
577 536
578 537
591 549
592 551
593 550
594 553
596 558
