15 101
19 101
28 101
42 394
52 262
66 101
71 339
80 192
92 202
93 149
103 8
104 9
108 12
109 155
110 15
111 90
112 91
117 17
122 163
128 28
129 30
132 169
133 33
134 34
135 37
136 36
137 38
140 173
141 174
146 41
147 42
149 45
151 44
152 43
153 46
154 47
155 48
156 49
160 52
162 51
168 55
172 111
173 58
174 59
177 63
178 115
179 62
182 64
183 64
185 67
186 65
188 68
189 201
190 292
211 101
213 101
214 101
221 12
222 18
249 229
257 35
258 35
260 151
263 152
264 257
265 154
269 158
270 154
271 159
272 161
273 163
274 271
276 165
277 167
278 166
281 170
282 168
283 171
284 172
285 175
286 173
287 174
289 176
291 177
292 178
296 180
297 181
298 287
299 182
300 183
301 184
302 185
303 187
305 189
306 192
310 194
311 195
339 262
340 262
352 258
353 259
354 260
355 261
356 262
357 257
358 265
360 266
362 268
363 272
366 274
367 275
369 276
372 283
374 285
376 284
377 288
378 286
379 188
422 332
423 333
425 334
426 337
427 338
428 339
430 341
431 342
432 343
433 344
434 345
435 346
436 348
437 391
445 286
468 381
470 383
471 382
472 384
473 385
474 386
476 390
477 392
478 349
501 410
502 411
504 414
507 417
517 321
519 457
520 458
521 459
523 394
525 444
526 415
539 240
541 456
542 443
543 461
544 462
545 463
547 471
555 471
556 472
557 474
560 483
561 473
