7.171792 308.840973 1.949123 -2.509254
7.171792 308.840973 1.949123 -3.755217
7.975068 482.776276 1.795650 -1.792203
16.858950 85.762100 2.172504 -4.533531
20.392336 206.456116 1.855654 1.561788
20.392336 206.456116 1.855654 -1.628809
22.002125 133.650223 2.134970 -1.483372
25.934778 203.510315 1.846695 -3.052649
26.317867 5.901299 1.855725 -4.182917
31.578398 153.700516 2.183396 -1.518673
30.858492 185.776093 2.032806 -4.494920
38.733387 186.906845 1.991386 -4.560997
42.620705 350.117188 2.480428 1.359162
42.760525 269.530060 1.984838 -2.600243
43.718262 22.282026 2.024928 -0.053526
47.294205 200.931488 1.997438 1.570138
47.294205 200.931488 1.997438 -2.183233
48.008259 68.744774 2.151131 -3.271569
47.775345 147.249252 1.963894 -3.054595
53.342731 71.588593 2.018146 0.100965
53.342731 71.588593 2.018146 -3.292595
55.916485 237.111267 1.927471 -1.460613
55.916485 237.111267 1.927471 -3.017977
59.902992 155.691132 2.055547 -0.074786
64.378670 308.859344 2.210527 -2.147468
64.378670 308.859344 2.210527 -3.952823
76.097855 129.199097 2.071776 -1.339587
78.495338 346.032135 2.082102 -4.661863
81.808311 245.124207 2.206936 1.137814
85.992645 212.568634 2.269318 -1.367683
85.992645 212.568634 2.269318 -4.012409
91.359894 214.264191 1.803480 -3.996881
106.911530 186.271088 1.887399 -2.603896
106.911530 186.271088 1.887399 -4.064654
111.685188 46.349514 2.041397 0.076564
111.685188 46.349514 2.041397 -3.132240
115.823212 167.903381 1.874530 -2.661844
117.994949 187.393250 1.949760 -0.973043
120.094124 132.619629 1.906622 -1.342798
121.168793 215.879791 1.789848 -0.476618
123.023003 119.412491 1.757223 1.358046
123.962265 16.951862 2.098925 -2.104586
126.133751 508.074524 1.955406 1.171692
128.466675 376.952606 2.012680 -3.076313
130.886597 206.168823 2.170886 -2.502888
133.111618 506.612244 2.127287 1.282510
137.711578 492.228485 1.981257 1.081923
137.711578 492.228485 1.981257 -0.092774
138.917694 152.437042 1.815581 -3.278585
139.806458 136.148102 2.093921 -1.444717
142.072021 200.685089 2.080860 -2.967201
147.774933 260.353973 2.222173 -1.539958
152.498505 278.211548 2.010962 1.209634
152.498505 278.211548 2.010962 -0.914468
152.162643 356.275513 2.359195 1.484930
155.911453 270.022369 2.030846 0.709686
155.911453 270.022369 2.030846 -0.236009
155.911453 270.022369 2.030846 -2.488632
155.911453 270.022369 2.030846 -3.770464
157.848160 403.265045 2.189868 -2.628698
160.296555 166.844589 2.002633 1.560688
160.296555 166.844589 2.002633 -0.926741
159.578659 348.975159 2.039101 0.407594
164.894379 304.830170 2.013598 -4.327262
165.563171 262.596802 1.958696 -1.510182
167.275879 295.840576 2.193454 -1.584615
167.060211 410.886963 2.092685 1.049138
168.364639 416.931183 2.021026 0.880437
170.780304 266.583221 2.184805 -1.162074
170.780304 266.583221 2.184805 -4.194257
173.577637 320.718811 2.052770 -2.899259
176.066895 444.037445 2.122801 -1.259793
178.853775 399.042419 1.873369 -1.518082
182.388382 334.513245 2.183464 -1.859240
185.912628 481.990997 1.844444 -1.540305
185.912628 481.990997 1.844444 -2.852181
188.202072 166.063812 2.167220 -0.110693
192.096832 462.780487 1.865957 -3.125149
193.108917 141.892670 2.290711 0.840453
193.108917 141.892670 2.290711 -3.055649
196.434616 466.410614 1.863389 -3.106937
198.487091 409.556061 2.097442 1.226166
200.833969 57.991684 1.936226 -1.255830
207.582077 24.207340 2.231673 -1.206681
210.447159 209.735489 2.039543 -0.046116
210.052994 314.178406 1.921345 -0.985246
212.133942 134.208023 2.204056 1.472572
214.239594 214.647461 1.878972 -3.961940
214.604187 327.806610 1.752085 1.496696
221.164474 58.050686 2.158224 -4.684769
222.101562 236.110794 2.235962 0.588733
223.731766 211.280457 1.835859 -4.508869
226.355240 71.305969 1.842934 1.528403
226.355240 71.305969 1.842934 -1.228214
227.684204 207.352585 1.921163 -1.488756
234.033401 64.437744 2.189474 -1.296639
234.033401 64.437744 2.189474 -4.095758
235.290070 58.800900 1.864790 -0.787241
234.764664 406.118744 2.120448 -1.983439
240.762924 237.754868 1.967959 1.020889
240.762924 237.754868 1.967959 -1.659736
242.104095 214.364273 1.802938 -0.624719
242.104095 214.364273 1.802938 -3.036019
244.820465 379.790894 1.914125 0.029235
245.928986 56.167267 2.149417 -1.238743
246.564392 170.474152 1.993162 -3.745271
247.330429 223.038391 2.172204 -3.081549
254.542618 163.618332 2.259860 -4.617606
262.028931 482.516510 2.224002 -4.642085
266.349640 506.757874 1.896931 0.029721
267.720306 242.280792 2.132805 -1.404902
268.553314 413.844727 2.359976 -3.404989
268.849884 249.877625 2.130856 -0.653242
268.849884 249.877625 2.130856 -3.198754
270.577301 293.310303 2.159956 -1.488127
270.577301 293.310303 2.159956 -4.664805
273.177765 90.731987 2.363275 -4.244033
273.950226 174.994019 2.198603 -2.335356
275.182678 262.762268 1.898745 -3.318434
275.862061 215.147842 2.220795 -4.528749
278.052216 25.960920 2.208418 -1.213006
278.052216 25.960920 2.208418 -4.189440
277.709198 461.826996 2.197546 -2.972844
278.406494 84.715683 2.024077 -4.671332
279.904053 296.871185 2.286188 0.022635
280.017059 305.356628 2.192804 -0.052941
281.116241 219.436890 2.136600 -0.112561
282.218750 92.376205 1.941504 -0.977374
281.713562 432.768860 2.099308 -4.173550
285.342407 199.104446 1.845056 -1.411028
286.281616 78.209198 1.993033 0.301859
286.220093 175.451660 2.254553 -0.061942
286.577332 141.976974 2.034167 1.201144
287.959625 102.121552 1.854625 0.056736
288.199921 457.568115 1.719689 -4.428895
293.355591 104.589699 1.977399 0.078746
293.503571 183.463104 2.233629 -2.192634
300.401154 69.093773 1.812640 0.081718
300.541656 414.385895 2.018676 -0.531982
301.289551 345.092468 2.055786 -2.412237
302.284485 319.140869 2.173865 -3.037377
307.447876 344.652313 1.846752 -0.151601
308.346313 287.008362 2.243770 -3.071629
311.904510 76.440079 2.186388 -3.535340
312.323944 90.063232 2.155956 -3.194438
312.686432 81.765823 2.143925 -3.327040
313.016235 423.095062 2.033197 1.285277
313.178070 473.797821 2.166985 -1.164968
315.228729 503.101959 2.058063 -0.662073
315.228729 503.101959 2.058063 -2.582252
315.228729 503.101959 2.058063 -3.666737
317.157898 45.934235 2.048818 -1.115703
324.691681 112.641609 2.211494 0.124992
325.763702 286.185669 2.015264 -0.158222
325.763702 286.185669 2.015264 -3.010436
328.418945 171.899902 2.112663 -2.494600
330.709686 281.211212 1.908492 -0.031567
330.840088 289.631897 2.123959 -0.229106
332.820648 188.446457 2.133639 0.211444
332.766418 336.257538 1.889733 0.128499
337.946045 90.695137 1.907310 0.451304
339.977203 292.615814 1.910975 -0.866330
342.336853 275.183350 2.152834 0.223009
348.744202 370.342987 2.140555 1.413705
354.946899 240.964859 1.812579 -1.539422
355.330170 334.301178 1.926383 -1.422975
355.330170 334.301178 1.926383 -4.676692
356.482391 448.997223 1.812812 1.152825
360.489471 273.832062 2.165837 0.037667
360.489471 273.832062 2.165837 -3.005024
360.836517 422.887085 1.868696 -1.511454
361.161957 249.508667 2.086360 0.275183
361.161957 249.508667 2.086360 -3.229381
363.793457 418.318085 2.059934 -3.152508
367.006042 154.787659 1.865182 -1.631140
368.250946 240.672623 2.117021 -1.601675
371.943665 254.168304 1.819115 0.113342
375.453156 263.712280 1.778136 0.307309
375.453156 263.712280 1.778136 -3.064792
375.780273 412.753937 1.945631 -0.159403
376.703705 248.350388 1.855216 -0.015531
376.703705 248.350388 1.855216 -3.190055
380.738861 269.476715 2.016986 -3.076515
7.251879 102.843536 2.548172 -0.618408
7.251879 102.843536 2.548172 -1.236602
8.527944 308.677795 2.417652 -2.664250
10.734569 17.127708 2.396679 -0.019747
11.243330 33.200283 2.328390 -0.025180
12.571068 60.449371 3.097837 0.064769
20.202583 176.971359 2.535587 -4.297299
29.657984 169.187637 2.314643 1.377309
29.657984 169.187637 2.314643 -0.492680
35.953678 254.670502 2.294358 -2.364057
41.441105 39.672897 2.592040 -3.154825
44.152122 306.279724 2.329139 -3.098490
45.640266 33.144901 2.449522 -0.490277
46.780537 56.792709 2.389057 -3.362457
46.811287 178.790955 2.397171 -4.300289
50.180527 108.848595 2.382124 -1.731229
51.520020 285.142883 2.517787 -1.975092
54.868736 194.294800 2.685471 1.075330
54.868736 194.294800 2.685471 -1.925023
69.497681 75.551582 2.935997 0.137140
75.915398 31.743397 2.468414 0.126545
89.813118 224.580139 2.557701 -2.662627
89.813118 224.580139 2.557701 -4.484451
97.640045 157.872803 2.370272 -0.858603
98.096649 175.352890 2.700842 -4.700043
110.775703 219.728439 2.589579 -4.509859
111.866135 38.051991 2.617439 -3.848621
112.329308 175.783264 2.423440 -1.476959
115.920937 24.028172 2.397758 -2.168090
115.920937 24.028172 2.397758 -4.228739
123.071266 114.069221 2.607152 1.467072
125.396126 143.912506 2.427688 -4.693258
126.145691 151.682343 2.273049 -0.841197
136.062714 92.728691 2.407243 -3.462137
140.967484 209.210907 2.647839 -3.052963
141.224243 216.731293 2.781286 -0.041319
141.224243 216.731293 2.781286 -3.102245
142.436523 448.525269 2.484453 1.449078
148.348694 136.976196 2.544312 -1.541169
150.378586 413.395660 2.865591 -1.944189
150.972076 288.609924 2.555758 0.246140
150.972076 288.609924 2.555758 -2.098385
150.892197 421.430725 2.590519 -3.599816
150.892197 421.430725 2.590519 -4.549719
151.041031 430.754181 2.416474 -3.234869
153.294785 97.087906 2.658369 -4.598228
156.484497 187.686584 2.664709 -3.116186
158.728470 92.521309 2.447650 -0.547449
158.927429 432.509003 2.643666 -3.405627
158.927429 432.509003 2.643666 -4.261229
165.685547 61.655869 2.539718 -3.922407
166.614197 280.377655 2.578043 -2.206440
166.614197 280.377655 2.578043 -3.999796
166.903366 505.455139 2.283592 -4.259563
171.458282 103.528404 2.819452 0.133714
173.263184 146.471268 2.059954 -1.062150
173.697769 202.785339 2.634538 -1.839729
175.081589 44.717091 2.547097 -4.337714
177.453888 65.172066 2.534170 -4.412136
178.631912 224.253525 2.649048 -1.614003
179.190308 486.067017 2.656683 -1.321089
198.581146 402.260956 2.238830 -2.135878
201.634720 259.793945 2.818882 -3.081035
201.485504 267.124695 2.727758 -3.056925
206.535629 499.849457 2.510875 -1.590312
209.430328 233.698441 2.533657 -3.447685
210.488129 219.425766 2.273129 0.051532
209.879486 241.983002 2.341274 -1.404364
210.787643 199.270065 2.580260 1.556031
210.787643 199.270065 2.580260 0.092477
210.787643 199.270065 2.580260 -2.074833
213.991974 34.015671 2.374547 -1.117229
216.644699 232.049362 2.509537 0.503578
216.644699 232.049362 2.509537 -3.476395
217.888000 19.484261 2.607666 -1.213592
222.374725 221.373306 2.379069 -4.712009
223.919861 200.654297 2.765170 -1.405467
228.374771 51.199703 2.600377 0.477795
232.752838 223.022552 2.374498 -4.534054
235.906860 43.490952 2.693604 0.530292
241.173935 224.053497 2.700361 -3.109486
246.127411 193.583740 2.589710 -0.664181
248.208054 229.647491 2.698846 -3.216506
248.559814 183.692307 2.590907 -1.200785
257.441467 17.221212 2.754662 -1.044261
256.078064 208.494019 2.847359 -3.697322
258.661621 164.535416 2.525370 -4.587243
263.228943 294.074066 2.331206 1.268994
263.228943 294.074066 2.331206 -2.106837
264.889923 477.101349 2.430733 -4.572465
266.493073 453.704865 2.853413 1.096486
268.392609 81.047188 2.463285 -3.915445
268.365509 265.325256 2.610367 -4.683855
267.295502 498.361542 2.332707 -2.625781
270.456665 389.053589 2.392827 -2.163790
270.456665 389.053589 2.392827 -4.642114
270.530060 166.900925 2.371981 -1.337939
270.530060 166.900925 2.371981 -4.444849
273.462280 190.754349 2.474902 -1.384564
274.353760 287.296204 2.518242 -1.605291
274.353760 287.296204 2.518242 -3.329914
278.878143 346.942688 2.776838 -0.017263
279.751099 189.583664 2.507167 0.039788
280.371094 242.668076 2.724437 0.002699
288.847412 50.953285 2.604882 -1.088126
293.243469 89.179832 2.505136 1.495813
295.140076 136.313202 2.692832 0.348915
308.179504 322.925903 2.309862 -2.954610
308.742798 507.057526 2.606220 0.932877
310.855774 42.105774 2.524035 -1.143316
312.356750 60.018612 2.681299 -1.029957
312.579315 66.861801 2.460035 -1.060070
319.822906 301.024994 2.398350 0.112570
321.738770 477.106232 2.643674 -1.434380
325.413147 47.868214 2.750221 -0.947802
325.685028 368.071686 2.967056 -1.660139
325.685028 368.071686 2.967056 -2.799900
330.635010 467.840912 2.654477 -0.084097
331.884491 399.201355 2.816588 -0.374654
334.865417 324.628815 2.619420 0.020000
340.021118 406.127350 2.755774 0.013422
346.167572 413.788849 2.433534 -0.274987
345.648407 81.669182 3.258547 0.693400
349.417664 333.896271 2.299710 1.507990
353.460266 276.736298 2.390870 1.494351
355.401764 246.563217 2.375927 -1.515100
358.002380 486.148010 2.364246 -2.142649
359.370941 366.918060 2.505823 -1.344918
362.040863 335.063629 2.263971 -4.584318
364.921600 75.206635 2.662949 1.301111
365.771942 389.581268 2.360727 -2.446428
366.649658 381.409332 2.360417 -2.274932
370.029572 427.539886 2.631930 -3.117529
379.242218 64.932373 2.514274 0.037035
379.242218 64.932373 2.514274 -4.055593
380.514832 72.707886 2.275418 1.476981
9.077797 388.169952 2.987903 -2.787476
12.471326 60.471500 3.124122 0.097257
28.428049 233.441864 3.049150 -3.837565
33.708134 11.106644 3.720767 -3.439820
39.085354 139.257156 2.934189 1.551370
39.085354 139.257156 2.934189 -1.812021
39.028767 165.440445 3.549285 0.609077
39.028767 165.440445 3.549285 -2.629129
50.647671 390.644653 3.051485 -1.790569
60.521267 66.026772 3.301468 -3.197739
69.410172 75.124290 3.062954 0.198474
69.410172 75.124290 3.062954 -3.387129
71.379013 179.148270 3.497073 -3.107342
71.201309 190.339355 3.491422 -3.108448
83.046547 403.168335 3.688925 1.219833
83.046547 403.168335 3.688925 0.194877
103.073624 223.840195 2.935321 -4.135412
115.248360 15.548460 3.628459 -2.157878
118.641289 209.710495 2.857793 -0.847614
138.328583 415.774261 3.361162 1.424124
138.328583 415.774261 3.361162 -1.773448
142.483170 308.104462 3.339661 -4.110917
151.670975 54.573219 3.599073 1.138698
151.070801 357.008453 3.006971 1.474563
152.155441 348.559204 2.935311 1.337956
159.303436 54.366825 3.026714 1.381913
160.087067 21.571848 3.112010 -0.978317
165.025314 214.094467 3.041933 -2.878002
167.244446 179.353027 2.903496 1.146825
167.244446 179.353027 2.903496 -1.484508
166.851669 483.939423 3.348161 -2.985227
181.257126 196.182953 3.509581 0.556514
181.257126 196.182953 3.509581 -1.540997
185.811554 130.152420 3.579160 -3.540847
189.341461 17.838737 3.072029 -1.209631
191.953491 63.731514 3.062391 -4.465718
198.556244 72.170738 3.409851 -3.790628
222.730103 45.733257 2.886510 0.526600
222.492935 413.206482 3.269109 -2.347242
226.394440 192.865356 3.331441 -1.560405
231.400848 278.168793 3.471131 0.119173
232.368164 25.984015 3.469758 -1.048882
234.546768 78.177437 3.360300 -4.291095
235.989288 7.481886 2.823242 -1.234358
240.069382 478.194824 3.304614 -2.465114
243.229523 310.030487 3.229474 -2.544422
243.229523 310.030487 3.229474 -3.045835
248.336731 349.094055 2.889157 -2.971997
256.528503 146.509293 3.142639 -3.575150
259.558319 285.275879 3.122502 -2.065610
270.548737 300.244965 3.240505 -1.473103
270.548737 300.244965 3.240505 -4.617682
270.860382 98.207970 3.382981 -4.125005
270.731079 373.621124 3.469826 -2.802985
276.597473 76.658020 3.554103 -1.752693
276.597473 76.658020 3.554103 -4.182426
278.427826 45.526577 3.271101 -1.275696
279.576996 169.347824 2.915611 -1.080626
278.758667 36.115761 3.572238 -1.235144
278.758667 36.115761 3.572238 -4.165618
279.784210 280.387939 2.901514 -0.009166
287.066711 215.665909 2.816289 1.220519
298.371765 361.503113 2.936253 -2.439780
301.177338 102.653381 3.018220 0.115522
304.912170 493.473480 3.294624 -1.771916
326.606323 494.345947 3.507743 -0.500626
326.606323 494.345947 3.507743 -1.230140
332.079437 441.904694 3.298654 -2.668908
332.079437 441.904694 3.298654 -3.751202
337.639923 370.835663 3.314648 1.013857
341.582520 176.903366 3.285805 1.183313
341.582520 176.903366 3.285805 -1.409061
341.550781 395.107605 3.383337 -1.244350
344.273376 82.339073 3.411993 0.599582
347.245728 239.378922 3.386424 -0.254843
355.361145 326.000336 3.415919 -1.280465
356.165222 436.868958 3.031175 -1.167380
365.230072 507.381165 3.325073 -1.071623
369.078033 247.213699 3.133923 -1.552958
376.409546 495.783264 3.334010 -4.050323
52.454136 19.689734 3.725310 0.843922
52.454136 19.689734 3.725310 -4.338324
71.262192 160.590912 4.085105 0.359673
71.262192 160.590912 4.085105 -3.158234
82.838173 376.973114 4.220341 -0.165408
82.838173 376.973114 4.220341 -1.476895
82.356544 402.463623 4.158975 1.123419
82.356544 402.463623 4.158975 0.238778
81.932899 425.914734 4.226612 1.342471
81.932899 425.914734 4.226612 -1.697377
96.146248 110.589737 4.129270 -3.497623
109.818703 170.168564 4.407722 -1.532220
114.081383 270.755310 3.766898 -2.674069
134.465469 149.657272 4.509984 -0.879876
134.465469 149.657272 4.509984 -2.735096
134.187424 174.031433 3.686102 -2.968577
137.416626 451.073700 4.188559 1.519651
143.888046 228.394882 4.296781 -3.642089
144.393890 282.802032 4.145289 -2.982549
157.253723 281.165649 3.874820 -2.229283
159.761856 258.159729 4.641606 -1.980891
159.761856 258.159729 4.641606 -2.934039
159.761856 258.159729 4.641606 -4.522349
169.847931 200.044403 4.101725 -2.404023
169.847931 200.044403 4.101725 -3.213758
170.611786 498.544769 4.101650 -4.126786
184.713348 106.022423 4.356848 -1.387295
184.713348 106.022423 4.356848 -3.382711
185.558304 130.203979 3.756178 -3.630477
191.154266 283.289734 4.524327 -3.145047
192.367905 265.896423 4.666210 -3.019165
196.163055 376.563416 4.536608 -2.997521
199.129486 73.134010 3.626842 -3.740785
200.302704 330.626770 4.334295 1.473198
210.027466 72.039528 3.928104 -3.639907
218.748672 9.955158 3.829370 -1.008040
229.683960 14.893228 4.012980 -1.134751
228.194016 35.360371 4.378641 -1.025460
232.436920 26.173876 3.415142 -0.989709
238.132172 253.869827 3.900623 -0.132262
242.000351 277.055481 3.722605 0.038802
245.204468 20.288963 4.144914 -4.359231
247.025681 42.673218 4.236993 -1.238040
252.318222 55.931213 3.749513 -3.799086
256.430756 176.085663 4.773279 -1.358068
256.430756 176.085663 4.773279 -4.684846
254.511475 371.547943 4.252929 -2.482764
262.206726 381.588501 3.728438 -2.453282
267.371033 474.774292 3.935774 -4.552955
270.393311 99.047203 3.835132 -4.022630
270.616852 336.707153 4.055540 -3.097034
272.382111 157.381836 4.247228 1.071776
281.553833 96.594604 3.972442 -3.648277
289.075592 216.962036 3.853209 1.126085
291.322327 206.196045 3.954785 1.125156
291.322327 206.196045 3.954785 -1.334616
300.535461 299.018860 3.929674 -2.536187
340.879578 434.649139 3.685187 -0.771957
342.474854 83.077065 4.018336 0.498416
357.936859 74.347626 4.134532 1.197390
361.901428 239.217575 3.852449 -1.578022
366.363037 67.094238 3.631914 -4.226928
368.801880 41.049030 3.697518 -4.674371
376.149506 239.397049 3.934950 -1.592356
21.893137 15.680497 5.432429 0.244639
21.893137 15.680497 5.432429 -3.446676
37.322918 383.714508 5.482431 -1.956192
37.322918 383.714508 5.482431 -2.889383
43.216358 159.744614 4.777538 -3.113946
87.594444 95.970009 5.495736 -4.597218
104.444878 204.357864 5.084130 -1.794923
120.560287 104.662262 5.251771 1.514332
148.383133 400.590027 5.241231 -2.431409
158.881226 230.994034 5.027230 -2.929896
174.629730 116.765022 4.937231 -4.509958
202.814865 312.375397 4.932434 -3.060692
233.435699 50.144787 4.685364 0.338257
233.280106 212.430450 5.162426 -1.274557
233.280106 212.430450 5.162426 -4.624122
253.865906 226.109528 5.745647 -3.258927
270.090851 143.912903 5.521393 1.151882
279.285797 57.437382 4.940960 -1.215996
288.100952 476.664459 5.628103 -4.688513
288.935455 489.670105 4.590504 -4.680504
309.806366 186.871185 4.659155 -2.861107
347.566895 285.572601 4.770687 -1.208585
368.628082 325.842590 4.884194 -3.061221
368.455872 482.385071 3.808121 -2.716328
373.512177 51.823441 5.406060 -4.400554
22.102863 15.961803 5.317541 0.373173
22.102863 15.961803 5.317541 -3.486712
40.088879 42.695892 5.779613 -3.413602
96.255615 78.391792 6.667219 0.223613
96.255615 78.391792 6.667219 -3.322460
113.035530 186.700089 6.812340 -1.560353
117.202850 104.729515 6.081163 1.565730
124.165268 86.685837 6.006911 -3.201617
124.979523 7.178777 5.949133 -1.796053
124.086494 53.385418 6.071522 -3.202612
127.194817 490.227905 6.657694 1.162330
127.194817 490.227905 6.657694 -1.737810
129.996353 22.535284 6.612418 -1.707196
140.014938 346.105774 5.921416 1.477436
141.626648 87.077034 7.006411 -3.236951
151.594345 168.154282 5.614613 -2.462802
151.999771 490.251007 7.248180 -3.108512
173.596634 453.794128 6.227000 -3.376769
181.887390 475.873016 6.034853 -1.651147
181.887390 475.873016 6.034853 -3.134108
190.114197 261.822021 6.633183 -2.999798
191.134094 442.652130 5.996945 -2.588154
203.130569 126.067741 6.863088 1.567666
213.270203 142.022781 6.486379 1.523441
224.665634 173.841415 6.835669 -0.209128
224.665634 173.841415 6.835669 -1.421259
243.045731 492.822723 6.842607 1.111856
250.547516 149.280197 5.853806 -4.135703
282.203613 122.938110 6.512691 -3.020554
287.094940 476.248688 5.825003 -4.698066
302.509094 95.062668 6.390057 0.374088
336.430969 420.994385 6.296389 -0.674148
352.540619 383.842133 6.916226 -1.203639
352.540619 383.842133 6.916226 -2.150421
355.194794 411.438446 6.790646 -3.124710
359.340027 300.255188 6.189677 -1.451191
368.423950 396.054138 5.860041 -2.207175
26.594843 269.971405 7.868567 -2.419467
50.683517 68.719566 8.023291 -3.758006
51.215031 201.550980 7.863488 -3.191371
100.255974 399.654999 9.602098 0.037832
102.081123 300.801636 7.108858 -2.124587
136.172012 196.915497 7.909816 -2.932335
232.198776 229.640762 7.990689 -3.388688
249.015549 388.450317 8.105519 -2.091030
275.229340 255.229996 7.809685 0.005602
287.703644 155.753754 8.459464 1.127739
350.002716 38.795826 6.957608 -4.383784
353.502136 194.177673 8.466733 0.494249
352.935333 446.417755 8.043757 -4.316608
166.536469 71.983673 10.384292 -4.558102
164.516418 408.462250 10.949646 -2.445987
198.845047 418.676270 10.205732 -2.499683
206.813004 318.687439 10.569330 -3.165055
206.813004 318.687439 10.569330 -4.603254
318.223022 327.924683 9.363661 0.002134
348.507477 471.884583 9.882702 -0.259777
348.507477 471.884583 9.882702 -1.597017
348.507477 471.884583 9.882702 -3.273596
357.479889 344.705078 11.264410 -2.939964
184.415466 362.916168 14.146264 -2.072595
214.699799 269.639160 13.248293 -2.984172
249.446213 272.770813 11.480888 -0.402489
268.599854 28.590357 14.238629 -1.318556
322.099884 295.913269 12.521870 -0.148611
330.889099 56.226105 13.834534 -4.467221
57.844509 394.469635 15.107346 1.376026
57.844509 394.469635 15.107346 -3.162517
105.899071 61.120953 16.409504 -3.820466
115.403458 383.050171 17.341017 -0.011009
142.037384 456.803406 18.368494 -3.305707
184.309845 362.189331 14.445365 -2.075179
190.124130 38.212410 16.524689 -1.024307
242.870209 353.538513 16.140793 -2.011294
280.230286 71.529030 14.883203 -1.239232
71.674889 464.185913 20.014418 1.425962
217.766708 295.278748 20.954355 -3.057636
254.761505 248.187866 42.774967 -0.266684
