15 161
43 72
44 131
46 72
68 95
69 104
73 378
74 87
94 248
110 8
111 4
113 6
114 7
120 174
123 181
124 13
125 179
127 14
128 17
131 21
132 183
133 18
134 22
136 25
137 23
138 32
141 28
144 40
146 40
148 43
149 44
150 45
151 46
156 47
159 48
163 54
164 59
165 62
171 63
175 72
176 69
181 102
182 103
220 104
226 370
237 408
244 369
258 295
268 161
271 162
272 163
273 5
274 271
275 168
276 166
277 169
282 170
283 172
284 173
285 278
286 178
287 278
289 186
291 36
292 190
294 191
295 189
297 195
299 193
300 194
301 197
302 288
304 199
305 56
306 298
307 201
309 204
310 64
311 207
312 208
313 209
315 68
319 213
328 101
339 320
340 321
353 268
359 48
363 167
368 268
369 269
371 270
372 273
373 272
374 274
375 275
376 279
377 276
378 280
379 281
380 277
381 370
382 282
383 283
384 284
385 286
386 287
388 290
389 291
390 292
391 293
392 296
393 298
395 299
396 300
398 302
399 306
406 185
410 268
416 58
434 198
447 356
449 273
450 358
451 357
452 359
453 370
456 360
457 363
458 298
459 364
463 305
467 310
480 401
481 403
482 447
483 404
484 361
485 407
499 435
500 434
517 446
518 447
519 448
520 451
521 453
522 454
523 458
525 409
534 473
535 474
538 476
545 485
546 486
547 487
548 501
553 498
554 500
563 507
