3 364
29 169
30 21
39 103
54 161
59 76
60 75
64 76
76 7
77 8
78 12
79 11
80 10
82 174
84 171
89 178
92 20
96 25
97 26
98 183
99 184
102 27
107 37
111 40
115 43
117 45
120 431
126 379
157 274
171 82
172 81
177 308
178 335
180 169
181 170
186 172
188 161
189 13
191 179
193 256
195 186
196 185
197 189
198 190
200 28
201 339
203 45
204 197
205 196
210 81
211 82
220 173
227 173
230 459
245 368
249 247
250 248
251 249
252 250
253 251
254 252
259 254
261 255
262 255
264 258
266 325
272 261
274 262
275 263
276 265
278 266
280 264
281 267
283 199
287 76
294 364
316 161
325 81
338 384
340 332
341 333
345 328
356 417
357 418
373 250
374 415
375 416
378 379
379 380
380 381
381 382
382 329
383 330
390 417
391 418
392 419
395 420
397 421
398 422
399 424
400 427
401 426
406 432
407 433
415 422
416 460
418 461
419 464
429 483
430 462
