2 136
4 195
40 34
42 147
46 147
53 147
59 34
98 434
104 291
117 1
118 2
121 3
125 11
126 12
127 9
129 15
131 19
132 20
134 22
136 182
137 185
139 23
140 24
141 31
144 32
145 117
146 33
148 39
149 40
151 37
153 42
154 201
158 45
159 46
160 47
161 293
162 50
163 48
164 51
167 55
168 57
169 56
170 251
171 60
173 209
174 59
176 63
177 65
179 147
182 69
186 70
187 216
215 134
219 147
267 462
277 169
279 172
280 173
281 332
284 205
285 175
289 176
290 177
291 178
293 179
295 318
296 319
297 187
298 188
299 184
300 183
301 186
302 194
303 193
304 197
305 199
308 202
309 200
312 420
313 205
314 206
315 207
316 53
317 58
318 210
319 213
320 214
321 218
322 223
323 73
342 48
363 174
366 513
367 512
388 320
390 302
394 308
395 306
397 309
398 170
399 171
400 310
401 311
402 313
403 314
404 315
406 316
407 317
411 320
414 196
415 323
417 78
418 324
421 325
422 326
423 327
424 328
425 330
426 208
427 332
430 211
431 335
433 338
434 339
435 346
437 342
439 344
454 147
465 147
485 401
487 400
488 402
489 171
490 405
491 408
492 407
495 411
496 321
498 414
499 473
500 479
502 421
503 333
505 424
506 426
507 427
508 425
509 429
510 558
512 432
513 433
514 430
541 467
542 468
543 465
545 470
547 471
549 472
550 474
551 475
552 476
553 477
554 480
555 481
556 482
565 479
586 525
587 526
588 527
589 529
590 530
591 531
592 532
593 478
596 533
597 534
598 535
599 536
618 575
619 562
620 563
621 564
623 565
627 576
628 577
635 583
636 584
