8.072087 420.280731 2.075142 -0.815661
8.072087 420.280731 2.075142 -2.835068
10.109237 165.627914 1.901122 -0.274846
10.029750 186.535172 1.818146 -2.159473
14.531859 138.001801 2.189510 -1.633240
21.386450 292.381805 1.729266 -0.931140
21.021923 505.908539 2.104568 -0.106789
21.021923 505.908539 2.104568 -3.027794
25.302225 258.998566 1.867349 1.259347
25.302225 258.998566 1.867349 -1.083858
27.453291 356.184937 1.849164 1.513093
27.453291 356.184937 1.849164 -2.968867
29.997171 94.450630 2.001945 -1.882018
29.997171 94.450630 2.001945 -3.139742
37.001598 133.510483 2.283207 1.405190
37.001598 133.510483 2.283207 -1.683118
41.189564 93.337860 2.153394 -1.618868
40.892677 309.611420 2.079790 -0.045897
40.685959 377.944458 2.129838 -3.120652
44.326763 353.445312 2.127762 -1.936564
43.872562 360.571442 1.896456 -3.043133
46.116585 375.003906 1.885487 0.077798
52.936947 352.448853 2.182469 -0.098273
52.936947 352.448853 2.182469 -1.646265
52.676353 432.515839 2.034282 0.143211
53.919170 90.976028 1.909975 -0.152672
54.891891 29.396055 2.018799 0.545844
58.315464 356.112640 2.014034 0.027404
60.081181 182.058273 2.221881 0.432048
59.965660 456.466766 1.802705 0.313705
65.028114 93.263733 2.021365 0.722889
65.996262 85.921196 2.187797 -3.215482
69.557129 310.042389 2.008032 -1.581338
69.557129 310.042389 2.008032 -4.546022
71.242096 90.364944 2.141268 -3.284620
73.678108 507.295898 1.880878 -0.400229
75.349884 117.976891 2.152519 -3.359787
75.158630 213.839432 1.964137 -1.464490
77.172714 61.805828 2.229446 -1.295282
77.172714 61.805828 2.229446 -3.755048
79.956863 6.297656 2.231656 1.002610
79.404129 449.510468 2.243048 -1.389008
82.671074 146.128082 1.765476 -4.343799
83.741547 268.656982 1.912755 0.475723
88.719330 201.588348 2.001358 -4.112998
90.800842 255.136627 2.109247 0.579401
90.800842 255.136627 2.109247 -1.691055
92.655991 335.798584 2.011021 -4.632815
93.840118 130.324768 1.905458 -1.457789
95.811478 26.939257 1.743763 -3.198185
97.488686 6.620194 1.847084 -3.016954
100.750488 266.159607 1.846598 0.820954
103.393860 157.702698 2.286853 -0.187908
103.339874 173.813690 1.962924 -2.747691
108.235809 10.251541 2.177685 -3.123164
108.759613 478.001007 2.012929 1.548629
108.759613 478.001007 2.012929 0.129681
109.903786 211.160980 2.198507 -2.869000
111.710197 330.462280 2.197407 -1.295616
113.849960 16.648342 1.960589 1.195618
117.367249 312.963135 2.091569 -1.639972
117.367249 312.963135 2.091569 -4.597124
118.658974 302.650055 1.907112 -4.666800
119.420113 307.893494 1.898724 -4.585168
126.234886 16.908129 1.970146 1.092684
129.806198 255.928131 2.100797 -1.052164
134.763443 262.066895 2.157083 0.697742
134.763443 262.066895 2.157083 -1.258057
142.320038 440.885132 1.880623 -1.298946
151.216553 211.371048 1.949293 -2.918239
155.320755 409.239166 2.110968 -4.568935
158.618774 173.217270 2.219819 -3.017036
161.689316 210.486343 2.336094 1.524216
164.346436 355.988281 2.144217 -3.690533
173.465256 148.911133 2.233846 -2.019302
175.000381 266.276093 2.065162 1.122717
181.212769 64.294495 1.822235 0.028769
186.889557 219.140030 1.897852 -4.153333
189.840576 359.697113 2.088768 -1.549808
192.264694 52.342312 2.004444 -4.630647
214.835205 158.295471 1.889269 -0.280271
216.856766 406.452240 2.059489 -4.147332
217.935501 262.384613 2.029286 1.238004
217.976547 307.221985 1.911209 1.176164
217.976547 307.221985 1.911209 -0.726029
218.610153 216.872696 2.041423 1.528975
219.352997 65.816360 2.179890 -0.733082
219.352997 65.816360 2.179890 -4.136153
219.813263 192.506958 2.077483 -0.051508
219.813263 192.506958 2.077483 -3.340564
220.697266 202.047501 2.005965 -0.448535
220.697266 202.047501 2.005965 -2.947615
223.385834 43.207306 2.053516 -3.459722
223.570236 186.267349 1.985141 -0.134758
223.570236 186.267349 1.985141 -3.254387
225.004608 77.606606 2.175502 -3.446756
227.266541 139.179031 1.937757 -1.636664
231.809830 50.288685 2.073579 -0.054224
236.547058 45.209225 2.282560 -3.450232
238.248993 139.626831 1.979588 -1.236823
238.382477 341.107849 2.196843 -4.708518
241.887115 211.069672 1.839273 1.505579
242.988281 13.546133 2.314735 -4.221623
245.320786 97.712578 1.943675 0.088653
245.988861 341.516113 2.118698 -4.585406
260.740875 310.094513 2.127724 1.456411
260.740875 310.094513 2.127724 -1.187941
262.839478 154.076202 1.905349 -0.313093
262.839478 154.076202 1.905349 -3.922500
265.344849 86.143112 2.182935 -0.085829
266.194244 92.922226 2.121286 0.009210
268.644440 105.253166 2.132809 -1.498754
269.113586 117.184517 2.013927 1.100455
270.049500 216.575317 2.182324 0.838269
270.633087 477.726013 1.985727 -1.176353
271.002686 483.295166 2.122299 -0.625326
273.088104 327.646881 2.085468 -0.064033
273.637543 400.688202 2.324237 0.145044
274.949463 32.390121 1.873675 -3.762990
275.679138 473.948059 2.112498 -1.169146
275.679138 473.948059 2.112498 -2.821150
278.694366 4.972447 1.980780 -1.804070
280.159668 79.166161 1.950424 -0.093594
280.159668 79.166161 1.950424 -3.410642
279.333527 335.304901 2.123548 0.438964
281.654938 86.784149 2.194335 -3.367791
281.804443 468.167847 2.034154 -1.396119
287.941711 92.972710 1.844962 -3.422720
292.710663 96.673752 2.185459 1.339930
293.519958 184.955475 2.119074 -1.090016
293.410767 155.710495 2.224765 -1.631570
294.599640 192.983887 2.171862 -3.406060
296.314301 205.304672 1.838393 -4.683160
301.167297 118.840561 1.851120 1.512763
304.185394 113.713234 2.242893 1.483088
303.719086 227.212479 2.044509 -1.929307
303.579956 471.877167 1.887997 -1.350714
305.746216 316.586273 2.307980 1.295484
307.192993 145.811050 2.233034 -1.601378
317.102448 94.215370 2.229635 -1.685350
317.102448 94.215370 2.229635 -4.601350
329.094055 29.853741 2.115939 -0.454740
331.182220 155.994019 2.091787 -0.204412
331.793976 115.906166 1.965521 1.478540
333.217438 67.019279 1.885448 -3.557785
339.161438 200.743927 1.969082 -0.115970
339.402985 302.700562 2.080902 -4.489034
339.678528 426.340393 2.064767 -1.007040
349.474548 149.978958 2.043383 -1.635565
348.800659 399.085480 1.975292 0.580412
352.673035 38.404579 1.863597 -0.441881
357.033478 412.656525 1.812973 -0.283319
358.664215 22.438107 1.951409 -3.959637
359.001282 160.968109 2.006584 -3.397856
360.404114 431.085541 1.923809 -0.729603
364.596130 82.786552 1.846306 -3.777054
367.858032 434.117706 2.103880 -0.670514
369.891510 6.420638 1.959689 -0.569350
375.231964 81.564705 2.117120 -0.334182
375.231964 81.564705 2.117120 -4.164672
376.906555 433.270142 1.986775 -0.647086
378.071014 149.962036 1.939866 -0.265792
379.060425 298.464722 1.792282 0.065063
2.820440 9.735242 2.623767 0.044711
2.698750 166.547165 2.745163 -0.372543
8.301553 121.148003 2.345875 0.081772
8.716870 98.703888 2.298279 0.136752
8.895039 132.878860 2.294468 0.081965
14.197482 61.664127 2.713938 -4.627585
17.495670 297.455505 3.099663 -0.328859
17.495670 297.455505 3.099663 -1.024946
19.628569 416.761749 2.618403 -1.778813
19.628569 416.761749 2.618403 -4.413978
29.259338 47.372963 2.182232 -3.192681
29.029562 471.682831 2.659508 -4.463210
33.401203 385.059601 2.478506 -0.419422
33.401203 385.059601 2.478506 -1.515950
40.237286 434.388733 2.661339 1.297319
42.499866 108.703415 2.836874 0.154659
48.118320 37.049698 2.466227 0.483283
49.169605 23.673517 2.921414 0.757256
48.931015 108.483116 2.235896 0.176278
51.425415 191.359055 2.636652 -4.324946
50.763065 369.421509 2.774019 0.080418
50.764465 453.967682 2.446160 1.299284
51.846851 387.377991 2.556626 -0.004239
51.864452 446.653778 2.578405 -1.040888
51.864452 446.653778 2.578405 -1.718242
52.758347 479.253845 2.505084 0.270164
54.542881 173.583374 2.893077 -0.129870
54.542881 173.583374 2.893077 -1.274860
55.428078 7.256581 2.633042 -1.770715
58.119217 347.420441 2.437761 -0.581161
59.118942 473.894806 2.314722 0.147755
61.277000 333.156830 2.362118 -4.655840
62.231441 309.757050 2.895087 -1.404050
65.923401 445.964813 2.654941 -1.153964
70.034721 98.144058 2.840605 -3.126671
72.661163 327.839325 2.818560 -4.643740
89.458092 459.199463 2.627879 -1.416504
88.880943 506.075226 2.418154 -1.033683
90.068054 32.667625 2.475241 -3.244842
94.083595 429.496094 2.294334 -3.074588
96.060501 158.992081 2.785761 -0.137834
101.242043 323.034821 2.392104 -1.201647
105.863701 474.581604 2.656667 1.359917
105.863701 474.581604 2.656667 0.421913
108.182022 122.080742 2.824093 1.397110
115.715340 31.731791 2.353369 1.231464
123.808632 332.236023 2.412809 -1.647565
130.732910 119.358856 2.678477 -4.700950
131.828995 167.145416 2.854663 1.559629
136.151459 8.404726 2.884112 1.430880
136.151459 8.404726 2.884112 -2.541069
149.836914 295.185059 2.436990 -0.425089
156.656601 110.883583 2.406672 1.221753
158.618912 464.349426 2.274636 0.932188
159.343307 470.773071 2.300755 1.372125
159.956787 165.172104 2.549913 -2.985319
159.712448 378.111267 2.679047 -1.645113
160.737991 159.241455 2.668154 -2.934803
161.552231 44.984745 2.355370 -1.451144
163.450912 454.345703 2.379089 -1.346538
164.681839 476.015594 2.714321 1.333255
164.681839 476.015594 2.714321 -1.889476
165.797806 412.035004 2.738358 1.472556
169.627853 368.401459 2.441301 0.548905
169.627853 368.401459 2.441301 -3.675469
173.190689 489.819824 2.327666 -4.514640
174.629837 465.986603 2.651302 1.289918
176.447220 440.453400 2.563635 -4.570884
178.028259 371.488892 3.002581 1.514150
178.028259 371.488892 3.002581 -1.248363
181.307983 414.114746 2.839949 -4.710713
182.528778 491.570801 2.269979 1.325866
182.485336 86.323952 2.625752 -4.411387
185.351685 147.113525 2.403042 -1.538246
185.784531 27.457197 2.474806 -1.778020
185.709229 212.902710 2.675040 0.473378
188.407089 11.760861 2.779577 1.264250
192.584869 394.517639 2.229725 -0.898175
192.693634 33.889103 2.320892 -1.017506
198.715988 312.678009 2.711528 1.296769
198.715988 312.678009 2.711528 0.583894
207.556656 410.592224 2.363232 -4.529766
212.017471 143.288544 2.292001 -3.366060
220.801666 365.565704 2.826301 -4.043818
222.479019 169.436264 2.379477 -3.179262
224.407837 70.474319 2.435671 -0.183929
224.407837 70.474319 2.435671 -3.638514
224.313629 238.940323 2.792353 -2.418476
228.371017 269.086365 2.419827 1.184512
241.654678 66.521088 2.833124 -0.100649
247.704132 42.899033 2.554175 -0.159651
247.704132 42.899033 2.554175 -3.113012
247.567841 150.976654 2.331566 0.053005
247.567841 150.976654 2.331566 -4.644115
249.893692 216.984909 2.377424 -4.139258
250.855347 95.041397 2.406617 0.035534
250.855347 95.041397 2.406617 -3.357750
251.855576 489.422485 2.556898 -1.176875
259.347351 94.270416 3.106556 0.083754
259.347351 94.270416 3.106556 -3.368878
269.066437 157.828812 2.303770 0.133178
269.066437 157.828812 2.303770 -3.043430
268.973480 167.651718 2.486263 -0.020935
268.414124 441.420929 2.431465 0.256032
271.554108 180.079407 2.873920 -0.315271
273.415833 135.833420 2.582934 -0.217245
271.982971 309.516907 2.531574 -0.970287
274.489655 193.071930 2.359115 -3.277634
282.888000 14.252634 2.419320 0.538384
283.845337 97.554535 2.328918 1.547368
293.505035 446.932037 2.682046 -3.253825
293.505035 446.932037 2.682046 -4.331974
294.346771 186.829437 2.636608 -3.456799
300.144043 95.873116 2.244793 1.517436
300.048645 268.739807 2.435698 1.386533
308.192047 94.683083 2.389254 1.138624
315.293671 268.731812 2.605523 1.458742
315.761475 420.256348 2.772241 -0.985023
316.673950 20.591688 2.763415 -1.610333
318.723846 12.977887 2.359529 1.222634
320.120972 274.873505 2.364822 0.342312
320.120972 274.873505 2.364822 -1.765939
323.832733 197.223083 2.628620 -2.892561
324.949615 338.723206 2.741235 -4.689194
333.181396 86.407631 2.594630 1.567868
343.704956 239.001663 2.619309 -1.600059
347.463287 84.498695 2.688260 1.392141
347.463287 84.498695 2.688260 -0.286708
350.158142 13.782048 2.480315 -2.015090
350.158142 13.782048 2.480315 -3.038631
353.492798 143.881271 2.748586 -1.773851
365.414246 162.562668 2.505920 -3.435220
366.483826 31.126293 2.365441 -0.442907
366.483826 31.126293 2.365441 -3.743844
371.484344 86.706894 2.465454 -4.600344
371.851227 191.433548 2.453663 -3.485352
377.811005 36.655346 2.747705 -0.413003
378.918427 160.758011 2.539354 -0.262246
7.063836 72.483063 3.423784 0.774308
7.063836 72.483063 3.423784 -1.538024
13.050846 184.739197 3.209536 0.058430
13.050846 184.739197 3.209536 -2.057478
13.276333 214.286728 3.545685 0.459274
13.707432 107.506950 3.326172 0.117357
13.707432 107.506950 3.326172 -2.968612
16.823456 54.487442 3.017380 -4.635000
22.469383 107.884209 3.319382 -2.972280
23.927429 385.987701 3.512272 -1.681455
29.328186 12.466595 2.998183 -4.017033
28.530310 213.704025 3.230627 0.406338
28.530310 213.704025 3.230627 -3.882655
38.774521 8.105338 2.976237 -1.047422
37.996468 424.991058 3.582353 -1.170310
37.996468 424.991058 3.582353 -4.667045
48.910480 130.752213 2.900892 0.342926
48.910480 130.752213 2.900892 -1.666492
52.797199 210.987549 3.579895 -0.838530
56.399319 92.108864 3.530984 -0.031391
58.383007 325.699738 3.490278 -4.555236
69.953445 77.454544 3.456923 -3.143156
74.508858 374.433502 3.441008 -1.039147
76.238449 439.823273 3.001748 -1.319152
76.238449 439.823273 3.001748 -4.380338
82.814316 215.040833 3.099670 -1.420578
97.285896 124.554749 3.066308 1.301682
96.476494 259.893982 2.858526 -0.822769
99.968925 59.766743 3.222417 -1.805929
105.772911 83.972771 3.374518 1.216895
108.511772 240.418121 3.061069 -2.217444
117.206436 253.139709 3.479509 0.499501
118.234863 191.251450 3.066153 -3.088596
136.347855 47.810371 3.229067 -1.771780
140.868149 254.114807 2.972609 0.427074
140.868149 254.114807 2.972609 -0.721165
144.633911 207.178589 3.218356 -2.829171
148.403839 192.967346 3.375558 -3.024085
153.056091 368.099915 3.315181 -1.020847
153.056091 368.099915 3.315181 -4.315141
153.497223 155.732285 3.240793 -2.947763
156.091263 17.921057 3.245871 1.294771
162.908630 485.541809 3.173635 -1.852564
162.908630 485.541809 3.173635 -4.460050
166.741455 15.562856 3.311774 1.280583
168.530975 278.233582 3.653384 0.030014
168.877899 85.547974 3.081066 1.275488
174.913773 189.388824 3.188423 -3.173129
186.853531 11.751401 3.053986 1.232165
197.050858 109.067268 2.984094 -4.649229
198.190689 38.119171 3.246009 -0.886739
200.774200 16.023813 3.224173 -1.852316
204.855865 374.574860 3.210960 -1.674762
204.855865 374.574860 3.210960 -4.456494
207.800827 115.301872 3.033125 -1.532027
211.021942 382.145447 3.103722 -2.137528
220.437088 419.778534 3.246983 -4.412371
225.725098 375.808624 3.152645 -1.560984
228.732346 52.288601 3.444603 0.063126
228.732346 52.288601 3.444603 -3.395808
231.684708 150.508621 3.503491 -3.340312
232.066956 470.887573 3.034666 -2.237808
232.689423 479.904419 3.368485 -2.391304
241.723236 66.752602 2.891766 -0.123284
242.047867 72.814339 2.975028 0.015602
256.075378 42.412785 3.235199 -0.235863
256.075378 42.412785 3.235199 -3.046597
264.624817 502.702942 3.273098 0.970010
265.834167 303.031403 3.098186 -0.990661
265.947937 467.761963 3.202978 0.705472
265.947937 467.761963 3.202978 0.232908
271.070679 9.067945 3.647085 -1.701585
278.451355 460.194122 3.540812 0.092562
281.742554 504.206451 3.044473 -0.055118
286.744293 236.420151 3.189506 -1.964322
286.612579 263.655396 2.868735 0.900574
296.062225 487.988251 3.029055 1.549136
299.575073 346.010010 3.293748 -4.700745
301.134308 151.923157 2.874279 -1.654795
300.852875 478.532288 3.105749 -1.110134
304.599518 66.063728 3.263608 -0.142467
307.771393 177.043579 3.556315 0.176306
309.116150 28.012247 3.202801 -1.755750
312.475647 482.362274 3.264868 -0.139583
315.917419 302.486908 3.214710 0.541289
318.350983 207.719803 2.920415 1.042428
323.947754 153.811584 3.227621 -0.340185
330.823730 202.517426 3.511571 -0.030089
353.373932 167.346237 2.960470 -3.304644
358.624695 32.695969 3.287359 -0.358941
358.878418 194.292236 3.493030 -3.338729
364.681549 492.048004 3.609723 -3.085028
374.302795 16.021465 3.258790 1.373604
374.955597 175.236099 2.959642 -3.300498
374.369568 487.479706 3.054712 -1.556896
374.369568 487.479706 3.054712 -3.132871
11.281197 16.204039 4.439244 -0.167358
11.409821 389.313202 4.321118 -2.418538
13.587380 197.417297 3.998192 -0.200504
14.931156 457.325867 3.969230 -1.239874
17.421486 132.870956 4.166205 0.168805
17.421486 132.870956 4.166205 -3.994771
18.759905 376.935333 4.032884 -1.806466
21.898003 144.711838 4.207116 1.362026
23.044815 108.120651 3.595762 -2.750396
23.056324 173.340805 4.377457 -1.547950
24.026495 403.948578 4.104917 -4.432150
42.006222 95.226768 3.692482 -0.047342
42.006222 95.226768 3.692482 -1.520867
52.159351 114.060417 4.578991 0.092803
59.577503 250.191284 4.464218 0.368901
58.412170 325.843689 3.409537 -4.499847
66.407425 210.742569 4.014586 -0.684602
66.987144 298.591583 4.140322 1.530173
66.987144 298.591583 4.140322 -1.494382
68.481270 104.674835 4.423122 -3.159518
73.148720 468.568726 3.986954 -1.127095
93.220909 429.292084 3.709505 -3.035284
104.511284 456.885101 4.086081 -2.003815
110.189583 31.576323 3.600768 1.255080
108.546867 190.491531 4.255262 -0.099069
108.546867 190.491531 4.255262 -3.099788
123.023346 130.777618 4.080884 1.449659
126.760315 204.374054 3.880661 -1.522370
129.322968 186.701782 4.158513 -0.296877
129.322968 186.701782 4.158513 -2.393360
130.388794 169.664108 4.779401 1.509373
131.936691 468.861420 4.421338 -4.444876
153.082626 327.942261 3.862194 -1.150774
153.232941 478.130432 4.090834 -4.650564
154.247620 108.898567 3.940946 1.186780
154.247620 108.898567 3.940946 -0.005225
181.921616 415.181732 3.648231 1.546496
185.072784 341.670410 4.471180 -1.446432
198.281815 142.116013 4.381751 -1.182258
199.052734 342.556305 4.362053 -1.518302
206.950836 43.600971 3.780211 -0.284410
213.830200 75.570236 4.472292 0.114340
213.830200 75.570236 4.472292 -3.805986
218.535736 51.994473 3.889589 -0.797469
220.843750 420.709442 3.574588 0.222526
220.843750 420.709442 3.574588 -4.445093
231.601379 151.734955 3.779048 -3.328580
233.526642 481.548187 4.103166 -2.477185
236.350449 345.983246 4.447988 -1.320328
238.013641 357.103882 4.041790 -0.127174
238.013641 357.103882 4.041790 -1.226413
253.027939 16.906771 4.091454 -4.074897
261.964203 341.340576 4.749728 -0.140305
261.964203 341.340576 4.749728 -1.291867
265.302795 37.064980 4.257881 -4.225352
271.064575 9.661804 3.821001 -1.680892
282.708069 155.358780 3.943010 -1.460322
307.489227 76.636574 4.145600 -0.056339
307.489227 76.636574 4.145600 -3.565042
307.965424 177.017487 3.487042 0.090482
320.148590 29.838411 4.194937 -1.483385
329.036469 179.496124 3.928652 -0.221521
345.169312 475.150909 3.879372 -1.545306
364.700500 44.544064 3.620057 -0.496853
375.407104 63.941864 3.662852 -0.417926
11.672148 471.421265 4.930937 -0.935569
12.493095 13.881257 5.237892 -0.161985
12.999708 229.502045 5.495502 1.163531
15.020971 158.923615 5.638131 1.001154
15.020971 158.923615 5.638131 -0.247090
15.020971 158.923615 5.638131 -1.508227
47.537823 430.176361 4.635326 0.118964
47.457199 471.269714 4.905715 0.239400
51.697674 67.768211 5.603369 1.322829
58.104504 487.311035 4.433411 -1.331446
69.441338 123.708244 4.554827 -3.485908
72.907013 137.607361 4.956401 -4.497984
75.064323 223.532181 5.058839 -1.462629
79.037148 46.697433 4.737501 1.275990
79.037148 46.697433 4.737501 -1.770168
79.997772 114.479393 5.345452 -3.334145
79.617508 422.027161 4.470254 0.064857
85.454224 311.517853 5.227465 -1.373080
94.168282 193.638901 4.606296 -4.173056
103.309929 230.591232 5.111615 0.383790
139.626221 156.047241 5.328561 1.446038
139.626221 156.047241 5.328561 -1.356577
149.899963 352.119263 5.551850 -1.646508
149.899963 352.119263 5.551850 -2.833781
165.760834 97.795929 5.488719 0.242642
166.631134 381.292633 5.317671 -1.404176
177.284485 206.902985 4.517661 1.343683
177.284485 206.902985 4.517661 0.559808
184.971695 180.233444 5.820439 0.375807
187.442932 73.197197 4.772040 -0.029063
189.888657 121.336060 4.936308 -4.628789
190.859390 479.281525 5.168652 -1.382156
196.293228 190.938766 4.797203 0.373691
201.116135 169.472916 4.776376 0.386632
211.973663 62.480465 4.658063 -0.886085
218.039902 503.346558 4.760106 0.722990
220.502823 227.146072 5.650113 1.335080
220.502823 227.146072 5.650113 0.532589
223.645004 130.817688 5.551250 1.347746
248.709122 28.914780 5.441025 -4.095691
257.943848 113.690979 5.874809 -4.563069
261.328552 146.652252 5.179428 -1.224033
267.027496 455.527710 4.534631 -0.074475
275.541107 175.682587 5.756160 -3.184404
286.602814 476.847809 4.611022 -1.601546
292.874878 499.607635 5.226964 1.462935
297.484711 444.088989 5.345554 -3.255870
297.484711 444.088989 5.345554 -4.364232
299.412811 39.618164 5.201457 -3.685633
307.273621 15.927577 5.789414 1.109327
307.273621 15.927577 5.789414 -1.646691
317.651154 186.671143 4.674970 -0.058788
320.120300 407.152435 5.293545 0.948623
320.120300 407.152435 5.293545 -0.792125
342.569916 81.318710 4.759222 1.388491
342.569916 81.318710 4.759222 -0.155051
342.715424 275.432220 5.567002 0.878139
342.715424 275.432220 5.567002 -1.282848
345.472382 463.119049 4.631178 -4.616248
2.510742 457.681580 6.390326 -1.217368
13.512958 430.821899 5.847953 -4.580064
12.858018 471.768280 5.211166 -0.906994
19.373241 90.813446 6.435378 1.021183
19.373241 90.813446 6.435378 -2.129932
31.846945 190.186127 6.920280 -0.252212
31.846945 190.186127 6.920280 -1.376317
44.215244 208.610748 5.811635 -0.876133
49.173927 177.143143 6.084396 -1.194837
49.117416 228.227158 6.458740 1.465512
64.104767 438.454010 7.412395 -0.608681
85.554779 226.022766 7.114876 -1.366565
99.621742 312.080505 6.482610 -1.096321
107.235596 148.195129 6.466918 0.699769
113.779266 8.270058 6.476548 0.574582
171.548874 79.640862 5.962534 0.889565
170.907608 223.926376 6.938189 1.565475
176.409683 138.200241 6.183905 -1.865595
185.243668 178.975967 6.128704 0.403473
191.927841 155.521164 7.057584 0.277196
194.671463 203.200058 6.042186 0.343085
195.554901 495.625580 6.229133 -1.409005
201.974655 221.512024 6.341828 0.558540
242.860168 147.832916 5.868217 -1.722717
245.797562 129.722549 6.378550 -1.706254
261.623322 20.002398 6.492656 -4.126415
260.199341 114.006828 6.257237 -4.614411
268.952515 394.305359 6.606009 0.158525
270.422119 372.914429 6.647025 -0.215116
318.578033 336.363007 6.365078 -1.785548
318.578033 336.363007 6.365078 -4.668867
327.348694 55.472801 6.913826 -0.328879
327.348694 55.472801 6.913826 -3.588722
330.232666 14.168493 7.123489 1.204798
330.232666 14.168493 7.123489 -1.589371
336.271912 500.354492 5.684494 -1.408350
337.888885 240.188217 5.688996 1.484364
340.734863 167.721680 6.523510 -3.370313
359.722260 277.480133 6.946447 -2.621298
17.175175 393.256714 7.906116 -2.066394
66.232887 198.656097 9.251540 -0.539127
66.909325 435.465515 10.327907 -0.133942
142.289001 455.801361 8.188337 -1.138508
156.793427 439.520447 7.387120 -4.536977
170.864044 225.424438 7.530650 1.559812
171.155991 205.008469 8.854745 1.531245
238.041718 448.523651 7.630111 -2.181524
269.206329 374.418915 7.275306 -0.322383
286.245667 456.486664 8.498916 -3.900606
301.641541 440.467194 7.916767 -3.274043
301.641541 440.467194 7.916767 -4.303019
365.447021 7.092045 8.703490 1.141156
365.447021 7.092045 8.703490 -3.152779
62.490086 106.889282 9.081077 -3.330606
97.403458 49.392952 10.700160 -1.838336
125.116356 477.481628 9.980742 -1.155070
141.152725 177.447998 10.254715 -3.039950
288.157349 221.702911 9.930140 1.543299
309.936554 381.274567 10.205880 -1.691229
309.936554 381.274567 10.205880 -2.818441
365.125488 155.486710 9.615055 -1.748486
44.004395 30.073111 12.766429 1.297544
110.486588 137.693420 12.777945 1.461563
137.938110 28.181469 12.269297 -1.521365
160.042999 139.096909 11.246649 1.247306
183.577576 164.790710 12.668595 0.328284
200.628586 452.009796 13.157334 -4.682630
212.193634 183.995407 13.527104 0.403479
248.346115 479.440674 14.138299 -2.192088
291.147491 132.198090 12.524374 -1.435559
31.988575 403.065857 15.559815 -0.168156
296.636780 181.751633 17.924168 1.476117
345.574982 474.250977 14.613848 -4.624691
334.440125 126.176918 21.737759 1.487867
334.440125 126.176918 21.737759 -1.558577
23.825567 259.549835 23.202898 0.664824
23.825567 259.549835 23.202898 -0.719305
92.865173 409.778717 28.348606 -0.575527
112.559364 161.738708 25.986269 -4.692215
119.749352 89.063713 25.305853 1.472848
332.435547 410.636047 28.022152 -1.657725
188.290237 387.493256 30.210709 -1.294207
334.777283 409.926025 27.980040 -1.750383
