5.114375 485.851440 1.740864 -2.870254
7.856931 490.578064 1.776424 -2.660776
13.752090 132.960724 2.146717 -1.191170
16.452551 114.088127 1.958376 1.459950
22.122643 90.051842 2.038008 0.114900
24.067059 212.133011 2.214436 -4.124390
25.549408 306.582214 1.954383 -1.177358
30.111538 147.483704 1.940754 0.037049
30.111538 147.483704 1.940754 -3.607218
31.262733 117.073189 1.979530 -4.379201
32.420647 259.104156 2.080865 1.187526
38.645374 159.069626 2.314773 0.081043
38.645374 159.069626 2.314773 -3.039434
40.743153 259.207550 2.200970 1.315677
42.226315 307.455109 1.976568 -1.095162
41.941174 446.062347 1.847086 -1.721113
42.850166 79.125443 2.215649 -0.056409
43.605759 87.098007 2.172701 0.071953
45.553341 4.412582 2.084799 -0.566392
45.553341 4.412582 2.084799 -4.666415
45.506912 212.264572 2.100275 0.795411
50.197357 476.582428 2.036232 -1.209540
51.249561 482.500549 2.367347 -0.716709
51.190170 398.806213 1.798588 0.143916
54.645592 26.297596 1.873468 -3.644451
54.537094 245.830643 1.853703 0.039487
55.140106 472.599640 2.028763 -1.199371
55.140106 472.599640 2.028763 -2.887064
55.933964 142.820770 2.190214 -1.639853
57.147495 195.290054 1.810809 1.362478
57.147495 195.290054 1.810809 -3.652080
58.611671 74.464462 1.955215 -0.024012
58.611671 74.464462 1.955215 -3.422696
59.507282 80.477539 2.067630 -3.343068
61.066902 127.859840 1.876680 -2.162698
61.175961 466.038544 2.089942 -1.495253
62.119610 314.470276 2.248924 1.005088
65.891777 87.756485 1.912427 -3.429107
70.022072 151.353485 2.246186 -1.630899
70.675133 92.112907 2.193155 1.396339
72.085442 201.262207 1.876731 -4.699499
72.220497 340.077728 1.924337 1.459527
79.122543 114.901588 2.024032 1.550773
82.223473 223.642868 2.082133 -1.454229
83.005775 467.822906 1.967522 -1.463822
89.126801 85.931053 1.912059 -4.276679
91.871223 173.737839 1.844780 0.359327
108.829834 27.704565 2.058974 -0.392110
108.918312 402.382812 2.077998 0.911839
114.992546 487.527008 2.069478 -1.480302
114.688049 197.524750 1.884159 -0.115665
116.955154 229.148285 1.944129 -1.121283
119.620918 88.410507 2.248121 1.506507
120.613739 4.894279 2.238333 1.441061
125.567924 147.487961 1.965899 -1.592384
125.325264 266.433411 2.081203 1.526682
134.340546 158.310303 1.866963 -3.375045
149.404861 8.519663 1.797888 -0.484476
151.893951 81.944435 2.061585 -0.280963
151.893951 81.944435 2.061585 -4.193898
153.097717 148.737808 1.832849 -0.276203
162.564087 247.861099 2.106667 1.410835
168.835022 24.143847 2.083725 -1.630273
172.757217 495.487396 1.807855 -1.029316
172.757217 495.487396 1.807855 -4.701478
184.933670 257.452911 2.084991 0.788710
184.933670 257.452911 2.084991 -1.173524
187.912872 504.335327 2.317728 -1.463057
189.500992 85.219269 2.058176 -4.594052
190.737244 188.034866 1.797655 -0.280251
192.436554 428.765594 2.132313 1.461975
192.436554 428.765594 2.132313 -3.187284
196.247238 17.027538 2.164127 -3.122172
198.880432 214.741959 1.906354 -4.051955
200.435547 446.099518 2.018520 1.492129
205.470520 392.412384 2.247560 -0.746114
205.975784 457.154144 1.909543 -1.415686
209.963257 493.210236 1.930616 -4.208388
210.794769 434.086304 1.877346 -0.646968
214.450500 17.248463 2.107627 -1.125761
215.488831 308.185547 1.784454 -1.335100
214.792923 356.998047 2.307055 -2.224795
217.678955 245.003418 1.878562 0.094221
219.344940 215.283737 2.351260 1.534484
219.125427 316.857666 1.971637 1.479574
219.996414 6.217053 1.832569 1.328981
220.961182 128.464981 2.153126 -0.559234
220.961182 128.464981 2.153126 -3.333497
225.672028 433.859222 1.942440 -0.485944
226.647110 107.303703 2.176244 -4.670826
227.050034 307.705475 2.173973 -1.472518
226.916443 481.645660 2.062332 -0.024275
229.920898 198.833298 2.076756 1.477775
229.920898 198.833298 2.076756 -0.109212
233.870071 457.820190 1.998073 -1.459453
242.849976 367.413696 1.960764 1.401241
242.849976 367.413696 1.960764 -2.872743
245.005066 195.016129 1.990322 -0.209989
246.932236 9.952780 2.169878 -0.487654
261.248108 149.142746 1.984677 -3.563611
261.483704 256.613403 2.236914 -1.463638
268.311737 226.352020 2.196340 -0.964164
269.766113 162.214066 1.995036 -0.209375
270.928589 114.871506 1.774867 -1.271376
271.177063 289.016266 1.974077 -1.994336
273.169800 75.677299 2.049360 1.486877
279.048615 348.219879 2.010055 -3.098433
283.332489 42.849735 1.842828 0.092972
284.621796 65.787758 2.206245 -0.109269
289.895142 52.574665 1.979755 -3.157452
290.345490 69.205856 1.944823 0.284426
293.661987 267.729401 1.938948 -4.646784
299.363556 190.140747 1.917652 -0.362257
300.229218 495.401825 2.397008 0.074344
306.946503 47.105774 2.076980 -3.844223
317.822144 416.132233 1.888845 -0.630477
321.705170 66.860497 2.007048 -3.321014
327.386719 68.203644 2.035656 1.304767
328.582397 288.019775 2.183596 -1.625542
328.582397 288.019775 2.183596 -2.797047
329.615479 213.814575 2.035591 -4.709788
329.636505 263.078308 2.242037 -4.677383
331.753662 11.848210 2.114675 -1.759230
334.877441 67.420357 2.064165 -4.612434
334.917023 157.222229 2.012302 -0.117220
334.917023 157.222229 2.012302 -3.421404
338.510498 77.975555 2.155688 1.525309
341.510925 138.968292 1.781218 -1.487563
348.284271 431.185059 2.017642 -2.304204
349.347809 29.815796 2.083107 -0.174510
349.347809 29.815796 2.083107 -2.333480
360.107239 25.029232 1.961022 -1.848373
360.714966 473.846954 2.028821 -1.776223
364.704620 291.980560 1.949998 -1.604686
364.704620 291.980560 1.949998 -2.682369
366.338104 233.817932 2.014024 -1.451998
371.326172 473.306274 2.156224 -1.683054
374.716339 263.144653 2.334752 -1.548688
16.193010 468.071167 2.381860 -2.334811
16.663059 264.965057 2.589664 1.138452
22.395060 313.152313 2.748653 -0.070014
23.264139 144.721634 2.406346 1.546632
23.264139 144.721634 2.406346 0.132331
26.344456 33.934586 2.540735 -0.107759
26.344456 33.934586 2.540735 -3.057762
27.729155 76.502449 2.768883 -0.044354
27.729155 76.502449 2.768883 -3.174988
27.938250 87.699265 2.491654 0.081932
27.938250 87.699265 2.491654 -3.330864
32.282188 489.863861 2.414153 -1.110735
37.921299 206.490189 2.328933 1.560300
42.801514 132.987976 2.508561 -1.067253
45.026768 162.528091 2.488443 0.028595
46.413773 440.213348 2.405395 0.265749
49.808849 130.671341 2.564957 -0.174054
50.168282 188.652863 2.284623 -3.253202
50.226379 260.548279 2.431579 1.047698
54.689724 5.257822 2.394043 0.248359
55.621994 506.121338 1.938738 -4.529153
61.617783 92.501740 2.382797 1.485909
72.402817 443.775024 2.813472 -3.262697
72.402817 443.775024 2.813472 -4.477409
77.046005 467.667999 2.268280 -1.700121
77.971924 91.966034 2.279343 1.565142
85.921982 91.059471 2.289226 1.261437
93.681412 204.680267 2.718753 1.119303
92.669098 253.131042 2.411053 0.880713
92.669098 253.131042 2.411053 -1.217589
95.295235 90.709946 2.317009 -4.634613
97.025047 17.475691 2.740435 -1.514195
99.224091 10.206116 2.358513 0.741084
99.703033 193.702972 2.547637 -2.875269
101.019600 334.411072 2.703649 1.500467
111.326019 84.329597 2.561076 -4.665191
120.206970 235.166000 2.478223 -0.096049
121.470268 299.069916 2.366929 -4.584443
125.005096 83.141281 2.666573 1.446266
125.005096 83.141281 2.666573 -0.247516
125.787140 336.211304 2.463578 -4.660457
130.021423 13.869916 2.450052 -1.900940
130.021423 13.869916 2.450052 -2.996319
129.650024 141.878693 2.595391 -1.721015
140.802689 160.789383 2.491191 -3.379773
146.612701 188.842438 2.419814 -3.570684
148.250992 86.860474 2.361664 -4.605260
153.978210 159.733505 2.577122 -0.099661
153.624161 507.521820 2.567712 -2.366851
156.428436 39.579082 2.724190 -0.356073
156.428436 39.579082 2.724190 -3.725339
156.016586 216.297394 2.450165 1.552246
159.311295 188.458359 2.686210 -0.236232
174.065323 216.006470 2.483561 1.536044
194.970108 441.727661 2.256228 1.451976
194.970108 441.727661 2.256228 -1.488837
195.000458 457.309967 2.593800 -1.685498
195.000458 457.309967 2.593800 -2.779149
195.861328 406.736725 2.706690 -0.251418
195.861328 406.736725 2.706690 -2.766789
198.298035 163.206589 2.515255 -0.337754
198.298035 163.206589 2.515255 -3.274727
198.947433 262.139313 2.368791 1.520132
198.912430 435.060638 2.793735 -1.453737
198.912430 435.060638 2.793735 -4.642657
199.144211 508.026367 2.566271 -2.617797
206.348328 128.146820 2.398829 -2.918666
205.352524 204.452530 2.570645 -4.576122
209.232315 281.400116 2.525923 -1.485559
215.396637 189.720261 2.476517 -3.194490
217.996429 319.560303 2.717514 1.529494
218.832306 46.947811 2.465691 -0.264702
219.696259 52.586391 2.323525 -0.037005
219.879501 89.121750 2.328984 -1.792392
221.054764 360.557037 2.862761 1.471712
224.268692 378.341095 2.686316 -0.455602
226.128052 48.951942 2.607997 -0.132553
227.808502 82.778076 2.296504 1.570298
228.200912 348.682159 2.550025 1.558741
242.648331 107.319733 2.998198 1.540465
244.159775 81.548477 2.742087 -4.551384
249.377197 182.430313 2.467971 -0.265935
249.377197 182.430313 2.467971 -3.410092
251.874863 194.727905 2.522696 -0.201998
251.874863 194.727905 2.522696 -3.509042
258.462891 69.718864 2.290474 0.053672
260.939728 256.501221 2.300598 -1.442355
266.990601 402.789703 2.801189 0.031671
266.510376 423.335968 2.584850 -0.025851
267.543671 382.857910 2.617637 0.102582
269.636261 346.135284 2.696416 0.196329
273.040192 234.996567 2.518868 -1.291959
279.478699 262.603851 2.655854 1.353162
301.939056 175.197342 2.363977 -0.186470
305.046570 255.463699 2.803519 -1.457319
311.735962 42.369347 2.260383 -0.894837
311.447693 262.521820 2.710344 -4.661257
314.851013 78.939629 2.453512 -4.644055
319.341949 261.966888 2.143099 -1.566439
319.341949 261.966888 2.143099 -4.645603
322.062531 371.226624 2.405034 0.037403
324.500946 255.921890 2.542313 -1.595684
329.980133 399.156799 2.353291 -0.313954
331.509155 139.808762 2.544226 -1.687932
333.579926 369.561310 2.578498 0.492833
343.864960 467.636292 2.506091 -1.601018
347.101562 56.713982 2.454069 0.114523
351.673492 18.874758 2.707171 -0.598205
351.673492 18.874758 2.707171 -2.915743
351.841583 377.827423 2.713515 -3.702615
366.040833 27.859928 2.294605 -0.399350
365.720428 169.449432 2.547490 -0.311135
365.720428 169.449432 2.547490 -3.141215
369.619019 125.870728 2.665195 -0.409249
369.619019 125.870728 2.665195 -3.076305
377.582336 130.410156 2.841615 -0.364829
378.890869 201.572144 2.757259 -4.422527
9.551515 473.186310 2.955683 -2.211503
10.733703 190.482895 3.468206 -3.170308
11.065618 481.625824 3.271430 -2.271055
19.529510 58.018795 2.945641 -0.095693
19.684687 64.890503 3.031829 0.058258
20.019003 189.611618 3.285732 -3.220210
22.445194 299.918427 3.008255 -0.676927
34.857689 33.870441 3.256352 -0.186345
34.857689 33.870441 3.256352 -3.000173
36.797024 87.551857 3.043210 0.230670
36.797024 87.551857 3.043210 -3.443877
43.565334 92.560562 2.890343 0.552409
44.987564 466.939606 3.216157 0.168547
54.345695 483.161682 3.414502 -1.116718
57.669323 458.212860 3.604917 0.022656
62.160126 231.813339 3.156553 -1.867764
61.651741 504.334686 3.543100 -0.005029
72.646935 265.236481 2.915889 0.984822
75.443520 342.313934 3.269135 1.514769
76.466751 484.549164 3.139081 1.419288
77.443390 147.732193 2.853996 -1.621911
89.325645 24.239614 3.254894 -1.641823
92.322067 477.681519 3.208020 -0.155418
100.327759 150.289597 3.250053 -0.342287
106.676704 198.957993 3.572326 -0.036299
116.087578 24.479219 3.208531 -1.871599
115.595802 335.758636 2.956407 -4.584889
129.154099 166.171967 3.099102 -3.275893
131.541733 500.075836 3.197020 0.931618
131.541733 500.075836 3.197020 -2.284204
134.686142 196.989197 3.318437 -3.450953
134.540649 491.058716 3.495525 -1.496229
137.819977 33.453419 3.117663 -0.284666
142.726990 44.863266 3.305706 -0.443120
152.380630 64.442390 3.447070 -0.395511
152.713699 477.405823 2.880414 -1.627632
152.713699 477.405823 2.880414 -3.158720
168.027206 78.549026 2.926501 -0.291573
167.662888 202.660583 3.024628 -4.634232
182.651260 41.081936 3.282036 -0.440454
184.829880 345.970978 3.100408 -4.632015
188.025528 271.078613 2.947103 1.317034
194.274750 389.448395 2.816676 1.452523
194.274750 389.448395 2.816676 -1.183734
197.686417 355.882233 2.978601 0.026746
199.007141 397.295349 3.186871 1.461135
204.877136 94.593735 3.810578 0.287403
204.877136 94.593735 3.810578 -4.422962
204.969833 155.909683 3.253783 -3.585470
205.053940 211.700851 2.991294 -4.032233
208.075058 304.133606 2.992475 -1.381660
209.086380 167.824814 3.386861 -3.468044
211.790176 176.157211 3.278951 -3.390925
227.107498 31.835796 3.107802 -0.269500
233.510803 76.230270 2.996245 -4.708607
239.878067 138.548431 3.063863 -0.626518
239.751831 228.003357 3.489473 -1.425935
242.711884 422.675842 3.176711 -4.703811
246.686813 296.676971 3.459215 -0.249254
248.710724 15.243945 3.128068 -0.633141
250.364182 74.767410 3.408975 -4.680743
255.126083 9.818745 3.307612 -0.562643
255.126083 9.818745 3.307612 -3.235657
257.008270 159.231949 3.153206 -3.406238
257.120209 476.243073 3.483325 -3.041789
266.652893 142.862289 3.385325 -1.752517
282.130524 201.975281 3.077139 -4.288984
287.483612 73.513092 3.085417 1.339996
300.123901 361.501099 3.342170 0.619908
304.439728 269.833191 3.219181 1.508385
309.649109 143.214127 3.345495 -1.712499
312.120850 390.215973 3.276084 0.325260
316.146271 159.211304 3.221711 -0.062169
327.413239 225.795425 3.019515 -1.704335
330.539764 386.648773 3.195802 0.470101
343.923218 423.203888 2.957180 -2.338348
348.485687 389.227814 2.875225 -3.649156
349.485779 255.549927 2.985052 -1.862009
351.534851 18.089230 2.861244 -0.721656
351.534851 18.089230 2.861244 -2.908972
359.974518 185.480331 3.332913 -3.334629
360.897461 131.540359 3.122362 -1.786993
360.897461 131.540359 3.122362 -2.932993
361.238342 152.610138 3.275012 -0.123711
361.238342 152.610138 3.275012 -3.561420
369.381836 188.702423 3.191537 -0.152044
369.381836 188.702423 3.191537 -3.457940
372.625977 137.698715 2.951208 -0.217296
373.322266 28.026484 3.535436 -0.455296
373.322266 28.026484 3.535436 -2.756204
374.333618 69.966698 3.288172 1.516772
11.879293 344.023773 4.673236 -1.338443
43.947502 297.056427 4.094925 -0.602375
44.132599 29.283741 4.140077 -4.167262
49.746258 354.237610 4.503894 -0.774900
59.158478 150.675964 4.111496 -1.415934
84.558907 173.194580 3.833385 0.131111
93.760994 182.982468 4.746149 -0.082799
100.121994 26.845526 4.157168 -1.382297
105.107079 176.862045 4.045434 -0.185072
120.574898 80.072479 4.544278 -0.211046
124.003922 455.677002 4.407449 -4.689890
124.097618 467.504761 3.819934 -1.480201
142.798615 482.189728 3.773375 -3.017653
162.944458 163.514557 3.727754 -0.035032
162.944458 163.514557 3.727754 -3.568700
165.741562 16.668369 3.779128 1.237396
165.943237 180.551208 3.583101 -0.321013
165.943237 180.551208 3.583101 -3.100549
165.990662 446.215210 4.726444 1.384396
165.990662 446.215210 4.726444 0.154432
168.068283 372.003906 4.807333 -0.106400
168.068283 372.003906 4.807333 -1.292376
182.549988 233.146179 4.393569 -1.125667
186.831009 337.673462 3.608006 -1.310366
200.212753 484.721771 4.487741 -4.307754
204.595139 96.582886 4.465709 -4.460065
204.248978 417.664886 3.511977 -0.967389
211.096985 75.391365 4.120360 1.447420
214.044754 27.309807 3.345770 0.038622
217.881760 217.295502 4.210313 1.551819
223.184662 231.622162 3.920474 -1.927013
239.080444 32.262104 4.365859 -3.295999
245.017761 311.443878 4.141033 1.332004
255.476791 407.474792 4.018315 -0.072313
255.476791 407.474792 4.018315 -2.721634
269.538666 194.681641 4.436616 -3.720769
270.704254 72.337463 4.434258 1.543643
279.561371 187.839737 4.093413 -3.523840
283.567352 434.604645 4.363731 -3.246663
294.463898 471.234741 3.890975 -1.235786
304.599640 40.539993 4.025894 -1.406718
309.143280 70.368027 3.971639 -4.464010
340.020477 18.501488 4.273202 -1.416558
348.839172 194.882309 4.025379 1.484769
352.883118 403.777313 4.334462 -2.634344
357.798828 141.391571 3.737021 -1.884909
371.204102 274.022095 4.484012 -4.624602
374.306854 69.361351 3.632246 1.528583
5.370450 147.955460 5.064681 -3.273884
27.818819 20.169899 5.628207 -4.067718
37.308121 140.767502 5.252855 -1.161535
37.965931 339.800995 5.091034 -0.330109
45.983097 454.332733 4.671526 -0.116458
51.491421 170.916992 5.772873 -3.159328
65.946419 474.031708 4.681237 -1.605751
75.803589 440.749207 5.199542 -3.294479
75.803589 440.749207 5.199542 -4.446515
79.241051 35.991085 5.253471 -3.642809
87.118889 12.863815 5.306470 0.509696
87.118889 12.863815 5.306470 -1.546187
100.517883 402.799896 5.463952 0.719022
100.517883 402.799896 5.463952 -0.690001
135.074158 405.507812 5.489509 0.033046
153.287064 175.186264 4.757946 -0.220257
164.388962 334.763916 4.908276 1.469214
164.388962 334.763916 4.908276 -1.263826
173.377533 29.462713 5.414977 -0.629899
172.310959 153.334427 5.508175 -1.467770
178.659592 82.122818 4.492995 -3.938964
187.752609 159.669357 4.948819 -0.342886
194.298203 424.527466 4.464703 -3.085026
201.608231 24.185284 5.483867 -3.256621
215.370743 337.282806 4.829889 0.114249
215.370743 337.282806 4.829889 -4.511567
250.210678 25.102369 5.005365 -3.272889
301.096558 78.768616 4.914768 -4.529375
327.196533 20.835560 4.567920 -2.078725
327.196533 20.835560 4.567920 -2.889893
333.518860 92.845406 5.311583 1.503539
335.587006 335.055054 5.531054 -1.539890
357.549866 335.703979 5.536462 -1.589549
14.282394 492.148254 7.241134 1.503000
18.290953 141.425186 5.982388 -1.663122
22.165598 123.002785 6.554288 -1.642474
36.721024 107.515747 6.406571 -4.574008
74.867249 271.381653 6.668241 0.292761
94.707031 332.398651 5.937007 1.537909
94.707031 332.398651 5.937007 -1.799350
106.121323 53.349648 6.803737 -0.281176
106.121323 53.349648 6.803737 -3.562916
111.512245 12.711275 6.758272 -1.501979
114.782539 509.993378 6.607480 -4.614235
116.568352 164.500671 6.273145 -3.348777
117.263687 273.514526 5.931513 0.236167
121.207397 188.668259 6.071287 -3.349906
138.432083 235.893341 5.508975 1.441464
153.437515 192.959259 6.862158 -4.710756
155.908005 315.509216 6.347281 -1.426603
159.938339 237.346603 5.763420 1.394917
163.399017 444.002136 6.420724 1.309267
163.399017 444.002136 6.420724 0.211262
180.861282 193.537094 6.403890 1.531009
185.781616 19.882530 6.560738 -3.253197
207.546005 140.225098 6.698417 -2.483278
271.579803 47.147205 5.763012 -0.159900
296.607178 236.006927 5.655355 1.541598
306.568573 496.288483 6.927617 0.233574
331.708832 21.826710 6.854177 -1.761834
331.708832 21.826710 6.854177 -2.772617
331.363953 275.625549 6.757726 -2.938166
339.492981 396.227631 5.733903 -0.024280
339.492981 396.227631 5.733903 -2.815043
352.804382 237.074783 6.188302 -2.251310
360.500519 38.135769 7.018224 -1.038352
360.188599 57.333652 5.889593 1.452134
15.435240 449.687256 7.970063 -2.087653
32.121399 469.192322 8.298252 -2.132560
45.477215 372.938019 7.706012 -0.297237
65.479210 453.920959 8.607736 -0.330192
65.479210 453.920959 8.607736 -4.049381
80.667252 436.468933 8.214559 -3.288375
80.667252 436.468933 8.214559 -4.449696
153.715164 315.043701 6.920454 -1.410218
160.171967 440.985413 8.310683 1.312110
160.171967 440.985413 8.310683 0.180792
161.008835 483.132416 8.015179 -1.690237
201.803635 471.497070 9.145066 -2.409562
223.267090 113.919121 7.776657 1.388244
223.267090 113.919121 7.776657 -1.097714
233.855286 443.858521 8.717403 -1.159843
3.716032 287.428406 9.905267 -0.404513
63.397163 217.556976 9.940125 1.518398
141.732025 154.499466 9.928529 -1.568046
145.348068 189.571945 10.537084 -4.629840
151.765884 37.907902 9.100123 1.072855
159.678757 378.323456 9.882353 -0.188960
159.678757 378.323456 9.882353 -1.153241
175.464844 460.063751 9.696204 0.811728
175.464844 460.063751 9.696204 -2.163012
244.787582 171.459244 9.186394 -0.190252
244.787582 171.459244 9.186394 -3.529538
283.294037 478.059784 11.815998 -1.328397
301.307404 453.416168 9.314411 -4.656547
68.140755 127.858383 12.527897 -1.357330
125.430809 466.865631 14.520502 1.515887
303.815094 22.982759 11.908355 -2.193919
29.014071 478.651031 14.149222 -0.869295
29.014071 478.651031 14.149222 -1.705888
172.680542 123.147766 17.144239 -1.579315
216.330734 471.472534 15.282592 -1.372541
267.143188 57.030659 16.724289 -4.672420
300.441223 416.499664 15.812699 -3.206100
303.927063 364.662476 17.781784 -1.704093
303.927063 364.662476 17.781784 -2.974944
71.910355 176.273712 18.395466 1.427449
155.297577 174.786072 21.237682 1.515281
295.895844 169.905029 22.557795 -4.679056
338.508514 50.075531 19.597235 -4.700140
120.250740 403.828400 29.653322 -1.284510
231.359146 400.401245 33.146832 -0.624964
367.969513 388.055878 44.538448 -1.934882
