6 138
18 5
35 423
59 54
98 5
104 12
105 297
106 11
108 45
109 14
110 16
111 17
113 26
114 58
118 36
121 84
122 38
124 42
125 40
126 41
128 43
129 46
130 47
131 48
132 50
133 51
145 5
161 13
182 505
219 278
220 166
221 167
224 170
227 286
232 176
234 180
235 179
236 181
239 36
241 183
242 185
243 186
244 192
246 196
247 197
248 194
249 203
250 201
251 202
252 204
254 207
310 276
311 277
315 279
316 280
319 282
320 369
321 285
322 287
323 288
326 190
329 286
330 293
332 193
334 294
335 295
337 296
338 297
339 298
340 299
341 301
342 302
343 303
346 304
361 26
368 373
373 505
378 365
381 284
382 370
383 371
384 372
385 428
387 374
388 375
389 380
391 383
394 304
411 73
420 75
421 427
423 377
424 378
425 430
426 431
427 432
442 445
452 445
453 480
454 447
455 448
457 449
458 449
459 467
460 452
461 453
472 499
488 507
492 508
498 514
499 512
500 513
504 523
