3.823613 454.838684 1.904148 -1.466041
5.506450 224.603180 2.251411 -1.914270
16.753855 84.937988 1.768662 1.214206
18.856201 373.254852 1.882416 -3.141073
20.336655 190.104584 2.010371 -0.194151
22.815992 140.324814 2.026982 -3.309095
25.793840 492.544891 2.101177 -2.527938
30.149305 199.169449 1.835024 -1.495437
50.128353 232.203827 1.956365 -1.153878
50.228344 507.367615 1.922965 -4.686895
51.607388 69.923019 2.122535 1.558754
52.782249 109.697906 1.886957 -1.306777
59.069740 434.882599 2.014465 -3.261701
63.773392 61.009739 2.106897 -0.133435
68.304054 154.149185 1.822092 -0.177818
69.441513 47.655460 1.956308 -3.149738
69.418922 64.305733 1.900963 0.314747
68.958054 504.802826 1.817315 0.288035
68.958054 504.802826 1.817315 -1.271222
71.273010 460.153503 1.843478 -1.337657
72.071495 172.345810 1.936339 -0.248005
72.132210 193.798431 2.071431 -4.648960
73.899719 179.573425 1.774224 -0.211445
73.931641 250.169022 1.974355 0.038326
75.337692 465.162506 2.154419 -1.402460
75.638618 186.002625 2.081008 -0.337350
76.154594 487.248840 1.896241 0.030872
80.880806 409.694672 1.950142 0.150982
86.542114 366.824371 2.097600 0.230373
90.660843 92.460724 2.195753 1.420858
92.651596 357.224335 2.197031 0.481572
96.051292 505.882050 2.240671 -1.542969
98.689674 227.583725 1.999458 -1.823264
104.432793 16.497551 2.347111 -1.743467
104.432793 16.497551 2.347111 -3.000027
106.510246 65.981827 2.043852 1.371470
106.339546 505.233521 2.232449 -1.559883
109.233627 258.676392 2.184865 -4.662237
110.278343 295.350189 2.040365 -1.083304
111.319138 154.111465 1.912447 -0.147200
111.319138 154.111465 1.912447 -3.408429
113.383949 65.835197 1.972777 -4.580227
118.156250 137.051147 1.866875 -1.426389
118.234085 323.515503 2.018667 -4.696756
121.316154 199.662811 2.052403 -4.693545
126.320503 424.368317 1.837260 -2.303512
128.863678 30.329899 2.041437 -0.128043
128.863678 30.329899 2.041437 -2.314029
133.500916 465.720001 2.257659 -1.741054
139.368607 26.145374 1.923451 -1.720646
139.526138 465.013580 1.785050 -1.854825
149.622910 253.036606 2.129634 -1.438575
152.451050 503.206970 2.049578 -1.617253
157.935638 194.644485 1.880481 0.002986
158.488968 502.775330 2.014181 -1.632211
158.821671 369.565338 2.022084 -3.243960
163.711929 83.116051 1.899061 -1.379660
166.626968 486.997345 2.296769 -3.242499
166.636032 496.864563 2.137559 -3.095186
168.973679 25.308289 2.141348 -0.147368
169.664764 93.030098 1.886877 -3.041785
170.699829 482.909973 1.653797 -3.251653
172.110718 477.165710 1.950229 -3.383011
171.824432 493.814575 2.059161 -3.187336
173.975403 97.112938 2.001934 -3.017323
173.448029 201.248215 2.149377 -2.060061
173.448029 201.248215 2.149377 -4.557624
173.839920 207.285690 1.902577 1.014764
173.839920 207.285690 1.902577 -3.048883
186.194443 263.992462 2.043200 -4.586870
188.968109 254.037140 1.969856 -1.546714
193.641296 200.375854 2.141119 1.506045
193.897186 258.707825 1.788161 -1.638279
199.343292 74.595673 1.923531 -4.657262
206.240173 311.867859 2.013121 1.428922
206.036667 480.105865 1.899619 -3.408174
210.454544 74.907120 2.031389 -4.593044
211.107468 462.411621 1.957277 -2.065781
211.107468 462.411621 1.957277 -3.953990
216.130951 310.157623 2.467209 -4.664452
217.908295 36.452984 2.329192 -0.439763
218.650528 500.316467 1.985828 -4.260846
219.696518 293.862335 2.206254 -3.298747
222.420731 212.070084 1.996203 -4.704311
226.182831 502.570221 1.898631 -1.012749
226.182831 502.570221 1.898631 -4.615881
229.743317 99.039246 2.002624 -4.681437
233.854187 170.364288 1.819636 -0.157575
240.603699 65.958328 2.085999 -3.252655
244.894073 153.028259 2.071304 -3.278145
248.352142 76.982513 2.222800 1.544658
251.741714 303.928162 1.788309 -1.751012
252.740555 92.839081 1.791180 1.217062
254.642532 31.704990 1.635845 -2.765696
256.536865 253.921906 1.825173 -1.637117
259.363007 277.186676 2.169869 -0.752373
259.363007 277.186676 2.169869 -4.002493
258.921082 368.462311 2.040414 -4.672812
260.114349 47.655903 2.025968 -1.323121
260.114349 47.655903 2.025968 -4.541212
260.898132 335.184357 1.947601 -1.586885
262.793945 153.684189 2.074908 -0.142889
262.793945 153.684189 2.074908 -4.224377
266.601288 362.833466 2.181854 1.529735
275.830444 197.505264 1.842193 -4.675865
280.263000 212.751984 1.697153 -4.683600
281.804443 490.444214 2.134879 -1.609619
281.804443 490.444214 2.134879 -3.073874
284.273468 197.475418 2.194337 -4.639261
289.511017 197.541351 2.298767 -4.684573
291.699371 484.006989 2.213438 -3.057047
291.684296 493.636261 2.004687 -2.809493
296.824860 21.107170 1.904298 -2.939433
298.122345 376.818298 2.124189 -0.005188
302.291565 350.037933 1.940723 -1.644716
302.291565 350.037933 1.940723 -4.112347
302.326691 482.757538 1.856813 -0.768153
307.665070 173.981461 1.940019 -4.682033
310.982361 189.862457 2.106848 -2.358315
310.982361 189.862457 2.106848 -4.283511
311.831177 450.011292 2.010689 -0.017476
313.259705 198.272583 1.917111 -4.662917
313.438171 392.523315 2.170755 -1.655838
316.996307 406.989716 1.996140 -4.609216
318.179321 422.713867 2.023454 -4.043682
319.610779 57.542309 1.924276 0.318939
320.992584 493.472290 1.884915 -3.033134
324.049438 180.306580 2.062296 0.506735
324.049438 180.306580 2.062296 -3.929312
324.530548 254.768341 2.331474 -1.810655
325.214294 490.095886 1.865893 -1.916400
326.654449 161.949417 2.170845 -0.280406
333.256073 486.067200 1.985406 1.084722
334.489838 353.560333 1.802406 -2.747882
338.547363 158.378952 2.286505 -0.473805
340.683105 98.815315 1.843185 -3.199980
341.415588 137.172562 2.198585 -2.205388
345.484619 209.389191 2.071101 -3.985380
345.194702 260.552551 2.215540 -2.074110
345.194702 260.552551 2.215540 -4.382950
344.977509 450.750916 2.033488 -3.053430
347.220581 314.142426 1.890873 -4.141569
355.032867 489.555603 1.921686 0.816779
355.032867 489.555603 1.921686 -2.218700
358.438934 152.954437 2.245852 -0.345932
361.915375 237.842621 1.919316 -4.414854
363.396271 372.963440 1.967521 -3.124389
363.912476 153.328888 1.975169 -0.288420
364.460663 209.687683 2.018354 1.037208
367.675446 214.124741 2.118921 1.094461
368.148407 232.296005 2.005929 -3.360485
369.032196 137.570267 2.035783 -3.283355
368.681854 489.193787 2.000112 -1.962990
372.668854 155.440216 2.158908 -3.411551
374.850677 28.216669 2.214423 -3.042327
376.434723 379.143158 1.902223 -1.836427
377.256714 209.052612 1.887957 1.515293
378.144287 303.645355 2.256097 -2.746923
1.436322 304.738525 2.622656 -1.679153
2.558091 127.777596 2.703135 -0.825947
2.558091 127.777596 2.703135 -3.334624
4.187522 74.097984 2.416312 1.514712
18.060537 381.938507 2.544101 -3.354491
20.971684 37.467220 2.646625 -3.198352
21.187946 421.727905 2.484866 1.299823
25.038002 177.271881 2.522553 -0.242997
25.038002 177.271881 2.522553 -3.403458
28.209658 221.102737 2.661633 -1.105087
28.790606 421.358795 2.733427 1.378567
36.830811 62.712036 2.309081 0.099908
38.112133 302.635345 2.573457 0.200346
38.112133 302.635345 2.573457 -1.186981
44.383274 380.074005 2.923885 0.051500
44.958210 362.833557 2.636499 0.048638
75.235588 223.318161 2.342880 -0.399724
78.436371 171.363281 2.405813 -0.159031
81.055435 251.284897 2.663074 -1.094297
89.390968 258.170105 2.529359 -1.611927
89.390968 258.170105 2.529359 -4.647724
91.547279 39.259319 2.231212 -0.830941
93.552155 75.984634 2.542472 -4.596026
97.860367 264.697540 2.558270 1.476878
107.050194 394.133362 2.533736 -0.344064
107.294731 413.170319 2.372395 -0.558095
108.253647 137.200912 2.485586 -1.632834
110.303696 364.134460 2.590188 0.446602
111.882599 258.258087 2.426852 -1.663278
111.882599 258.258087 2.426852 -4.620755
117.332054 158.670441 2.414973 -0.082914
119.059975 505.896790 2.690428 -1.652813
122.386658 472.516632 2.701892 -1.607458
123.114456 459.841125 2.495641 -1.642035
125.738258 383.279510 2.713055 -3.728597
128.545975 371.635773 2.595096 -3.801953
128.808243 95.764534 2.855418 -4.680529
131.563507 19.706161 2.582633 -0.501997
131.563507 19.706161 2.582633 -2.863597
134.912582 102.266029 2.894181 1.557166
136.873154 259.564545 2.758521 -1.475205
137.359436 380.196991 2.856534 -3.745380
140.941162 167.778214 2.533981 -0.298263
140.941162 167.778214 2.533981 -3.122606
144.836548 30.529173 2.547438 -0.370096
145.656662 125.103828 2.478335 -0.404817
148.781525 379.070984 2.703066 -3.570584
149.540024 369.058258 2.574457 -3.490439
153.181473 130.044388 2.719963 -0.344647
153.173965 199.067978 2.541101 1.524262
163.633057 67.045975 2.289304 -0.059203
163.633057 67.045975 2.289304 -2.269130
163.633057 67.045975 2.289304 -4.617470
168.486694 265.810242 2.452412 -4.620995
180.086884 69.397026 2.477479 -0.100525
183.129761 496.617950 2.342194 1.462097
191.663788 119.048637 2.649238 -1.565426
193.142578 33.882805 2.508837 -0.339115
200.464249 266.948853 2.454239 -4.562567
206.520782 35.781666 2.325331 -2.578865
209.575714 252.894424 2.203309 -1.596562
218.814911 69.675087 2.363568 -1.886734
218.814911 69.675087 2.363568 -2.970243
221.168335 269.469910 2.493331 -3.107443
222.240997 350.251556 2.449433 -0.810337
224.456482 75.154747 2.484003 -4.688409
225.073318 310.582001 2.535629 1.541064
231.230560 496.494293 2.761209 -0.410596
231.230560 496.494293 2.761209 -1.336642
237.707443 252.168579 2.556797 -1.870252
248.613693 251.773788 2.668111 -1.538958
253.222153 128.404694 2.881425 -1.295782
257.075684 259.537354 2.810943 -1.732411
257.075684 259.537354 2.810943 -4.438771
257.788544 188.866516 2.762080 -3.462087
259.067047 8.346374 2.489616 -0.339308
259.067047 8.346374 2.489616 -2.838434
265.545532 175.725693 2.642310 -4.246613
271.124084 264.184570 2.475018 -4.242619
274.469849 493.695282 2.678441 -1.853670
282.882660 8.465981 2.637547 0.063372
282.882660 8.465981 2.637547 -2.409457
286.508698 126.020836 2.321195 -1.585980
286.943848 221.916779 2.401588 -1.846605
291.043060 265.931244 2.636031 -4.544099
292.482056 131.098953 2.892809 -1.551510
292.398499 175.031845 2.541055 1.216676
292.398499 175.031845 2.541055 -0.793921
292.632507 298.665222 2.732266 -2.514687
302.481476 79.144493 2.461593 0.267872
304.218506 304.009735 2.589608 -1.753641
315.127899 386.924011 2.289099 -1.645743
316.685760 296.493561 2.365055 -2.989970
320.978912 478.261383 2.476489 -3.328657
327.325775 102.993752 2.470552 1.529048
327.905609 386.980835 2.659787 -1.619848
329.792542 228.426010 2.492972 -0.955834
333.501862 428.099701 2.931131 0.159499
340.879181 309.853729 2.377818 -2.112501
341.558319 383.847137 2.746479 -1.348618
346.872681 110.889153 2.313924 -4.149787
347.502167 197.671783 2.555655 -4.671136
355.294403 143.279663 2.618331 -0.449108
358.288422 495.631073 2.446717 -0.875897
365.058502 388.771210 2.685108 -2.893654
370.824127 461.092529 2.312078 -1.335081
372.751923 295.367371 2.726122 -3.160967
374.998077 89.429008 2.455559 -1.586943
374.683624 372.774078 2.618126 -1.811362
375.584137 214.856323 2.378818 1.558339
377.257385 362.042084 2.558329 -1.482345
376.911072 506.331787 2.635238 -1.779755
378.762054 309.924591 2.542807 -2.701336
378.762054 309.924591 2.542807 -3.400414
5.061891 265.759644 2.837207 -4.696696
6.161275 21.992857 2.965288 -0.178877
8.990839 53.981720 3.015590 -0.116466
11.094996 67.947174 3.000657 1.547557
16.025175 132.110733 3.147360 -0.618934
22.023512 73.868034 2.942393 -4.431949
29.128260 7.500956 3.214673 -0.550522
28.585928 67.626884 3.343065 -4.594469
31.774464 459.530365 3.005392 -1.438814
33.112434 153.567825 3.158464 -3.405579
34.831104 406.853088 3.685252 -0.097767
34.831104 406.853088 3.685252 -2.771082
43.486450 137.382812 3.389068 -1.697801
43.735245 414.166046 3.006461 -0.063722
58.163963 197.775681 3.030026 -4.269033
66.046684 68.760948 3.137066 1.427193
98.686127 89.552406 2.991325 1.452335
106.125992 18.128235 3.587666 -1.780190
106.125992 18.128235 3.587666 -3.026911
107.161667 395.192657 2.901765 -0.333292
107.805290 381.183563 3.196686 0.438083
131.407089 18.808250 2.665094 -0.629338
131.407089 18.808250 2.665094 -2.848081
137.377869 130.470001 2.957981 -1.739433
137.377869 130.470001 2.957981 -2.892189
137.111862 151.012634 3.185081 -0.090159
137.111862 151.012634 3.185081 -3.539167
138.558640 221.256836 3.056105 -1.332775
144.522049 186.767838 3.066967 -0.086888
144.522049 186.767838 3.066967 -3.489505
148.347153 136.949875 2.844404 -0.210100
151.697632 71.002144 3.204422 -4.710870
155.855270 141.418015 3.075423 -0.072652
158.207153 411.964081 3.116449 -2.697422
161.772461 54.450897 3.064318 1.537567
162.937988 86.168602 3.077966 1.481881
162.937988 86.168602 3.077966 0.494698
170.715424 71.979431 3.211900 1.500773
176.364502 31.539669 3.527707 -0.328693
176.364502 31.539669 3.527707 -2.733043
182.427078 46.537693 3.575276 1.396847
182.155396 503.908264 3.152529 -4.673055
182.810287 240.358566 2.943825 0.693353
187.867661 227.256775 2.961589 -0.969966
194.335770 500.366150 2.902158 1.425322
208.258453 56.236229 3.327167 1.468501
209.846725 266.534912 3.503141 -4.451447
212.430832 5.602452 2.908730 0.100139
212.430832 5.602452 2.908730 -3.285130
224.172485 32.883217 3.579802 -0.514061
224.172485 32.883217 3.579802 -2.755047
224.347260 182.956619 3.296729 -0.115834
227.340012 353.755463 3.432917 -0.425590
227.340012 353.755463 3.432917 -4.020486
232.110352 68.744560 3.002501 0.074899
232.110352 68.744560 3.002501 -3.133711
232.603943 58.429951 3.314771 -3.873489
232.612747 380.842468 3.378962 -0.021253
235.721603 9.307784 3.357173 -0.171036
235.721603 9.307784 3.357173 -2.957114
239.539688 356.558960 3.225281 -4.629725
242.757050 393.144287 3.430267 -4.660405
244.566666 430.131256 2.908086 -3.795827
247.176819 230.164856 3.220167 -1.781909
247.557465 35.204224 3.306129 -0.424378
247.557465 35.204224 3.306129 -2.692849
248.785034 495.223755 3.127736 -1.571720
251.470901 152.528061 3.448315 -3.298607
253.508240 52.750416 3.099785 1.222343
255.862015 355.742645 3.605002 -4.679324
256.026825 268.542511 3.293159 -2.223518
258.194550 19.987553 3.429413 -3.000541
266.451843 53.703281 3.382373 -4.478324
276.571472 391.759918 3.349935 1.300865
276.571472 391.759918 3.349935 -1.449271
283.065765 355.214081 3.493817 1.510924
299.700256 336.569916 3.278118 -0.077290
302.823944 224.551956 2.939778 -1.609974
323.020874 480.716644 3.074033 -3.413647
333.437012 428.312103 2.942699 0.219822
333.088226 450.377808 3.139688 -0.126723
343.044281 123.296997 3.003350 -2.887997
360.225647 458.266022 3.289531 1.261107
363.732056 237.380539 3.278002 -3.466974
364.442200 81.158409 3.419875 -2.995658
365.384094 187.452408 3.046117 -0.178232
364.721191 401.206726 3.074574 -2.562841
364.721191 401.206726 3.074574 -4.056954
369.434326 347.928772 3.102157 -1.468021
377.672943 150.761337 2.987895 -3.397393
6.067327 223.745529 3.719379 -1.635093
17.717972 58.770687 3.840682 -3.173814
18.739552 23.247969 4.347027 -3.267944
18.028111 50.018623 4.488113 -3.148082
22.255548 289.540222 4.921225 -0.367682
33.679333 406.318512 3.949434 -0.229146
36.466999 474.722443 3.664032 -2.947861
45.947529 190.373337 4.585392 -3.701703
49.409992 66.595078 4.337511 -4.673100
55.831161 183.419159 4.048120 -3.501170
63.380096 342.948425 4.113044 -2.942878
84.149208 36.829811 3.995598 -1.320018
87.968498 66.965393 3.971409 -4.413644
89.987602 223.762985 3.692686 -1.142119
107.035309 18.817276 4.205449 -1.819563
107.035309 18.817276 4.205449 -2.983328
108.117073 139.006119 3.742075 -1.537335
120.136414 17.971500 4.170237 -1.272373
128.115845 250.350677 3.755514 -1.595766
128.491104 368.202301 4.276161 -3.857106
129.966812 397.131439 4.209741 -2.662814
140.490082 17.129986 3.713726 -0.127851
152.168915 28.587713 3.820420 -0.475076
152.168915 28.587713 3.820420 -2.665743
170.485886 71.272003 3.629017 1.462803
176.374451 30.935602 3.609358 -0.398537
176.374451 30.935602 3.609358 -2.671607
182.997299 149.187332 4.424575 -3.381415
184.837112 159.711227 4.596291 -3.358373
190.409210 192.619034 3.906375 -4.562457
194.586990 151.096512 4.167081 -3.379601
197.626572 167.816132 4.067309 -3.206181
200.086563 32.140038 3.757397 -0.444336
209.399155 267.023895 3.627964 -4.340253
211.826584 193.188187 3.512362 -4.598985
212.643005 20.478256 3.913796 -0.171426
212.643005 20.478256 3.913796 -2.927515
224.111557 31.693354 3.911510 -0.618183
224.111557 31.693354 3.911510 -2.717901
225.150681 50.649460 4.388115 -4.243312
233.416977 393.239410 4.279123 0.002905
233.945969 409.582428 5.194746 0.028547
235.589798 22.931587 3.981870 -0.170053
235.589798 22.931587 3.981870 -2.944491
236.297760 339.386322 3.988345 -2.373454
244.123535 74.129265 4.239914 1.554784
244.123535 74.129265 4.239914 0.000248
245.802917 331.311401 4.289605 -2.121191
247.391373 32.199532 4.116952 -0.368739
247.391373 32.199532 4.116952 -2.666302
266.336456 53.691689 3.388350 -4.571123
271.457611 296.535675 3.920242 -2.298329
279.408478 69.877037 4.442865 0.856341
279.408478 69.877037 4.442865 0.284643
288.793335 481.433411 4.290168 -2.898676
299.213806 471.956085 4.524326 -2.998006
309.944214 269.768127 4.441751 -4.017607
332.625916 131.181213 4.252061 -1.231941
338.329468 39.511261 4.070565 0.729508
338.350861 407.357880 4.064244 1.160291
343.475311 65.651520 3.948224 -3.515594
342.541718 393.246155 4.258893 -1.211906
356.397003 299.872589 4.282967 -2.938697
375.101898 135.461807 3.739148 -3.164149
30.247925 17.129768 4.973384 -3.256112
63.463264 430.681152 5.286895 -3.282539
63.463264 430.681152 5.286895 -4.561626
110.751274 91.347000 5.352263 1.497241
111.866638 330.205597 5.439795 -1.555954
132.926056 330.137390 5.429399 -1.605351
158.502502 92.429550 4.673404 1.457040
179.132751 124.623627 5.570998 -1.792435
180.288391 91.542122 5.078092 -4.558140
202.091202 123.614777 5.399458 -1.540828
204.635254 92.794777 6.062271 -4.584771
212.264038 60.118401 5.650964 -4.483311
219.615204 229.523636 4.662847 -4.663618
252.893021 152.674545 4.534884 -3.297619
257.546967 64.617294 5.525661 1.275716
326.890015 499.842682 5.119365 0.039314
351.657043 468.278564 5.042339 1.502636
355.424713 388.060883 4.713177 -2.721261
73.612495 230.488403 5.627801 1.488316
91.938629 468.834351 6.013870 -1.234816
112.503860 20.883799 7.057152 -1.573815
112.503860 20.883799 7.057152 -2.715527
116.809898 390.381775 5.792484 -0.008546
132.703094 234.674591 6.152640 1.529435
132.703094 234.674591 6.152640 -1.331250
139.183716 38.785534 6.710643 -0.976346
138.642639 57.738716 5.724048 1.460901
152.414612 467.658905 6.410819 -1.900036
186.428345 60.481262 6.608961 -4.692586
188.010544 40.235443 6.615033 -0.793724
188.010544 40.235443 6.615033 -4.683347
192.156509 107.830681 6.636302 -1.599059
211.506195 42.355961 6.540211 -1.902930
211.506195 42.355961 6.540211 -4.450631
218.432632 480.819489 6.326916 -0.061659
234.963333 435.559448 6.096466 -0.018615
237.752701 369.805817 6.917251 0.094907
237.752701 369.805817 6.917251 -4.702429
261.863556 39.796459 7.481428 -0.129387
285.660980 71.028084 7.035140 -3.823733
300.782227 236.384125 5.954484 -2.140418
301.019165 445.548126 5.795556 -3.112819
322.683258 95.246002 6.577991 1.509675
322.683258 95.246002 6.577991 -1.474427
331.647095 468.255096 6.330251 1.151866
359.689758 79.427475 6.920888 -1.841009
359.689758 79.427475 6.920888 -2.985658
368.029602 115.314293 6.668398 -4.589205
369.933929 400.043091 6.669141 -2.708140
20.117332 289.906464 7.416460 -0.458647
24.050297 168.276443 7.734444 -3.496877
71.204788 351.134216 10.225664 -1.672407
71.204788 351.134216 10.225664 -3.005820
88.425552 491.711060 7.424437 0.191787
161.960999 150.613617 8.016955 -0.040162
161.960999 150.613617 8.016955 -3.414880
175.673340 349.396729 8.857708 -0.164220
175.673340 349.396729 8.857708 -1.423362
176.950867 424.520813 8.265967 1.395215
176.950867 424.520813 8.265967 0.158022
240.330856 278.597748 7.991439 -3.096441
261.411255 43.209393 8.050146 0.955537
261.411255 43.209393 8.050146 0.054992
284.179321 39.582325 7.690315 -0.018773
284.179321 39.582325 7.690315 -3.046749
304.941223 29.458467 7.721730 0.130444
315.856781 141.982208 9.153728 -1.379338
354.565002 98.984467 7.237205 -1.948454
354.565002 98.984467 7.237205 -4.430099
351.569733 379.474670 7.853204 -1.372051
351.569733 379.474670 7.853204 -2.701469
357.363861 436.406738 8.244990 -0.006822
180.419006 473.189911 10.987752 -1.820605
193.540283 443.679504 10.240951 -1.809036
200.014130 214.279617 10.134383 -4.652958
242.220520 485.146423 11.238586 -0.209774
322.382843 69.432457 10.250579 0.369217
323.543823 118.816368 10.975637 -1.403603
328.798065 216.630936 11.086561 -4.651127
349.769684 489.792786 10.005647 1.302638
63.191135 475.393433 11.958214 -1.363658
84.690887 18.459721 12.595043 -2.071452
162.997253 48.611950 12.450909 1.303177
205.470886 184.142059 12.517572 -4.650526
319.338898 397.225128 11.904645 -1.752102
80.682289 361.662689 17.810736 -1.701255
80.682289 361.662689 17.810736 -2.988757
79.023643 413.526672 15.906891 -3.226120
236.425613 51.595261 16.916388 1.333436
236.425613 51.595261 16.916388 -1.509707
266.914093 342.205902 15.655075 -1.676320
327.406982 359.894501 16.459929 -1.914544
339.811707 59.844948 17.974876 0.407981
29.624273 425.736023 21.889978 -1.593770
29.624273 425.736023 21.889978 -3.099304
45.438652 48.113968 19.152878 -4.619541
117.339188 48.693832 19.567835 1.553039
122.432198 311.252563 20.173578 -1.586550
159.825989 361.915283 19.089245 -1.433233
73.981972 166.372086 23.370672 -4.698227
261.792542 447.079315 26.734941 -2.802883
299.437714 166.803223 27.746164 -4.558949
121.881371 377.663910 41.002388 -1.642963
185.032257 262.566711 50.521912 -4.477591
