5.400083 28.495695 1.867807 -0.468381
5.400083 28.495695 1.867807 -2.614480
8.381568 505.960785 1.901358 1.496893
8.381568 505.960785 1.901358 -1.072482
12.136818 24.822470 2.239290 -2.729522
31.519760 122.216782 2.464388 -1.361817
31.176960 208.252350 2.340329 -4.698976
38.403015 208.009094 1.939206 -4.673219
40.542503 176.782639 2.077279 -3.845796
40.853210 333.052460 2.117839 -1.697555
42.598331 40.289886 2.086644 -1.188552
42.598331 40.289886 2.086644 -4.520738
45.364902 307.704071 2.096215 -4.623957
48.640022 65.177666 1.999632 -1.708403
55.386990 193.090210 1.951870 -4.702899
56.075836 124.982452 1.927796 -1.495372
63.351166 193.036469 2.105323 -4.622156
71.744675 505.907654 1.862409 -1.742002
71.744675 505.907654 1.862409 -4.294530
73.749008 445.432678 2.328589 -3.121971
74.966988 481.113220 2.224462 -3.091825
78.433548 161.401794 1.831683 -0.032662
78.312080 372.871307 2.231734 0.009673
79.522957 399.568451 1.985180 -3.437194
80.632050 16.348841 1.838769 -2.887700
84.488373 250.279251 2.008483 -1.730378
85.986740 479.178711 1.853512 -0.756084
87.624046 170.302383 1.853856 -4.585614
90.428627 186.126358 2.098639 -2.362844
90.428627 186.126358 2.098639 -4.357329
92.731735 194.687531 1.912153 -4.639265
93.985397 388.440765 2.109698 -1.714062
93.800537 445.361176 2.111047 -0.046183
96.393623 349.932373 1.932647 1.117474
96.790382 292.736603 1.906745 -3.270536
98.111130 402.223114 1.856552 -4.636267
99.228500 317.498047 2.046361 -2.532370
99.826805 66.647346 1.852965 0.461890
99.826805 66.647346 1.852965 -3.406742
99.524040 417.920807 1.958608 -4.099695
102.129105 54.432938 1.879464 0.314263
104.400322 487.415375 1.861755 -3.062799
106.591225 159.482971 2.118402 -0.276176
106.589928 194.983994 1.849595 -4.707186
108.573883 483.990814 1.852576 -2.023469
109.746414 172.534790 2.129601 -0.129868
114.774315 79.890320 1.977153 -1.593985
116.052124 479.298798 1.888856 0.957700
119.027321 354.259918 2.154648 -3.170339
121.178795 134.921555 2.091864 -2.176131
121.603119 96.943039 1.854432 -3.162271
124.863609 206.229034 2.101536 -4.200803
127.569176 109.036118 2.198977 -4.129111
126.964401 256.072845 2.148299 -1.809944
126.964401 256.072845 2.148299 -4.607746
128.056610 346.889313 1.947533 -1.134573
128.056610 346.889313 1.947533 -3.578364
137.620483 150.797607 2.160374 -0.323593
139.407471 261.530182 1.825062 -4.523206
140.773788 485.938934 1.728715 0.807242
140.773788 485.938934 1.728715 -0.638406
143.135376 206.462173 1.850774 1.031688
145.586594 211.109146 2.012250 1.067814
148.017685 136.530258 1.886092 -3.289642
151.252594 154.520264 1.907293 -3.400027
153.952515 46.043095 2.146077 -3.000605
154.944046 206.271255 1.861476 1.503469
157.063675 30.087393 2.096693 -3.003873
157.989914 246.113998 1.970990 -3.167292
163.998459 506.945404 1.901147 0.273405
164.876373 372.305695 2.124677 -0.112307
166.559616 80.533195 1.861728 0.325183
166.254578 465.953583 2.165915 1.550626
168.486450 333.650116 1.962452 -4.041865
169.096115 471.123047 2.141802 -4.572369
171.131897 189.846512 1.905926 -0.367083
175.854401 390.967834 1.879363 -1.536601
174.698761 443.714661 1.861534 -1.734758
177.436371 129.706497 1.960314 -0.848575
184.310394 134.929291 2.034340 -3.152792
185.335815 285.516205 1.929776 -2.892808
190.785248 96.198982 2.176294 -1.549985
193.389679 117.373428 1.967855 -4.665010
194.688156 468.938110 1.997029 1.443919
194.677521 506.759094 2.003549 -1.097972
200.237686 54.450928 2.239514 -0.448888
203.700180 467.835510 2.062295 1.299344
204.679474 91.077995 2.212386 -0.136225
204.679474 91.077995 2.212386 -1.546241
204.679474 91.077995 2.212386 -3.010398
207.023544 128.768341 2.046895 -0.346415
208.725937 478.063049 1.959300 -0.427821
211.281204 363.869354 1.972209 -1.785724
212.212601 432.142975 2.226997 1.523201
213.057388 407.667297 1.896241 -1.300962
216.144440 389.790131 1.903987 0.784041
216.144440 389.790131 1.903987 -1.655997
219.346939 253.939713 2.298312 -3.265068
219.346939 253.939713 2.298312 -4.587203
221.286453 407.085449 1.956137 -0.239551
220.770630 431.068756 2.056298 1.318608
220.770630 431.068756 2.056298 0.154407
226.338028 230.737045 1.871144 -4.645679
226.932526 427.815643 2.152268 0.036441
228.979568 509.037811 1.984714 -4.481113
231.280457 463.070038 1.912752 1.452901
232.575256 475.009186 2.259634 1.074425
238.501633 482.144073 2.160460 -0.665833
238.501633 482.144073 2.160460 -2.515852
239.823410 122.031082 2.276412 -3.341879
247.180786 492.832092 1.841555 -3.062193
254.490982 457.757324 2.077143 -3.274353
260.809998 99.084740 1.941969 -4.597603
262.482819 319.021606 2.224398 -4.700941
263.854858 31.981615 2.130062 -3.587816
263.965942 489.281555 1.912924 -4.186511
269.418488 88.091080 1.899976 -2.830082
274.062042 247.665451 2.170964 0.136928
276.148834 504.504974 2.319014 1.416647
276.148834 504.504974 2.319014 -2.177807
282.170685 318.089020 2.018785 1.332475
285.911591 487.073273 1.992393 -1.606735
287.805328 127.021179 1.886842 -4.565705
290.011108 436.002289 2.050765 -2.302033
290.011108 436.002289 2.050765 -3.840644
291.287811 19.162043 2.186963 -1.664414
291.287811 19.162043 2.186963 -4.474623
296.859619 464.970642 1.921653 -1.138520
297.757751 317.313538 1.986471 -1.585429
297.757751 317.313538 1.986471 -4.597844
304.863617 29.310141 2.016503 -4.314912
318.023376 255.016891 1.829338 1.490947
319.781952 10.549760 2.165803 -4.279183
336.246124 17.362577 1.901440 0.096224
335.784882 26.052996 1.891513 0.504931
344.784149 98.895851 1.877225 0.797059
344.784149 98.895851 1.877225 -3.464396
348.876678 221.727142 1.781840 0.729448
351.995087 457.303894 2.095537 -2.982553
364.827942 245.654480 2.072699 -0.422888
365.808838 339.379181 2.265333 -0.015340
365.678711 508.328217 2.191212 -1.817925
368.412445 60.615444 2.325343 -1.372978
370.841339 225.757065 2.074994 -3.161266
371.919678 15.305383 2.195075 0.436395
372.549469 376.450867 1.904609 0.275287
374.097656 295.890228 1.767060 -3.667937
374.472382 347.562164 2.133903 -1.909460
374.472382 347.562164 2.133903 -4.455225
374.969421 222.883591 1.821047 -0.538116
375.050995 437.636292 2.308148 -4.413397
378.802216 380.222809 1.916635 -2.964924
3.128598 250.136780 2.245057 -1.975267
4.791139 66.129791 2.321555 -4.656647
7.107082 255.918777 2.542543 -1.910990
8.106031 314.696991 2.162424 1.479101
11.649721 237.348984 2.195121 -1.009449
22.443451 376.298126 2.694145 -1.643761
29.907776 29.522078 2.531897 -0.444487
29.907776 29.522078 2.531897 -2.677135
32.363991 122.211510 2.770907 -1.267309
36.823307 184.118591 2.738755 -3.459466
38.445690 273.915771 2.318953 -0.634251
38.445690 273.915771 2.318953 -3.842391
41.231964 159.194748 2.678486 -3.420252
44.882648 171.000107 2.659787 -4.232238
46.147743 71.238197 2.491982 -1.723875
46.147743 71.238197 2.491982 -4.585248
45.866837 360.345703 2.169234 1.501481
46.554619 53.942966 2.540834 -4.284913
49.558514 154.205582 2.631950 -0.621127
49.558514 154.205582 2.631950 -3.675689
52.765553 175.463013 2.584138 -0.232151
52.765553 175.463013 2.584138 -4.107697
57.910316 492.303314 2.673779 -1.889586
68.655548 193.239258 2.282194 -4.657900
71.950951 300.004150 2.588276 -1.980817
79.070999 345.699310 2.296371 -0.102311
83.050934 393.115387 2.330585 -2.358916
84.280922 74.649956 2.606392 0.293356
95.973396 382.432465 2.414319 -1.685622
101.446007 396.593994 2.250242 -4.568992
104.209946 473.084930 2.546174 -3.407972
107.298210 313.514313 2.709614 -4.605571
108.355652 381.659546 2.610932 -1.653865
114.474731 422.387726 2.826019 0.158870
117.746620 155.202087 2.337597 -0.434395
117.677505 256.402039 2.512224 -4.380295
118.925713 311.332672 2.537205 -4.586096
121.488678 378.234619 2.707068 -1.393253
122.290054 200.309006 2.456473 -4.634602
123.475342 121.551544 2.852156 -2.802426
126.229378 194.438568 2.530248 -4.658797
134.931595 141.123276 2.464718 -0.410824
136.367081 345.853363 2.399646 -1.594984
141.144958 109.127396 2.470618 1.367569
144.534531 382.038910 2.660379 -2.902008
153.531769 212.276367 2.698591 1.519137
156.381195 304.395813 2.553896 -3.797138
156.144669 355.396881 2.607941 -1.538303
163.167587 312.488861 2.296316 -3.930150
163.959045 361.942383 2.287993 -0.275723
163.959045 361.942383 2.287993 -1.569870
168.714844 30.114620 2.739013 0.098961
169.130661 90.453156 2.756135 -1.359095
178.647324 203.006683 2.498511 0.988497
185.886871 475.198334 2.508004 1.087537
201.361389 68.979401 2.838575 0.044743
201.642868 39.235512 2.615001 -3.656743
205.327698 369.539246 2.680628 -3.211311
208.171646 51.323956 2.397587 -3.115044
208.441818 74.203270 2.277923 -3.270257
210.015717 490.242706 2.789752 -0.926623
210.015717 490.242706 2.789752 -4.005418
214.476120 396.198486 2.512287 -1.208730
218.787109 222.182526 2.211329 -2.966957
221.559509 40.010193 2.466733 -1.634693
221.559509 40.010193 2.466733 -2.984812
230.896790 41.215248 2.766517 -1.488978
236.414062 219.981506 2.463170 1.482644
238.806717 244.283234 2.583466 -3.777888
242.015488 43.312428 2.649925 -1.559214
246.415619 188.263474 2.906156 -0.196409
251.412552 96.765343 2.906626 -4.563528
253.458572 64.119766 2.369787 0.097796
253.624115 319.197479 2.504558 -4.122676
255.623352 467.445526 2.664735 -2.828520
258.484314 477.463104 3.129453 -2.669049
258.484314 477.463104 3.129453 -3.902717
261.941345 327.043365 2.757848 -1.666989
265.698181 442.116058 2.827244 -3.090173
265.584381 56.974766 2.737093 0.992044
265.584381 56.974766 2.737093 -3.682583
268.645172 310.428528 2.779410 -1.617123
271.732910 72.876602 2.738427 -2.942046
273.364044 64.671051 2.331285 -3.178260
273.437378 155.647690 2.500680 -2.745921
274.683777 42.904591 2.460070 -1.644843
280.263519 17.681787 2.373943 0.488614
282.798615 247.342453 2.497518 -4.173565
281.250214 359.683197 2.410571 -4.343361
280.685638 235.157639 2.839271 -0.010479
280.685638 235.157639 2.839271 -2.011198
280.685638 235.157639 2.839271 -4.151153
283.294037 254.129272 2.340074 1.562327
286.102173 456.117889 2.648067 -1.818123
288.857025 495.609833 2.491444 1.487712
293.617096 215.174454 2.634694 -1.367800
304.340851 239.911041 2.568312 -1.808656
305.626068 470.261078 2.394255 -1.269354
314.343323 451.592468 2.616829 -4.545999
315.588654 442.819336 2.823252 -3.520812
337.917297 73.824013 2.593631 -1.160740
340.019440 60.199612 2.495189 -1.178819
341.676270 446.302399 2.594070 1.521143
342.832581 150.881912 2.362394 -3.066376
343.763702 54.425617 2.428460 -1.230761
345.084320 456.711761 2.624929 -3.069770
351.857056 428.275665 2.489818 -2.868535
354.108276 207.219055 2.598542 -1.433416
354.794617 137.227524 2.414279 -4.408384
354.935089 416.351624 2.328583 -3.378279
354.935089 416.351624 2.328583 -4.443971
360.131622 448.079346 2.461622 1.254781
371.504303 29.133915 2.350531 -0.076912
372.297607 353.840881 2.270753 -1.448336
372.297607 353.840881 2.270753 -4.337905
372.279480 383.756287 2.499671 0.171859
378.137390 497.690796 2.915672 -2.069551
11.835240 380.445251 3.439312 -0.043621
13.358199 59.650730 3.153161 0.139827
13.358199 59.650730 3.153161 -4.591160
14.391994 49.125816 3.552296 -4.490543
14.203860 498.435150 3.246100 -0.394290
14.203860 498.435150 3.246100 -1.407837
25.230825 429.563629 3.053462 0.600417
25.230825 429.563629 3.053462 -3.977986
29.918276 26.341516 3.463023 -0.371176
29.918276 26.341516 3.463023 -2.661837
31.779665 496.026672 3.097511 -1.625573
34.562988 353.863037 3.661314 1.552819
35.184521 44.940430 3.244914 1.259626
40.981586 12.121295 3.177654 -2.982217
43.064484 391.251526 3.381748 -1.682517
48.597057 46.818932 3.382101 -4.452818
55.417660 389.428284 3.369344 1.341843
55.417660 389.428284 3.369344 -1.445114
63.179153 351.950165 3.579128 1.435191
72.442001 126.846252 2.936172 -1.475364
78.761520 333.029846 3.158768 -0.092932
97.074188 505.274200 2.979938 -0.751162
106.155235 344.269470 2.921404 1.228111
105.948372 475.021240 2.974257 -3.462318
107.737320 224.853256 3.122692 -0.947981
114.882896 444.180298 3.007636 -0.164091
123.355995 121.633949 2.828034 -2.762480
137.110977 353.851715 3.567988 -3.846946
141.259003 450.014252 3.202218 1.166038
144.809753 81.167145 3.455021 -2.941083
144.551559 394.329224 2.817946 -4.105823
168.692520 31.450800 2.862276 -0.073502
180.353134 293.545013 3.002583 -2.830740
181.109238 91.071404 3.149223 -3.207694
182.819565 169.435532 3.607273 0.077288
198.824615 374.298126 3.377443 -3.180214
202.895004 200.700912 3.130148 -3.216669
205.847687 421.797211 3.369674 -3.237519
251.572296 255.090302 2.954364 -4.399229
278.456635 222.745956 3.033900 -0.384349
278.456635 222.745956 3.033900 -4.008084
282.100739 212.214737 3.319841 -1.536542
287.872314 465.763641 3.254660 -1.032792
297.137085 252.683868 3.201922 -4.661259
303.283325 495.496002 3.830395 1.452529
325.520050 19.120764 3.025612 -1.273343
338.184753 40.505302 3.329893 -0.032855
338.184753 40.505302 3.329893 -1.626995
341.468384 203.990433 3.097227 -1.451956
353.432953 492.221039 2.806145 1.433923
353.201904 62.748520 2.696685 -1.327993
373.739655 68.490898 3.307737 -1.236366
374.256439 243.687012 3.418695 -0.215198
374.256439 243.687012 3.418695 -2.939151
377.818420 497.826447 2.974074 -2.133336
13.378026 392.277435 4.636135 -0.034418
14.653428 49.631985 3.668761 -4.454854
14.741416 337.702972 4.140816 -2.380330
14.976127 496.720795 4.112762 -0.287453
14.976127 496.720795 4.112762 -1.320379
17.902437 12.949805 4.163112 -0.111725
17.902437 12.949805 4.163112 -2.921711
18.018126 264.970520 3.849382 1.539627
25.384054 66.283791 4.329469 0.023489
25.384054 66.283791 4.329469 -4.696457
29.908539 24.846064 3.872805 -0.369053
29.908539 24.846064 3.872805 -2.577028
31.511251 146.833847 4.070157 -3.288274
35.167873 168.969528 3.997518 -3.342946
35.101479 353.607697 3.840989 1.563641
44.315964 265.650513 4.268061 -0.682519
44.315964 265.650513 4.268061 -4.575546
60.853279 361.123901 3.684228 1.472744
63.712139 352.261627 3.235378 1.365759
72.309044 479.012604 4.143764 -2.928479
92.732719 281.756042 4.094775 -2.733057
105.444572 420.510437 3.791943 0.275021
112.849533 128.651886 4.158681 -1.177298
118.544167 401.519440 4.023900 1.091799
121.044785 38.355000 4.007642 0.673767
122.776123 387.381561 4.075071 -1.247506
132.826477 459.748291 4.371702 1.424338
183.688995 170.581390 3.832056 0.081631
195.690674 461.068054 3.679552 1.257063
196.941101 413.462341 4.155043 -3.297638
198.766968 387.429688 3.671169 -1.566429
207.712494 368.836853 4.717085 -3.158416
210.856277 272.041443 3.616170 -1.047015
219.277557 201.749741 3.834980 -2.823007
223.300522 90.934402 3.781455 -3.303757
246.102875 45.020409 3.996755 -1.582606
269.563782 51.064262 4.345938 -1.663805
268.556366 115.626938 4.130667 1.452090
284.636017 348.681488 3.783768 -3.351470
290.812225 8.569979 4.049901 0.275271
298.006683 225.393768 4.088301 -0.791929
306.682709 460.441406 4.345481 -1.262313
308.959259 13.879366 4.176596 -1.439285
312.651917 429.050873 3.985914 -1.653991
324.305176 331.935272 4.515064 -0.265339
324.305176 331.935272 4.515064 -1.477209
328.582947 30.082638 3.708172 0.361781
336.271332 251.393250 4.414773 -4.693763
337.122498 427.650482 4.156479 -1.864918
339.890076 136.440765 4.249330 -3.830682
350.673737 148.245712 3.840361 -3.001789
367.018311 213.723526 3.724893 -1.427283
367.785522 320.555969 4.342389 -1.657706
373.345093 44.971622 4.051137 -1.459907
372.895599 69.163689 3.769864 -1.123584
374.846161 254.783768 4.347589 1.431391
30.073326 22.497213 4.425595 -0.378340
30.073326 22.497213 4.425595 -2.520047
39.403374 57.796284 5.745306 1.342054
51.812374 223.472519 4.506543 -4.632568
84.817032 487.800873 5.315744 -2.767576
110.445312 493.815155 5.174407 0.039812
113.327019 461.367432 5.104253 1.036353
113.327019 461.367432 5.104253 -1.649308
113.327019 461.367432 5.104253 -2.906596
134.945938 381.541199 4.769912 -2.739649
153.379196 180.155853 5.342110 -0.209000
167.421539 404.402313 5.817877 1.402684
177.156403 330.449432 4.870281 -4.596145
194.037552 398.065857 5.573537 -1.587008
209.987228 120.847809 4.657810 1.232719
220.311264 442.769501 5.359448 1.516222
225.133026 43.587284 5.352814 -1.626740
225.133026 43.587284 5.352814 -3.052307
233.868790 453.990234 5.268589 -0.349216
248.205887 66.333557 5.775040 -3.015284
258.928314 241.396423 4.897722 -2.915743
260.729950 217.403107 5.226977 -2.739919
269.837982 251.491043 5.269403 1.503035
273.309326 323.513184 4.845633 -1.628250
276.408478 39.076687 5.107784 -1.703333
278.912842 96.037956 5.816060 -4.571062
306.255005 133.732574 5.859533 -4.464369
309.632812 215.365631 5.406150 -1.681609
319.194336 156.113052 4.999222 -2.338604
326.349030 439.957214 4.927516 1.521587
326.349030 439.957214 4.927516 -1.599583
338.791595 406.177673 5.613299 -3.084234
352.747467 399.949921 5.228901 -3.180072
355.626190 251.033112 4.948216 -4.419724
359.292328 335.214569 5.734021 -1.722004
359.292328 335.214569 5.734021 -2.675626
14.574953 129.850876 6.765216 -3.244758
15.369382 436.012512 5.900249 -0.058958
17.178129 368.636505 6.971621 1.531458
21.967821 268.564880 6.409997 -2.618954
29.499454 230.872665 5.643585 -1.777469
68.145348 65.665154 6.969604 -3.774992
84.824348 45.891689 7.208563 0.304012
83.990616 230.896606 5.864290 1.528731
83.990616 230.896606 5.864290 -1.543354
104.089836 92.484291 6.629026 1.505996
104.089836 92.484291 6.629026 -1.354309
129.887878 404.523804 6.499265 0.873197
129.887878 404.523804 6.499265 -1.686462
140.476883 79.053986 6.717827 -1.702653
140.476883 79.053986 6.717827 -2.891145
147.053528 114.565155 6.497338 -4.636752
153.211395 460.198853 6.643226 1.522616
163.061478 102.547821 6.541433 -4.602552
173.614090 85.252831 6.683860 0.363639
177.519257 120.159271 6.138125 -4.098119
204.334274 107.986130 5.413476 1.246495
225.430557 248.173065 6.932920 -3.356518
225.430557 248.173065 6.932920 -4.516160
234.952347 125.599716 6.344096 -4.386350
238.703369 265.849792 6.793597 -4.501726
249.261658 32.441704 6.306038 -1.695978
249.303146 443.245972 5.921168 -0.210809
253.759949 120.404144 6.174244 -4.444885
309.588257 40.640858 6.221856 -1.349033
324.580170 234.157593 6.448758 -0.214592
336.761078 215.196136 6.054147 -1.618652
338.402863 340.772522 6.300448 -0.282895
342.955139 265.583862 5.927435 -4.519306
346.806763 498.333252 6.226490 1.446579
351.382324 231.165237 6.860144 1.029222
351.382324 231.165237 6.860144 -1.570133
353.292236 376.361389 6.157833 -3.060541
369.641754 494.165314 6.732342 1.450891
369.641754 494.165314 6.732342 -1.989651
372.803680 398.683502 6.410739 -0.155198
43.512859 35.242744 8.246802 0.949164
43.512859 35.242744 8.246802 0.096958
45.650772 312.241943 7.942960 -1.561461
67.379723 34.044601 7.732207 0.058785
67.379723 34.044601 7.732207 -3.018591
88.372528 25.450447 7.658792 0.142351
96.112717 138.455246 9.024156 -1.312384
130.793762 373.083649 7.929635 -1.390842
134.574509 97.870468 7.268908 -1.788430
137.880325 428.972168 7.987311 -0.029528
150.399994 216.740540 8.937125 1.269305
168.583572 277.260834 7.946772 -3.104036
206.777252 83.178917 8.586224 -3.215971
214.131317 418.635437 8.964337 -3.346849
262.002563 401.087494 8.215163 -3.437351
262.002563 401.087494 8.215163 -4.588534
269.523315 17.030069 8.210839 -3.120735
282.692444 92.722832 9.066017 -4.544212
286.852020 371.208618 7.281359 -3.351448
351.963928 231.606567 7.195380 -1.666337
354.391937 431.156799 8.348018 -3.017780
354.391937 431.156799 8.348018 -4.657296
376.340576 454.831390 7.841741 -1.759003
24.007658 487.972504 10.124474 -0.339691
63.833210 412.494202 9.931013 -3.125673
69.823303 372.903778 12.535131 1.337327
69.823303 372.903778 12.535131 -2.427120
105.049973 66.172173 10.551518 0.381118
104.859741 115.929634 10.788622 -1.326106
107.938339 212.599258 10.593668 -4.650920
134.731949 481.998779 10.329121 1.147660
154.829422 385.059052 11.383714 -0.608790
185.521683 372.521240 10.845306 -0.675487
183.552338 458.505768 10.446420 -1.814716
212.330505 353.945190 9.262551 -2.858245
238.170990 390.948090 10.097590 -3.263895
239.358688 475.999298 9.535840 -3.034675
272.812592 476.375336 10.770461 -1.477360
272.812592 476.375336 10.770461 -4.122045
287.218170 269.034882 9.565985 -4.648781
301.742065 246.042465 10.020243 1.544629
329.045959 414.481720 9.887255 1.507031
329.045959 414.481720 9.887255 -3.063908
334.917175 461.402618 9.604836 -1.918378
68.419601 374.300140 12.753921 1.342988
68.419601 374.300140 12.753921 -2.681449
100.259735 392.225433 11.535983 -1.749481
168.489136 42.037006 12.062910 -3.039645
173.804703 426.236694 13.943017 0.974844
173.804703 426.236694 13.943017 -0.034840
173.804703 426.236694 13.943017 -1.867034
173.804703 426.236694 13.943017 -3.354570
229.266891 125.016418 12.162272 -4.343423
234.408340 212.636780 12.654465 -2.862842
46.193539 339.728760 15.640163 -1.652004
122.850494 56.582733 18.205021 0.379207
144.782043 485.653931 14.008351 0.764855
267.011932 433.674133 17.574074 -4.465134
290.484222 236.860596 18.229828 -1.628389
290.484222 236.860596 18.229828 -4.561483
10.355585 45.868916 19.682602 1.175143
300.981995 292.907959 22.911335 -1.677004
46.320286 447.832428 25.109318 -2.801036
78.750832 162.812302 28.738659 -4.559295
286.016815 363.430786 27.038727 -1.825566
304.216309 292.287872 23.030977 -1.705935
300.986725 154.625153 30.478909 -4.345436
288.295319 70.389854 35.071236 -4.196833
151.480667 287.232635 56.691269 -2.634274
