5.304855 429.019623 2.066285 -0.042065
9.283821 92.380867 2.026117 -4.490091
10.283440 464.993439 2.017694 1.387353
11.379459 353.971191 1.876649 -0.103664
11.933180 361.133179 1.957250 -0.135007
12.682830 476.856354 2.305849 0.986300
14.415746 237.392120 1.803028 0.300206
14.415746 237.392120 1.803028 -3.810679
18.218115 114.983414 2.161411 -3.368113
30.085413 78.350571 2.152727 -0.493303
31.563692 65.394943 2.217370 0.116597
33.345276 491.767944 2.258616 -3.124364
34.805466 44.666412 2.043388 0.219129
34.913582 457.647278 2.121459 -3.298725
38.409801 506.039337 1.990781 1.295009
40.106228 93.056351 1.825011 -4.539198
39.530331 316.049225 2.177168 -3.622706
39.530331 316.049225 2.177168 -4.696377
40.457535 43.384624 2.107776 0.156819
44.713760 202.357895 1.940274 -3.005896
52.208096 104.679565 1.701443 -1.211048
60.037281 250.581741 2.195912 1.554315
62.361526 12.432580 2.342252 0.507774
62.060997 225.543793 2.048919 -1.736249
62.060997 225.543793 2.048919 -4.201615
61.920647 243.275223 1.906583 -4.210493
63.586777 238.532150 1.858587 -4.232208
67.020477 475.739105 1.704203 -4.231114
71.491005 498.720581 2.188980 1.319278
74.412750 14.407621 2.192609 -1.324153
74.412750 14.407621 2.192609 -4.446135
74.345818 236.608185 1.976602 -1.444841
75.253708 313.676849 2.086613 -1.560739
75.253708 313.676849 2.086613 -4.599703
85.423386 25.410580 2.306924 -4.303205
95.652008 354.137299 2.107471 0.646695
95.652008 354.137299 2.107471 -3.652214
100.200729 8.136335 1.849300 -4.408352
103.828392 39.205612 1.985522 -1.048626
116.992332 25.311728 1.951071 0.532928
120.683311 147.868851 2.101279 -3.088054
133.328598 409.216736 2.231039 -4.624268
134.674973 242.452103 2.109614 -0.387763
134.674973 242.452103 2.109614 -1.664079
135.813354 255.670441 1.916977 -4.582694
141.209869 241.945221 2.050376 -0.388711
146.913162 222.829514 1.988544 -3.154290
147.648727 61.695492 2.178592 -1.292772
148.958740 347.646240 2.300946 -1.457109
148.958740 347.646240 2.300946 -4.449918
151.130890 341.608215 2.034904 -1.963550
151.130890 341.608215 2.034904 -4.485449
151.571960 448.029358 1.807178 -1.142304
153.407516 6.993877 2.095083 0.442242
153.362793 18.584517 2.269189 0.328370
153.434692 428.801361 2.224747 -4.519568
158.906906 97.749214 1.955506 -0.286501
158.906906 97.749214 1.955506 -1.572869
162.935043 101.922852 1.798052 -1.578330
165.210861 420.024780 2.153294 -1.524955
166.919846 341.457825 1.878927 1.361147
173.619675 464.938904 1.818065 1.179676
179.173096 444.232605 2.197976 -1.709688
179.017242 468.532959 2.253061 -2.203627
179.949554 107.997131 2.125734 -0.782447
181.357040 98.518776 1.666480 0.815400
182.160263 449.200958 1.899647 -2.209596
188.898926 230.093628 1.771422 -1.462584
188.845367 340.179779 1.927713 -0.479704
188.845367 340.179779 1.927713 -4.652749
188.889984 346.175476 2.160076 -1.633502
188.689224 494.871796 2.329351 -0.014805
188.689224 494.871796 2.329351 -4.548229
193.516357 234.588211 2.029253 -4.666686
196.527878 139.834213 2.134745 -0.625826
196.527878 139.834213 2.134745 -2.893962
197.041397 100.141830 2.199777 1.168862
197.122131 132.632751 1.815477 0.054214
196.783630 416.709351 2.154048 -3.198934
199.001266 33.664608 2.072080 -1.952462
199.853104 354.991821 2.109768 -1.569131
200.013504 409.361115 1.845734 1.355715
200.013504 409.361115 1.845734 -2.855908
200.615326 146.772507 2.068407 -3.072250
202.726074 125.319733 1.902530 0.441154
204.180511 334.686371 2.256787 -3.087647
217.209595 241.486038 2.184956 -1.436519
217.208771 313.062195 1.884273 -0.062008
216.874466 499.838989 2.194986 -2.442283
222.206528 435.367371 1.983303 -1.493901
223.578918 130.623154 2.352883 -1.664722
223.193741 392.181213 2.113424 -3.272286
225.675812 199.723160 1.889215 -1.766873
230.029770 453.759949 1.928860 -0.500231
230.029770 453.759949 1.928860 -2.600458
232.219543 377.328583 1.940380 -1.537894
232.219543 377.328583 1.940380 -2.938887
248.074173 73.968010 1.809422 0.288801
254.880997 460.629517 1.940362 0.522267
256.856140 285.950439 1.988259 -1.149101
264.850647 421.510345 2.035723 -1.016089
266.051300 497.282410 2.161912 1.344130
279.169342 500.320923 1.908985 0.848172
279.169342 500.320923 1.908985 -2.241322
287.005005 81.829872 2.158522 1.550371
288.203308 484.712799 1.953295 -2.123312
290.240326 489.321045 1.825070 0.989323
293.632812 492.817383 2.063959 0.963538
295.053131 456.561005 2.219412 -3.687576
295.981506 385.005463 2.138292 -1.311872
301.854218 177.133942 2.072053 1.307554
306.688629 159.261627 2.251603 -1.781792
310.795227 163.142990 1.874096 -1.801760
321.352539 201.965118 2.102442 1.485844
322.604462 163.880707 2.130113 -0.099216
321.551361 228.687637 1.857355 -2.388124
322.229156 316.394745 1.970372 -0.091499
322.711029 163.420670 2.090539 -0.110501
331.610168 39.830616 1.995800 1.331042
331.690887 211.721375 2.053825 -3.141298
334.378296 9.766881 1.689105 -3.131469
343.118713 495.022064 2.020314 -0.057971
344.281281 467.343964 2.204465 -0.033204
344.507751 424.868805 1.933044 -0.035595
350.084656 201.286850 1.946954 -3.171631
349.881104 326.621918 2.112299 -3.157436
351.062073 212.978256 2.229234 -3.123159
351.341278 445.068207 2.077471 -2.916847
350.215149 453.344421 1.626364 -2.890426
356.517090 230.125854 1.830074 -2.700389
356.517090 230.125854 1.830074 -4.207259
359.777954 361.805725 2.282177 1.239441
362.269379 31.801504 1.754521 1.525713
363.281525 333.531464 1.968500 0.345195
363.281525 333.531464 1.968500 -2.216152
365.272186 254.517944 2.000648 -3.359989
365.466248 260.009491 1.826479 -3.107847
374.242065 297.090546 2.029847 -2.095617
375.008545 103.471191 1.827732 -3.313274
375.008545 103.471191 1.827732 -4.218512
375.930389 268.856354 1.898681 -0.547976
376.472229 433.309723 2.070174 -4.360238
377.180573 338.580627 1.883170 1.123258
377.180573 338.580627 1.883170 -1.809090
377.153442 350.876648 1.896885 0.989224
377.153442 350.876648 1.896885 -1.599838
378.441925 178.526642 2.045721 1.506323
378.441925 178.526642 2.045721 -1.283899
378.107391 428.312469 1.899657 -4.317191
378.704834 99.210632 1.851535 -1.091283
378.704834 99.210632 1.851535 -2.978074
378.718475 397.987549 1.860453 1.328187
378.718475 397.987549 1.860453 -2.061294
379.943329 344.345062 2.126615 1.213712
380.550201 372.347626 1.978804 -1.773925
8.686243 287.656555 2.486103 -2.990392
10.950296 31.436289 2.836262 -1.408849
12.847729 215.409897 2.403265 1.569847
30.726357 316.402466 2.570868 -4.227080
39.612213 324.225494 2.806718 -1.670285
46.436848 50.758301 2.653247 1.009824
46.436848 50.758301 2.653247 -3.667102
45.818413 307.310944 2.804513 -1.601509
48.854065 81.656227 2.451488 -2.758510
53.691654 58.529072 2.397709 -3.187837
56.230637 256.245544 2.423999 1.382234
60.139889 230.791245 2.359479 -2.020329
60.139889 230.791245 2.359479 -4.064972
66.361748 453.248749 2.608988 -1.889591
71.179962 211.221527 2.584757 -1.378249
70.850906 492.412445 2.528787 1.359067
72.265953 353.932281 2.559310 -3.728122
76.751945 217.034851 2.625194 0.917719
81.889961 235.990143 2.311958 -1.746962
86.159691 465.839081 2.515759 -1.270641
90.218819 285.266785 2.254838 -2.997121
94.647102 446.495300 2.580588 -4.704104
98.980339 148.331329 2.487980 -1.657637
100.010292 272.938751 2.413906 -1.425919
105.242760 129.657745 2.177278 1.511547
119.996895 59.084038 2.543724 -1.108823
121.139267 88.217949 2.537483 -3.115392
124.090294 53.818233 2.624147 -1.143994
131.264984 212.049011 2.433511 1.389867
131.264984 212.049011 2.433511 -1.469157
130.962097 421.383850 2.458105 -2.891361
132.256104 135.610260 2.491411 -4.419270
143.935440 420.362366 2.503434 -0.272175
145.119965 499.176910 2.517648 1.185280
152.639603 32.599178 2.196124 -0.087385
162.482544 120.828033 2.371633 -4.668028
164.291977 427.498810 2.419406 1.174317
167.469009 60.587852 2.611104 -1.812633
166.682434 346.739655 2.310631 1.327525
166.292694 434.160034 2.322224 1.164076
169.017426 45.477077 2.792358 -0.482154
188.912613 328.733307 2.374378 -0.934004
196.088226 361.204681 2.685155 -1.622879
195.818909 403.829376 2.793442 1.430608
198.164093 430.189819 2.573245 1.353901
198.164093 430.189819 2.573245 -1.961284
199.810684 460.631500 2.584406 1.201785
203.090027 134.254700 2.469785 -2.130354
207.160034 117.290749 2.556606 0.576534
208.881195 440.841644 2.384572 0.907413
222.820251 469.548859 2.878196 0.263314
222.820251 469.548859 2.878196 -2.590304
222.820251 469.548859 2.878196 -3.243678
223.832077 429.306763 2.315284 -1.424177
226.553436 217.761688 2.268756 -3.767914
229.127655 463.256104 2.406015 -3.422992
230.320511 422.809906 2.440293 -4.706536
237.053665 493.725983 2.388219 0.312162
237.906662 9.250710 2.628746 -1.461071
261.429382 78.435730 2.571742 -0.178753
260.585480 213.803909 2.276769 0.012119
279.803223 85.197289 2.738138 1.262497
281.147766 59.973888 2.537169 -4.207313
286.945770 7.311117 2.726660 -1.244087
286.456299 202.764557 3.086401 -3.276516
286.456299 202.764557 3.086401 -4.611154
294.291168 438.636810 2.622564 -0.863317
304.846741 399.743866 2.397398 1.491949
306.393921 303.210815 2.312316 -1.476573
307.054626 369.812347 2.468181 -4.634864
310.939667 482.425232 2.145197 -4.585052
317.270355 346.959564 2.497212 -1.543856
331.308716 441.965302 2.366942 -0.096515
330.912811 202.364548 2.671889 -3.246824
330.912811 202.364548 2.671889 -4.536307
344.346893 476.688049 2.462246 -0.016681
344.346893 476.688049 2.462246 -3.080120
345.217773 448.942322 2.715908 0.043423
345.217773 448.942322 2.715908 -2.922579
346.300842 404.157532 2.870223 0.010893
346.300842 404.157532 2.870223 -2.978579
350.837463 160.801804 2.535247 -3.094703
351.034882 187.218079 2.480803 -3.161151
351.878357 14.814407 2.867920 1.354067
352.760193 419.191956 2.629015 -3.198043
353.757599 375.274231 2.583343 -4.077774
359.747375 442.893066 2.850605 -1.025653
359.747375 442.893066 2.850605 -4.185548
360.954712 186.004807 2.485504 -3.279419
360.923340 405.682251 2.304080 -1.098313
366.661804 446.308594 2.906717 -1.084006
366.661804 446.308594 2.906717 -4.162596
368.997955 393.824280 2.733300 -4.245175
372.525055 187.702591 2.312863 -0.027448
373.029205 345.726013 2.564473 0.717977
375.446350 204.224182 2.442691 1.524044
375.446350 204.224182 2.442691 0.105719
375.446350 204.224182 2.442691 -1.453576
375.446350 204.224182 2.442691 -3.281132
376.687195 448.073730 2.712295 -1.349239
6.028055 234.165695 3.222187 0.450688
22.974142 183.442596 3.188677 -0.217867
30.916006 89.701752 3.159807 -4.482708
45.903103 440.737488 2.964268 -3.206816
50.352261 44.000454 3.934702 -1.544162
51.794090 66.541374 2.915492 -2.930673
55.461536 218.459076 3.152339 -0.360976
59.388348 208.059036 3.291337 -1.521348
60.570881 476.560181 2.876672 -1.317171
68.851974 462.975708 3.217287 -1.103966
74.705803 248.833801 3.130569 -4.662169
107.850876 17.562721 2.990085 -1.028388
119.134415 39.599586 3.267987 -1.473914
123.848778 355.274841 3.239287 -3.144540
133.188370 63.190269 3.016945 -1.254335
148.104630 28.502478 3.060961 0.204263
150.191498 239.983383 3.102829 -0.197856
150.191498 239.983383 3.102829 -2.951330
152.299011 70.002419 3.462277 -1.079062
157.780411 486.612457 3.136590 -2.212594
158.843002 140.335999 3.438466 -4.446670
159.945053 95.360367 3.304354 -0.124379
159.945053 95.360367 3.304354 -1.348986
168.611298 472.079926 3.064067 1.219998
170.370865 36.685669 3.066589 -3.268598
171.184906 232.884750 3.194719 -1.649870
171.184906 232.884750 3.194719 -4.419341
176.307327 65.855888 3.463669 -1.877671
178.704910 225.106110 2.994603 -1.652561
180.705704 182.097855 2.979203 -3.708289
180.790787 436.624390 3.537405 -1.975087
185.309708 18.239677 3.242290 -2.550216
195.298264 412.870697 3.661156 1.540107
198.796478 195.564407 3.395864 -2.984536
206.879364 428.504974 3.271695 -0.435936
211.573730 68.934151 3.417282 -1.069931
223.739212 315.957336 3.433533 -0.320288
223.668060 363.649841 3.158034 1.470975
223.668060 363.649841 3.158034 0.155320
226.368912 416.315216 3.299317 -3.240881
237.255035 303.633545 3.271004 -3.084609
237.117065 317.402191 3.101294 -1.617442
236.723633 366.631775 3.605311 -2.797331
236.723633 366.631775 3.605311 -4.624841
256.335205 25.602560 2.997913 0.895803
261.206055 311.909088 3.212612 -0.945376
262.372955 428.267242 3.094462 -3.901883
267.659851 370.576965 3.065776 0.023182
273.783142 9.787775 3.165798 -1.133155
298.316345 326.285522 3.128618 -3.311429
298.316345 326.285522 3.128618 -4.588653
297.833862 392.052399 3.173823 -1.369991
306.339386 88.408791 2.868659 1.298313
315.189972 174.826416 3.475859 1.410685
315.189972 174.826416 3.475859 0.064599
314.831604 327.787140 3.402144 0.148907
314.831604 327.787140 3.402144 -4.643102
342.497650 47.998096 3.063279 1.425579
344.426483 485.877869 3.281035 -0.062541
344.426483 485.877869 3.281035 -3.167143
345.977386 413.895081 2.886875 -0.060423
345.977386 413.895081 2.886875 -3.106649
347.408356 133.232712 2.988801 -4.569624
346.776581 381.153107 2.977147 0.058300
352.397278 143.445267 3.475769 -1.460254
352.929169 475.459564 3.540755 -2.991978
354.325684 449.857727 3.545585 -1.040996
354.325684 449.857727 3.545585 -2.876170
363.682312 311.352173 3.485039 -2.039592
366.578644 446.198242 2.941695 -4.115662
366.796570 401.003998 3.134785 -1.149111
366.796570 401.003998 3.134785 -4.207449
368.179810 437.880066 3.141825 -4.155824
368.823608 420.665588 3.080934 -3.385487
370.987793 378.249695 3.271254 -3.281651
382.171204 290.010895 3.111844 -1.621826
6.178833 502.702423 3.626523 -4.578278
35.287334 406.067993 4.224630 -3.436384
35.287334 406.067993 4.224630 -4.685334
47.334686 109.921692 4.088203 1.482379
49.973034 121.774261 4.856011 1.418944
49.039883 450.971344 3.791418 -1.633082
57.778763 91.818436 5.128552 -4.517991
63.056313 361.474548 4.134542 -3.599774
75.641907 221.711365 4.209177 -0.754393
88.491737 9.737275 3.898423 -1.146101
86.810234 455.973755 4.338902 -1.243011
86.973892 129.352203 4.657577 -4.410982
92.040215 424.229858 3.816978 -1.680752
101.954460 327.922577 4.744029 -0.262130
101.954460 327.922577 4.744029 -1.495789
105.877563 434.304688 4.726828 1.348203
105.877563 434.304688 4.726828 -1.637450
110.277298 27.922644 3.467610 0.410494
113.213783 247.742630 4.162247 -4.682484
117.334671 133.820984 4.294104 -4.184748
116.693855 421.320557 4.067416 -1.971136
116.453278 443.254150 4.475802 1.352249
132.693329 247.056717 4.542881 -4.496345
143.057922 210.784668 3.634120 -1.341686
151.581192 250.962326 4.121213 1.399360
157.713715 428.443359 3.719532 1.468867
157.672531 497.059998 3.744410 -4.417682
160.947449 50.704281 3.851900 -0.778245
160.297958 339.311859 4.188313 1.346291
160.297958 339.311859 4.188313 -1.984087
164.008102 242.175369 4.620931 -4.410384
190.482300 242.887222 3.897412 -4.545927
206.006592 415.326202 3.720247 0.042157
206.610916 280.737366 3.576746 -3.087866
219.447128 228.413513 4.268055 -3.121375
226.792053 415.723480 3.601651 -3.321347
237.582779 283.146606 3.992670 -0.936768
252.626297 94.306152 3.868101 1.322510
255.653000 205.597916 4.383335 1.297518
255.653000 205.597916 4.383335 0.256630
255.459717 288.915497 3.935914 -1.155827
263.792725 336.962402 4.171590 -0.401882
267.263397 454.554504 3.747858 -2.675596
276.651703 97.274895 3.569307 -4.609018
298.691498 174.009827 4.277165 1.522671
298.691498 174.009827 4.277165 -3.213914
298.804901 311.141632 4.315610 -1.629788
298.804901 311.141632 4.315610 -2.818520
314.897888 311.914886 3.976036 -0.335140
314.897888 311.914886 3.976036 -1.287757
314.779602 327.515106 3.513255 0.261688
314.779602 327.515106 3.513255 -4.673741
318.783264 54.961880 3.688564 1.292506
331.691498 94.120346 3.423490 -4.246219
346.859833 438.376587 3.888322 -0.011882
353.336029 144.242538 3.811165 -1.509025
356.664459 406.605164 3.979723 -2.937011
368.681519 354.315460 4.463961 1.256800
368.681519 354.315460 4.463961 -0.442542
13.580813 455.182312 5.273587 1.236988
13.580813 455.182312 5.273587 -0.390813
14.253949 118.040512 5.606083 -3.539963
14.253949 118.040512 5.606083 -4.352683
28.876833 335.254181 5.089451 -2.003545
28.876833 335.254181 5.089451 -3.028928
35.607841 237.957031 5.019352 -2.938182
47.206261 247.366226 5.326255 1.464919
50.693714 44.947845 4.545788 -1.597513
50.956127 320.452148 4.970096 -1.648307
56.030479 144.876877 5.344607 -1.817755
56.931904 33.451550 5.058683 -1.563217
87.207848 211.460632 5.328047 -1.662756
115.291245 336.102844 5.620844 -0.203319
118.686729 261.063385 5.713194 -4.580906
118.149323 400.007996 5.379334 -3.136922
135.955231 329.977539 5.363233 -1.680962
135.955231 329.977539 5.363233 -2.709720
190.134933 117.706314 5.014837 -0.037489
250.936569 431.974182 5.394806 -4.128761
298.433594 379.232727 4.988935 -1.161771
301.385071 338.756470 6.086686 -4.635046
303.705505 494.889221 5.503719 1.209935
313.449219 381.508789 5.406362 -1.318562
340.631836 122.432068 5.154700 -1.514275
361.446198 465.765533 5.431552 -2.815707
369.176208 120.705978 4.864625 -1.323562
12.943335 261.868164 7.042157 -4.558865
26.586857 417.065826 6.422091 -0.372749
26.586857 417.065826 6.422091 -4.427467
29.027336 442.842499 6.113602 -0.279342
30.479588 24.082319 6.433070 -1.580389
31.920406 114.224541 6.172378 -4.405862
59.447346 90.114136 6.586336 -4.511587
91.272316 37.444305 6.332807 -1.219263
92.177940 485.929413 6.858223 1.397732
92.177940 485.929413 6.858223 -1.764002
102.082687 229.950562 6.444503 -0.197824
113.885674 211.765717 5.860905 -1.557688
127.710968 227.639297 6.507858 1.000651
127.710968 227.639297 6.507858 -1.566071
131.215317 369.955322 5.913834 -3.060342
139.032059 312.461182 6.600988 -1.644841
152.270813 482.526489 6.135283 1.325386
167.994873 175.766876 6.184076 -2.939626
172.529602 111.629257 6.710949 1.485212
172.529602 111.629257 6.710949 -0.572916
182.557266 389.421661 5.947412 -3.050438
191.002014 449.745789 6.868495 -2.382083
195.183548 266.150635 7.081813 -3.284575
194.389313 318.941315 6.923823 -3.016812
193.669098 477.640289 7.055139 0.293746
217.977798 470.004150 6.786912 0.333239
255.687744 387.522552 5.996972 0.040282
366.192322 82.153000 6.386878 -1.857651
61.378262 88.370407 8.274419 -4.495867
72.848381 29.650427 7.805055 -1.358930
96.263641 333.032471 8.352538 -1.519431
133.573517 423.758118 7.828768 1.460043
153.834930 385.374298 7.897525 -3.086883
154.703461 445.250214 7.801942 -1.959009
192.008530 156.032440 8.460772 -3.101519
192.428040 316.602753 8.334909 -2.973091
197.818146 399.570740 7.996426 0.449358
230.642151 172.554413 7.339876 -3.128757
232.282684 310.460602 7.837868 -1.533646
232.282684 310.460602 7.837868 -2.886674
359.494446 355.797791 8.095090 -4.043973
19.829163 476.580536 9.636512 -3.034465
54.632999 475.058014 11.062163 -1.494487
54.632999 475.058014 11.062163 -4.311735
63.832561 264.258636 9.146962 -4.676204
108.510750 409.022888 9.820163 1.433227
116.325340 454.520599 9.383620 -1.956647
147.372574 307.794556 10.809886 -1.709244
154.429565 135.265991 10.403063 -4.543233
173.908188 53.379887 9.033417 -1.124018
194.088440 73.118118 9.679926 1.050781
194.088440 73.118118 9.679926 -1.729681
219.686035 146.396088 10.384780 -1.831333
239.698349 75.011948 9.670627 1.474364
307.459564 318.014526 10.009173 -1.496996
196.569763 375.201691 14.516194 -2.221613
298.842804 184.977234 14.193969 -4.657512
320.940674 220.709976 11.531593 -3.251882
359.993927 217.202637 14.000275 -3.384024
49.733257 432.295929 18.098824 -4.567964
67.539337 232.660202 17.797894 -1.563193
67.539337 232.660202 17.797894 -4.639571
193.197601 380.321533 18.058197 -2.179465
215.473969 109.652161 18.062099 -1.723813
268.161346 231.219467 17.394888 0.040496
219.394257 227.478577 19.882633 -3.034448
64.800072 360.594879 26.783339 -1.757020
119.211052 83.399170 26.032557 -4.508448
147.881714 24.934958 22.974342 -0.826523
165.779755 294.062378 26.489473 -2.071867
252.362305 163.139206 26.729355 -1.764609
296.564606 479.713593 23.835365 -2.894169
150.832336 294.141998 31.234665 -2.058543
176.952545 380.501312 31.570713 -2.235845
240.297409 346.255951 43.518318 -2.342148
