5.173641 371.974213 2.034248 -1.574056
5.852846 16.576864 2.170004 -0.450341
5.852846 16.576864 2.170004 -2.012041
5.882794 472.386505 1.988714 1.565044
5.882794 472.386505 1.988714 -0.151514
9.556487 377.208221 1.983665 -1.688712
9.521180 154.364944 1.822296 -3.868095
38.022339 153.126663 1.810434 0.586259
42.118793 182.848618 1.915640 1.334598
52.048721 94.644905 2.046156 1.404961
55.489052 498.322754 1.970708 0.783569
55.489052 498.322754 1.970708 -2.329760
59.508854 82.847069 1.869902 -2.230587
61.033527 76.782944 2.233884 1.537356
61.995617 286.776001 1.887529 0.654845
68.184608 323.513153 2.338235 -4.598409
76.491135 261.419128 2.039440 -0.677975
81.127289 414.801544 2.100944 -0.880277
86.304810 299.939240 1.920067 -1.408582
87.019402 477.955994 2.060796 -4.676659
93.127182 60.179440 2.022122 0.970566
93.968224 308.757416 1.986576 -0.133708
93.908363 375.299194 1.896659 -3.169234
103.941284 464.071503 2.075524 -1.738007
115.902870 4.155674 2.158844 -2.974167
118.789406 487.106506 2.151336 -0.082518
121.181801 198.143738 1.876100 -3.155757
121.022499 321.441589 2.099033 -3.176783
121.878319 209.814255 2.178003 -3.113041
124.576309 394.376434 1.814181 -2.973761
124.603989 445.795715 1.895357 -2.951205
125.503128 363.359711 1.841551 1.357327
127.830589 450.765594 1.851551 1.246169
131.058273 356.042816 2.107618 1.166805
133.796814 328.449951 1.981053 0.256231
133.796814 328.449951 1.981053 -2.209198
133.945770 446.554932 1.784407 1.052723
136.087540 254.491730 1.941693 -3.189028
138.295898 160.019302 1.733713 -1.067483
142.881638 185.395782 2.305303 -0.114019
144.562592 292.286774 2.046530 -2.101251
146.972000 103.514992 1.737933 -3.319222
146.972000 103.514992 1.737933 -4.227591
147.494873 332.810486 1.840644 1.061486
147.494873 332.810486 1.840644 -1.858395
148.640732 176.852600 1.944090 1.414859
148.640732 176.852600 1.944090 -1.177951
148.853561 424.430603 2.000665 -4.410113
150.133148 337.914764 1.973147 1.302882
150.099533 419.481232 1.730650 -4.360402
153.444031 447.701202 1.624804 -3.051334
154.089966 494.179718 1.833914 0.685401
154.563461 388.948700 2.222605 1.176421
154.563461 388.948700 2.222605 -2.016497
161.016769 311.649414 1.907192 -0.061592
161.281494 353.475220 1.880353 0.009488
163.814957 175.498581 2.026080 0.390528
167.722763 345.664703 2.141402 0.128828
167.722763 345.664703 2.141402 -2.911315
169.389709 370.297821 1.947710 -2.681092
172.430649 349.930603 2.203999 -0.214718
174.404480 191.413513 2.311635 1.225242
174.404480 191.413513 2.311635 0.252657
175.300461 378.572266 1.812867 -1.858042
175.300461 378.572266 1.812867 -4.655344
181.823868 282.269104 1.653004 -1.522020
182.062424 407.472992 2.160003 -0.143512
187.212082 273.024078 2.228209 0.350659
192.710999 206.106812 2.295555 -1.859557
193.969299 468.784760 1.979733 -1.241260
201.543686 507.725677 2.233418 -4.180444
203.930008 89.863800 1.912550 0.520176
203.930008 89.863800 1.912550 -0.405149
203.923676 429.944946 1.844797 -1.782866
213.705978 189.918900 2.242391 -3.356150
213.705978 189.918900 2.242391 -4.602406
220.079590 433.099915 2.182721 -1.194151
224.874817 49.289532 1.956744 1.352827
226.090881 257.132050 1.853224 -1.350055
233.207779 225.910614 1.933555 0.049523
233.207779 225.910614 1.933555 -0.742245
234.990021 438.684448 1.996616 -1.696846
234.990021 438.684448 1.996616 -4.670676
243.484207 438.595581 1.924147 -1.672707
243.484207 438.595581 1.924147 -4.610565
252.684860 438.253876 1.925612 -1.670272
252.684860 438.253876 1.925612 -4.664818
266.195160 169.252884 1.764248 -2.345161
266.267578 183.890900 1.907205 -3.977859
269.860107 251.596970 2.177748 -1.991206
275.232941 171.226349 1.780536 -1.495795
279.910339 431.007965 1.905492 -1.092835
279.406128 366.528015 2.085862 -0.749519
285.380127 262.989624 2.227230 1.439654
285.380127 262.989624 2.227230 0.290663
285.850983 303.947601 2.081015 -1.479123
287.050812 496.410614 1.826443 -0.181660
287.657471 203.611298 2.184504 -2.151883
296.917297 317.069244 1.959598 -1.522580
304.748016 472.934631 2.230332 -3.259213
318.765778 213.953979 2.022760 0.469457
350.987122 401.369659 2.044152 -4.557278
352.829193 447.334137 2.169069 -1.428408
356.195618 436.101471 1.997027 -1.483273
357.619263 22.005062 2.135963 -3.355087
358.583893 68.456688 1.847141 -3.261353
358.613953 77.755333 2.005696 -3.228388
358.506531 84.574860 2.142289 -3.226568
358.844757 100.478745 2.065820 -3.210110
373.760651 168.004364 1.953034 -1.833181
374.581177 402.340149 2.125633 -4.643715
378.901764 39.493801 1.882774 -4.099099
379.788635 170.028580 1.972365 -1.764842
381.864288 178.707413 2.009199 -4.473416
4.954614 158.399384 2.419744 -3.536910
6.949824 396.261108 2.716202 -0.115850
11.604599 496.894989 2.444574 0.257655
28.890671 459.281311 2.374377 0.406840
30.871464 220.267380 2.517690 0.057263
32.115944 14.097571 2.474836 0.721951
35.180679 71.640671 2.560177 -0.174599
58.446438 198.511932 2.932919 -3.268744
58.446438 198.511932 2.932919 -4.577682
70.559128 489.840759 2.392232 0.864563
77.836823 395.035980 2.430290 1.184180
88.428032 172.072479 2.511221 1.296328
88.428032 172.072479 2.511221 0.110231
102.426712 198.890533 2.620270 -3.265920
102.426712 198.890533 2.620270 -4.496508
110.055252 10.080348 2.307053 -3.116414
119.015091 407.431396 2.802900 -0.078723
119.290398 441.816040 2.628924 0.015168
119.290398 441.816040 2.628924 -2.977742
118.881577 460.169250 2.281984 -0.082634
119.215981 469.261841 2.550961 -0.053070
119.215981 469.261841 2.550961 -3.128787
122.226517 253.217560 2.571396 -2.921197
122.484184 270.852966 2.678877 -3.318611
125.751221 412.099976 2.460473 -3.233411
133.093689 398.596497 2.356164 -1.147962
133.238159 435.133728 2.796243 -1.047657
136.185577 5.968225 2.367741 -4.629980
136.242172 473.853210 2.672173 -0.173647
140.773972 386.567108 2.657192 -4.293931
140.106003 437.892487 2.772371 -4.238016
143.624268 339.684601 2.454331 0.476653
145.628036 201.636581 2.300398 1.517206
145.628036 201.636581 2.300398 0.103934
145.628036 201.636581 2.300398 -1.442958
145.628036 201.636581 2.300398 -3.294848
149.459869 438.943848 2.529183 -1.471313
155.657761 227.216599 2.293670 1.323237
155.172745 405.244446 2.848038 -0.025716
157.970673 274.960907 2.873283 0.015190
157.659760 331.893158 2.379606 -4.664831
160.137405 108.989349 2.693954 -0.463454
160.807983 487.463074 2.532412 1.331240
161.534241 138.163101 2.878428 -1.067639
162.937408 186.372849 2.339545 -0.145733
177.222275 467.413879 2.354837 -1.103293
178.067795 383.574921 3.076361 0.018165
181.640854 93.970467 2.487585 -4.367826
185.197433 381.310974 2.457421 0.005792
187.002731 134.290390 2.470858 -1.637233
190.954178 223.840942 2.628705 -0.199043
190.954178 223.840942 2.628705 -4.238550
205.969131 222.910431 2.293459 0.339223
207.012344 99.475594 2.625167 -0.537571
224.958496 478.363159 2.419309 -2.290172
225.718109 428.739990 2.340194 -1.331782
226.384094 302.607147 2.430578 -4.524897
229.864639 44.445591 2.511767 1.353556
230.577667 257.974213 2.367125 -1.470123
231.567047 422.189667 2.248755 -2.793284
233.085373 140.748505 2.482745 1.240235
233.085373 140.748505 2.482745 0.076078
236.900116 218.944138 2.465009 0.092091
241.995132 203.386032 2.646817 1.005456
241.995132 203.386032 2.646817 -3.936410
242.685654 185.884537 2.353945 0.789937
248.092667 56.622066 2.328263 1.292165
248.059097 305.773224 2.251690 -4.690935
257.769165 206.736893 2.671818 -3.116015
268.318115 376.591003 2.153137 -4.502339
280.001709 476.664124 2.818396 -0.265349
281.355804 310.055664 2.465907 -0.423872
281.355804 310.055664 2.465907 -1.197819
281.085907 437.311768 2.444833 -0.776730
283.469360 403.240112 2.377348 -1.108535
290.182678 229.894257 2.611967 -4.678597
291.936279 428.388123 2.698895 -4.117935
294.359467 380.099792 2.463428 -3.753253
296.285492 311.901642 2.281994 -1.554268
304.845551 454.357178 2.522994 -3.001145
305.789795 410.768158 2.523802 -2.970747
306.571991 186.121017 2.971410 -3.477114
306.571991 186.121017 2.971410 -4.372808
353.794464 255.809631 2.449957 0.020483
358.457550 121.491074 2.551110 0.051642
358.457550 121.491074 2.551110 -3.381297
357.841583 232.538208 2.710270 -0.601396
357.841583 232.538208 2.710270 -1.702877
357.841583 232.538208 2.710270 -3.631760
369.334839 119.974548 2.324876 -3.522784
379.004181 268.840454 2.584448 -3.182917
7.337474 301.396912 3.422126 -3.132802
7.137889 315.443542 3.275478 -1.591691
7.137889 315.443542 3.275478 -2.920649
13.868773 486.592957 2.984074 0.237687
17.500597 26.356390 3.025761 -0.154906
18.306496 396.406494 2.944904 -0.162881
32.227226 208.860687 2.809025 0.062609
35.877853 427.219513 3.170339 -3.972198
41.930447 488.734558 2.929079 -4.676804
48.752876 236.494034 2.736572 -3.090037
47.250252 279.818237 3.073200 -0.393351
50.042187 81.457970 3.129679 1.290955
52.070477 337.145569 3.254620 -0.490696
57.444912 149.233475 2.943650 -0.108280
70.601929 322.722687 3.343634 -4.671403
71.037933 388.603424 3.189921 -1.382044
80.173943 84.602272 2.903228 1.321291
87.271561 161.208206 3.443204 -0.134736
86.718391 323.510651 3.513582 0.126271
86.718391 323.510651 3.513582 -4.673350
118.958290 375.769165 3.207960 0.047308
118.996506 398.188751 2.864073 -0.047896
118.996506 398.188751 2.864073 -2.961696
120.478081 45.941746 2.829175 0.704944
119.721664 131.451187 3.095936 -4.516046
120.332207 431.397888 3.607272 -0.019745
119.538818 477.451202 3.317149 -0.082447
119.538818 477.451202 3.317149 -3.190076
124.462357 141.670334 3.474887 -1.387753
128.145325 442.128632 3.364772 -1.047867
128.145325 442.128632 3.364772 -2.929751
127.526161 467.280273 3.401254 -3.022267
134.346588 306.065857 3.322147 -2.078670
135.095825 392.197754 2.959368 -1.139274
139.968887 437.798157 2.765971 -4.189245
138.837387 393.717987 3.023664 -1.186582
138.837387 393.717987 3.023664 -4.263578
141.201859 412.765289 2.942842 -3.477650
141.172241 429.583466 3.063789 -4.234724
142.441391 371.324799 3.135232 -3.326036
153.080750 187.469162 3.382890 -0.033069
154.583878 365.659790 3.289029 -0.143048
154.566879 419.618225 3.208162 1.508260
159.619156 344.690887 2.954545 0.223249
160.265930 302.773193 3.068002 0.175959
162.519028 427.377991 2.776287 1.380538
162.519028 427.377991 2.776287 -2.094169
164.811295 402.383484 3.310694 -0.134623
165.844971 363.189728 3.057753 -2.916944
166.602158 434.424500 3.010839 -1.928412
177.204956 504.092285 3.080562 -4.569480
192.021164 311.275452 3.052042 0.057735
198.539978 1.761100 3.419337 1.069807
215.398773 504.578003 3.115891 -4.000411
221.325165 249.508133 3.912165 -3.158782
222.837036 504.492798 3.306998 -4.222224
228.172760 74.774582 3.497812 1.359573
239.651047 321.771881 2.943357 -1.245857
266.914459 410.416260 3.272349 -1.665283
268.227631 176.482254 3.339109 -2.525329
268.227631 176.482254 3.339109 -3.669277
272.325531 370.035004 3.050307 -4.642951
276.378754 42.300846 3.230672 1.547722
283.238464 294.515411 3.578513 -0.050775
299.527496 165.586761 3.484922 -0.912687
299.527496 165.586761 3.484922 -2.480807
305.713470 356.189758 3.361060 -3.245367
320.923401 493.447174 3.397188 -0.127985
320.923401 493.447174 3.397188 -3.175665
322.727509 176.216553 3.198316 -1.510354
329.310394 487.096771 3.510811 -3.077121
331.475403 7.849284 3.194185 -3.829105
331.537628 40.080879 3.358521 -3.780665
334.501892 164.619751 3.425689 -0.777091
334.501892 164.619751 3.425689 -2.527822
342.354370 401.386749 3.172636 0.086983
355.890808 502.911133 3.163439 -1.009240
377.806610 318.743927 3.205268 -3.162574
7.516534 366.468170 3.947109 1.528541
7.516534 366.468170 3.947109 -1.675972
7.516534 366.468170 3.947109 -2.666697
7.226758 380.261536 4.017992 -1.570119
25.774900 87.221413 3.969003 1.389633
70.391602 306.848694 3.964332 -1.622990
70.391602 306.848694 3.964332 -2.868287
83.533989 203.167847 4.448620 1.235637
83.533989 203.167847 4.448620 0.273109
86.830849 308.922791 4.048568 -0.264824
86.746666 323.210602 3.563958 0.219038
86.746666 323.210602 3.563958 -4.710255
104.815353 91.909241 4.052697 -4.223132
110.995941 49.707325 4.177933 0.852337
120.293274 431.393036 3.597776 -0.040610
125.332130 142.494110 3.774369 -1.427090
129.498444 399.832703 3.859295 -2.938796
140.883011 120.590065 4.346443 -1.212742
140.031784 348.207611 4.234397 -0.443352
143.215591 359.153351 3.702462 1.297146
158.601746 321.541199 4.402248 -0.329080
157.811310 429.527985 3.830531 1.383044
157.811310 429.527985 3.830531 -1.839632
173.577301 134.581207 4.327886 -1.133589
174.891479 411.247925 4.545380 0.007097
185.213486 425.882019 4.846644 -1.438634
186.220261 502.096130 4.082307 -4.455393
284.827271 451.508636 3.537020 0.083954
286.683746 264.551666 3.521863 1.375791
286.683746 264.551666 3.521863 0.365526
290.306946 373.252502 3.833838 -3.116947
291.605835 203.682755 4.022113 -3.050988
292.878418 463.082550 3.925438 -4.594983
301.992004 87.822464 3.765553 1.136891
303.282013 452.777802 3.608859 -2.969074
304.009735 312.046448 4.030737 -3.008103
304.666199 356.484985 3.949282 -3.288328
312.030670 484.443573 4.053792 -3.113683
316.440277 213.431625 3.789744 0.069541
320.543732 177.020721 3.628994 -1.344281
321.756287 477.939240 3.627587 -3.174648
323.077271 166.562347 4.092474 -1.506380
323.077271 166.562347 4.092474 -2.227908
323.097076 414.353546 4.087172 -0.138728
323.097076 414.353546 4.087172 -2.975021
322.608307 432.354523 3.787714 -0.086482
322.608307 432.354523 3.787714 -3.007914
325.173431 189.872223 4.202381 0.232543
325.357727 204.474167 4.100421 -0.076740
325.225067 222.041611 4.035078 0.208575
325.225067 222.041611 4.035078 -3.348371
335.102203 213.020813 4.164510 0.029812
343.624756 402.831482 3.927125 0.071694
349.072205 129.023407 4.463337 -3.287461
352.433167 284.226654 3.902120 -0.175254
352.409912 294.215485 3.796607 0.118048
362.644806 289.017426 3.752824 -0.060998
375.235260 337.262878 4.090577 -2.778540
24.522738 431.407898 5.399574 -4.218262
27.592379 201.933243 5.330764 1.289380
27.592379 201.933243 5.330764 0.281732
31.255762 494.314514 4.706788 -2.738457
35.736435 333.691864 4.939291 -0.364886
55.482578 201.425735 5.150886 -3.315200
55.482578 201.425735 5.150886 -4.551907
71.349724 375.538483 5.143470 -1.170341
74.685974 76.080750 4.352257 1.296720
76.387192 294.726074 5.269306 -1.537024
75.998795 333.668335 5.492698 -4.693949
86.472778 377.218689 5.231757 -1.348417
113.285301 120.207581 5.045700 -1.436453
135.023148 457.131012 5.328966 -2.879693
151.262833 148.283310 4.883215 -1.202845
160.694046 197.662445 4.951379 0.098582
176.327286 389.095917 4.966272 0.047976
185.512009 14.655139 4.500894 1.319743
214.903442 431.947571 4.926661 -1.714918
222.943390 419.381836 5.237294 -1.653550
223.825912 90.389565 4.451497 -0.515907
266.535004 413.346191 5.075939 -1.603149
275.770477 439.754150 5.720595 -0.048187
275.770477 439.754150 5.720595 -1.281791
300.645538 296.295807 5.095336 -2.974496
331.229187 503.521545 5.321677 -0.385372
348.727844 112.185806 4.688353 -3.209021
27.449677 387.061340 6.270592 -0.098797
78.792603 492.557373 5.914454 1.058844
139.216995 82.394218 5.831147 -1.640983
150.013901 370.560791 6.481683 -0.391859
150.013901 370.560791 6.481683 -3.615258
150.928833 99.591644 7.136913 -0.475199
153.847275 23.318043 7.371005 1.405264
209.893021 277.395355 6.022707 -2.780093
225.704605 243.833313 6.313406 -1.477595
225.704605 243.833313 6.313406 -3.065655
248.485992 277.353668 6.711228 -0.882003
272.605133 276.182739 6.479652 0.098394
284.632751 342.056488 5.955523 -4.669582
308.914917 136.809235 6.958910 -0.281981
308.914917 136.809235 6.958910 -1.351695
336.576508 173.995178 7.097696 -1.269084
131.327393 349.506500 8.002645 -4.143054
150.217438 411.132599 7.424745 1.133326
278.352539 138.591263 7.713433 -1.714466
295.204041 444.563965 7.772384 -3.041445
302.094574 173.611374 8.533778 -1.095466
13.041055 66.238327 10.019920 1.327050
80.130219 314.363007 10.049856 -0.615532
80.130219 314.363007 10.049856 -1.252275
292.154510 276.638519 9.777780 0.080439
292.154510 276.638519 9.777780 -2.947663
294.401611 484.604553 9.888414 -0.014630
70.616440 181.454758 14.147431 -4.666328
92.260880 216.785919 11.461888 -3.283140
124.991272 264.007935 11.579903 -2.119550
245.129959 213.869858 14.169850 -2.990070
252.255585 161.002304 12.631710 -2.848526
272.056946 244.532562 12.464901 -2.822018
39.650219 232.731644 18.344177 -0.015927
39.650219 232.731644 18.344177 -1.940328
162.543884 379.997894 15.204160 0.050111
193.123840 262.538757 17.265806 -0.179239
208.188507 157.826950 17.288815 -1.131227
323.926941 439.723785 16.338575 -0.437622
328.408722 385.503693 14.611585 -0.549951
179.688766 464.845520 21.440287 -1.520395
246.304413 455.644073 23.358036 -1.618277
316.220184 329.324554 18.696110 -0.063301
65.549828 154.057892 26.189056 -1.517578
146.327698 318.368683 26.159969 0.057516
201.779907 230.414749 26.570185 0.096777
237.158234 305.259155 23.368849 1.236614
304.765900 180.656189 23.878059 -1.173243
139.149292 173.583359 31.542665 -1.130613
227.717270 383.766754 32.132698 -1.447643
206.942749 81.461372 41.502499 -1.027275
