9 8
21 267
27 376
65 224
79 6
82 4
83 3
84 4
85 3
86 4
87 3
89 9
94 12
95 13
96 133
97 18
98 16
99 19
100 21
101 22
103 151
110 38
122 263
123 264
128 263
129 264
162 6
172 56
175 119
176 120
180 124
182 125
183 129
184 265
187 132
188 115
189 14
190 134
191 136
192 143
194 140
195 140
196 138
197 139
198 5
199 146
200 147
201 145
202 145
203 145
215 46
264 318
265 203
266 204
267 5
269 265
270 205
271 206
272 207
273 209
274 210
275 208
276 213
277 219
279 216
280 217
292 93
312 12
316 266
319 268
320 269
321 273
322 272
323 208
324 212
325 274
326 275
327 276
328 277
329 281
330 282
331 278
332 279
333 280
335 284
336 220
338 289
339 290
340 291
343 12
344 13
356 154
360 181
363 318
364 319
365 320
366 268
367 322
380 334
381 337
382 338
383 339
384 340
387 351
388 352
389 353
393 368
394 369
395 370
400 379
401 380
407 383
411 382
