7.343387 500.189850 1.896214 1.436542
7.343387 500.189850 1.896214 -1.534713
9.184761 493.955811 2.102587 -1.491590
11.332829 315.900970 1.929136 -1.479473
15.278978 391.099426 1.806341 1.418056
15.278978 391.099426 1.806341 -2.382575
18.930380 241.947678 2.114346 -3.207177
23.353388 19.376348 2.226190 1.250605
22.940954 259.025604 1.797447 -3.234702
28.494942 411.417328 1.802075 1.553580
29.116611 241.229507 1.945810 -1.975358
29.116611 241.229507 1.945810 -2.830504
32.069191 504.125061 1.902593 -1.362928
32.821609 235.532303 2.304524 -2.892872
33.202579 397.790924 2.231647 0.722889
34.429886 482.997162 1.779111 1.351722
39.955463 379.827545 2.019086 0.569034
51.672939 485.655121 2.313534 -1.772223
61.144741 379.941803 2.135561 -1.645459
68.055840 423.207275 1.851448 -0.010736
74.028534 411.278931 1.944441 -0.464872
73.841095 423.879150 2.287494 0.084396
76.462769 487.973175 2.097339 -3.179158
88.744659 458.911377 1.773124 0.207459
91.591354 388.203064 2.036989 1.541776
91.591354 388.203064 2.036989 -1.794061
99.775818 427.919342 2.237492 1.509204
115.201408 303.809509 1.789420 -1.450768
130.844482 243.262650 1.919274 -2.954894
131.356445 328.591400 1.970385 1.472354
130.616425 391.995819 2.362300 -1.512376
131.499893 148.892517 2.176279 -1.521463
132.508575 487.846649 1.764613 -4.407370
137.978531 337.724060 2.071529 -1.400760
139.790405 149.036438 1.974458 -1.553446
141.315170 393.985443 2.001917 -1.480240
146.383789 397.713776 2.069043 -1.504374
154.650436 499.457733 1.744491 -1.639331
155.537186 323.113068 2.087753 -2.943269
156.011475 344.943787 2.027912 -3.123786
156.103714 351.957794 2.134116 -3.089265
155.887711 408.081207 1.898721 1.555621
158.092941 396.358978 2.254729 -1.784369
160.507904 313.149536 2.123750 -1.581725
161.272614 453.607147 2.023338 1.385898
162.247849 378.433441 2.084349 -3.115294
161.593674 477.330078 1.897164 -1.800863
163.080566 483.117554 1.962922 0.261856
164.565491 408.079803 1.888672 -4.651758
171.779266 309.411194 2.119901 -1.782595
172.151474 458.613617 2.273818 -4.690905
172.961761 448.478729 1.890342 -0.273344
176.420212 365.880829 2.141091 -3.278140
176.420212 365.880829 2.141091 -4.486714
180.913391 94.009483 1.942911 -4.654370
186.065216 351.734619 2.257484 -0.301878
187.666321 304.842926 2.048693 -3.036212
189.074524 245.659897 2.502660 -3.193992
193.705368 60.568901 2.177314 -3.212251
194.275772 73.898926 1.683985 -3.127294
196.728836 181.880753 2.125038 -3.267593
196.879303 206.779709 1.982207 -3.620567
203.083145 286.117035 2.170134 0.163018
203.120712 304.097015 2.083246 -0.121213
204.120178 126.064705 2.075040 -0.023235
203.999329 497.009583 1.907782 -1.653684
222.591019 447.769928 2.211887 -1.456581
222.936874 484.362366 2.019626 -1.544209
223.396530 489.798920 2.001785 -1.689416
228.826965 389.881592 2.081467 -1.125519
228.826965 389.881592 2.081467 -4.600407
229.747955 447.824951 2.379135 -1.481567
232.978470 263.697418 1.894205 -3.105768
238.147354 467.011505 2.094277 -2.183370
238.147354 467.011505 2.094277 -4.654752
245.445831 382.530060 2.131790 -1.474233
249.106155 400.760132 2.084824 -1.506407
254.298538 410.662140 1.881757 -1.523438
254.298538 410.662140 1.881757 -4.596330
255.452179 365.581787 2.212897 -1.662477
255.452179 365.581787 2.212897 -2.865495
255.716263 466.590393 2.083424 -2.404504
256.690247 477.846344 1.889427 -2.554287
259.354004 160.750717 2.620143 -1.606493
264.250702 488.397186 2.220352 -4.317230
272.393555 397.883698 2.246682 -1.583855
273.693451 340.784363 1.929720 -1.213395
273.735321 443.676178 2.230932 1.325921
277.753174 458.566681 2.539223 -1.487807
278.676270 315.244720 2.130825 -1.541330
280.732178 443.105530 1.994492 1.405838
283.261047 51.301899 2.087507 -4.115312
286.299072 486.670288 1.842731 -4.205518
289.741058 362.577148 1.826909 0.037639
291.117401 25.438747 1.841281 -4.344172
292.983002 488.283539 2.028933 -4.214394
297.876343 411.150421 2.101638 0.621559
302.488525 437.251617 2.280459 0.737631
302.488525 437.251617 2.280459 -2.357501
305.310333 416.086426 1.791697 1.002456
305.310333 416.086426 1.791697 -2.014976
307.242004 432.696686 2.083795 -2.074361
312.785248 167.873840 1.957263 0.106630
312.785248 167.873840 1.957263 -3.058242
335.321777 164.684830 1.951965 -3.043185
339.723053 460.267334 2.167179 -2.472665
350.974731 374.662476 2.326088 -1.518768
349.981232 419.468811 1.820920 1.263868
351.214691 171.705185 1.899596 -2.900318
350.728363 204.661682 2.209965 -3.386393
356.830811 411.988647 1.993099 -1.439202
358.366699 241.809601 1.663330 0.178810
361.442841 293.066437 2.221539 0.087778
363.217743 147.004333 2.079808 -0.012014
363.044281 435.248230 1.772821 1.023565
364.796234 12.170197 1.901769 -4.221017
367.033783 381.959015 2.110977 -1.533884
18.826653 406.327789 2.470918 1.121756
21.890705 208.952484 2.862572 -3.231242
24.027241 370.831970 2.204125 -0.343971
28.522181 307.239716 2.672970 -1.638485
35.917679 373.845856 2.323897 -0.411580
36.657566 498.870361 2.553320 1.474655
36.657566 498.870361 2.553320 -1.284622
38.467018 61.267181 2.879343 -3.352813
38.467018 61.267181 2.879343 -4.241394
44.323082 492.300934 2.610950 -1.824046
50.598305 214.371719 2.388886 0.025302
54.494705 491.591400 2.538629 -1.723585
54.494705 491.591400 2.538629 -4.656113
56.527512 427.518799 2.223251 -2.846295
76.397873 432.836151 2.428617 0.337857
75.882263 472.526306 2.276737 -3.075745
78.490189 306.113007 2.699111 -1.461247
82.608734 6.511991 2.668232 -4.443052
83.964386 387.818085 2.381536 -4.579634
88.101982 42.975128 2.522380 1.005129
95.154633 238.161026 2.431146 0.187680
97.046455 225.633591 2.493725 -1.276572
103.923660 219.637100 2.440421 1.485012
111.241753 225.818451 2.427096 -1.589302
112.898338 443.763855 2.477342 -0.887532
112.898338 443.763855 2.477342 -3.046877
114.334023 360.826080 2.446501 1.315674
118.048836 218.948334 2.811877 -4.698318
118.517197 384.199188 2.523064 -1.426644
122.532089 397.654358 2.484988 -1.496187
123.412331 482.505890 2.443527 -1.512578
123.499344 226.058685 2.457527 -1.508909
136.844009 415.300659 2.408935 -0.200785
139.490311 244.350922 2.650324 0.025794
145.545181 500.136963 2.357542 -1.233388
148.490967 166.067917 2.808169 -1.510564
149.561356 445.290314 2.753620 -1.435946
155.150223 158.537201 2.686493 -1.506809
154.623810 245.025116 2.492291 -3.287192
154.986298 258.442749 2.660883 -3.364421
161.525070 350.374237 2.367466 -0.159153
161.525070 350.374237 2.367466 -3.064310
162.474365 368.387207 2.355543 -0.279325
162.474365 368.387207 2.355543 -3.038469
165.179916 437.284973 2.912039 -4.643238
171.259827 186.816696 2.465826 -1.934627
174.020996 497.238220 2.668407 -1.486955
175.664276 395.456970 2.564009 -0.628079
186.987717 226.903503 2.367477 -1.727827
187.757202 275.483032 2.633537 -3.160153
196.227539 313.526001 2.785019 -1.510418
197.587402 336.481903 2.526120 -1.078471
197.587402 336.481903 2.526120 -3.988828
199.710983 62.946651 2.775360 0.032513
199.710983 62.946651 2.775360 -3.168624
206.446930 226.404846 2.348629 -1.393235
208.179825 159.692001 2.342164 -1.460278
209.513794 353.301270 2.416895 -0.058761
209.559662 373.476593 2.422220 -4.687067
212.029007 132.007278 2.293430 -1.523976
221.832123 17.213703 2.721180 -4.292102
236.352463 135.592270 2.815844 -1.571557
239.346375 246.488831 2.299611 -3.201768
240.913956 388.848083 2.390863 -1.116331
241.193298 321.770966 3.277970 -0.136246
241.193298 321.770966 3.277970 -1.394564
246.280823 280.828003 2.808287 1.570324
247.453201 501.407471 2.668798 -4.140159
247.456360 467.993317 2.731016 -2.312665
249.628601 311.757965 2.504558 -0.215302
249.628601 311.757965 2.504558 -1.263467
263.468964 397.824799 2.131233 -1.790412
279.551697 506.236938 2.643261 -4.000748
280.839020 403.590759 2.648647 -1.438945
291.804657 399.116638 2.718430 -0.635152
291.804657 399.116638 2.718430 -1.315041
301.688934 42.726147 2.352287 -4.275644
310.543610 438.098297 2.539215 0.948277
311.660858 411.075806 2.770103 -3.035426
313.092896 383.454498 2.517826 -3.188353
316.056702 432.111664 2.586658 -1.917206
316.979553 258.422058 2.830051 -3.313196
319.888428 387.943756 2.366264 -3.071061
323.424408 135.075134 2.573965 -0.114954
333.732880 436.496643 2.294065 -2.654296
357.936005 193.494827 2.467248 -0.000216
363.245270 470.629425 2.739645 0.610573
365.553711 354.484039 2.754570 1.416300
365.720520 500.991882 2.363206 1.140538
377.667145 396.859344 2.368223 1.568866
12.146889 247.207306 3.131691 0.096667
15.314571 9.530536 3.003136 1.424701
32.208321 163.880081 3.040697 -1.640652
32.208321 163.880081 3.040697 -4.644821
51.334755 256.198517 3.335223 0.072842
51.539005 389.225250 3.466253 -2.125623
81.963669 457.452484 3.009221 -0.030827
97.586166 507.173401 3.264218 1.159177
104.428886 32.949299 2.943831 1.179594
105.247940 435.749023 3.138603 -2.483589
106.094749 218.658081 2.892081 1.463598
114.477737 27.041971 3.079973 1.162466
115.993393 482.071899 3.119921 -1.499671
118.198013 218.592300 2.914693 -4.700198
119.555092 436.024536 3.330938 -1.071296
119.757057 417.162292 3.433409 -1.473615
124.307762 239.995544 3.434398 -4.700761
124.667862 104.294571 2.978852 0.161422
126.017151 175.756439 3.105225 1.499283
127.270645 499.447693 2.954892 -1.529762
146.965530 240.557190 3.587878 1.566433
147.006165 249.150467 3.340202 0.076570
155.781601 8.868893 2.947076 -0.153914
161.049026 240.166321 2.948200 -4.661796
164.815506 437.210938 2.921143 -4.645994
168.344864 401.454376 3.136480 -0.673083
171.260376 149.684570 3.366418 -1.455279
172.342010 246.258499 3.568264 0.089394
176.011459 158.693558 2.920688 -1.580196
177.755295 194.359756 3.354839 -1.835005
179.187531 46.659084 3.177816 -3.277219
182.631607 136.168549 3.045240 -1.698452
184.769852 149.941101 2.901039 -1.827538
187.294785 429.757599 2.847792 1.388265
187.294785 429.757599 2.847792 0.085972
187.855728 488.013702 3.394895 -0.154407
187.855728 488.013702 3.394895 -2.722064
208.852112 431.932098 3.371522 1.509021
214.042038 40.022686 3.541964 -0.061013
216.660690 139.793533 2.818484 -1.512225
215.829224 158.740173 2.961856 -1.479445
234.132111 240.571060 2.981394 -4.670305
240.225082 366.309845 3.141798 0.330221
240.225082 366.309845 3.141798 -3.434588
245.285233 407.295135 2.977954 -1.311730
246.069351 375.053223 3.141571 0.608592
246.069351 375.053223 3.141571 -1.480978
264.004333 327.726776 2.825717 -3.106378
267.783630 481.454315 2.991881 -3.888446
273.464478 220.185760 2.827789 1.567059
280.506714 386.028015 2.880801 0.586127
280.506714 386.028015 2.880801 -1.469196
284.730957 220.305237 2.802938 -4.451314
289.289246 495.331451 2.936547 -4.257870
289.289246 495.331451 2.936547 -4.257870
300.741180 217.684967 3.221287 -4.371862
300.650452 427.708160 3.548530 -2.138716
301.827454 126.843330 3.123342 -3.011255
310.199982 423.520874 3.685691 -2.076459
315.687500 202.948425 3.168083 -3.209149
322.423462 230.487061 3.101685 0.075457
324.844299 81.795959 3.145728 0.366498
324.594269 100.620644 2.908815 0.221222
343.932343 16.904491 3.211147 -4.080026
346.320587 413.127258 3.219984 -1.781797
363.562866 123.788292 3.492037 -0.109612
363.823334 247.206451 3.200191 0.224645
363.862061 329.546417 3.344236 -1.337204
364.934021 137.276657 3.290236 0.021272
364.973785 147.437027 3.394158 -0.046349
365.339630 156.578995 3.587292 -0.279156
365.149475 197.811554 3.259162 -0.002457
364.800964 227.569733 3.057265 0.118496
365.921906 177.351181 3.549223 0.315209
366.746155 26.131670 2.901113 -4.342733
374.934784 420.318390 3.196339 -0.372216
377.689117 157.882782 3.248209 -1.439411
26.469564 309.505646 4.229610 -1.662168
30.782763 232.253479 4.232462 -2.855824
32.647232 154.031845 4.147449 -1.777958
37.000919 63.324482 4.152285 -3.389412
53.852547 255.830231 4.103211 0.121346
58.080826 315.742523 5.057701 -1.634307
58.080826 315.742523 5.057701 -2.944048
57.718372 500.961578 3.918399 -1.827631
57.718372 500.961578 3.918399 -2.631073
70.531433 380.487732 4.002798 -1.272213
96.588264 141.338089 4.885565 -0.283189
96.588264 141.338089 4.885565 -1.059033
108.684357 166.821930 3.973333 -1.354104
108.688354 502.491699 3.657773 1.201626
108.688354 502.491699 3.657773 -4.151728
112.416359 358.750092 3.825862 1.266747
114.755409 136.502136 3.971747 -1.549696
116.591759 367.923828 3.466116 1.193478
121.774078 166.993927 4.438141 -1.500638
137.197968 136.822220 4.255182 -1.566101
141.241699 427.920929 3.629933 -1.337008
144.133224 378.579193 3.811879 0.301710
155.836044 22.778814 3.623087 1.049804
164.556168 383.654999 3.975576 0.136671
164.556168 383.654999 3.975576 -2.891789
169.969971 260.433533 4.226295 0.460345
169.007507 429.403961 4.255052 -1.265261
172.254929 246.513672 3.601355 0.105899
172.707031 372.285706 3.716095 -4.371685
175.377380 31.328743 4.161441 -3.471507
179.505142 363.250336 4.280457 -3.274759
179.505142 363.250336 4.280457 -4.524519
181.321060 442.872345 4.412267 -0.162972
184.519867 302.117249 4.279122 -2.997619
186.251450 407.740021 4.657729 -1.568611
186.251450 407.740021 4.657729 -4.662960
193.271286 386.616913 3.884370 1.435552
193.271286 386.616913 3.884370 -1.464519
193.271286 386.616913 3.884370 -2.543261
196.746338 244.054077 4.095659 0.156799
196.746338 244.054077 4.095659 -3.210767
201.152725 468.933685 3.878358 1.483782
202.970886 488.584534 3.958132 -1.748500
204.754745 287.889740 3.518312 0.091914
213.112518 31.796898 3.758163 0.005765
216.197693 364.828644 4.568789 1.414731
216.197693 364.828644 4.568789 0.524644
221.653488 387.740723 4.115480 -1.529239
224.617355 398.435852 3.693622 -1.692221
230.176971 364.523041 3.773406 0.436086
241.706665 480.540436 3.796101 -2.182397
333.502045 420.945343 3.942404 -2.284077
356.941681 405.474274 3.794242 -1.511369
356.177948 488.005981 5.519784 1.063506
364.615784 328.667480 3.904909 -1.281202
367.916107 340.481506 4.471041 -1.241357
371.061951 476.630371 4.242586 0.555694
376.363373 18.463379 3.808433 -4.359476
28.421940 286.302734 5.338398 -1.743238
28.421940 286.302734 5.338398 -3.183865
63.816406 57.309578 5.314833 0.561706
63.816490 80.552650 4.990578 0.370739
65.984779 368.161316 5.360264 -4.708524
93.674973 180.462173 4.966586 0.291048
95.346855 447.305695 4.910466 1.444638
95.154060 462.538147 5.568260 -1.230880
100.493675 383.684753 4.698045 -1.272966
103.996658 369.082001 4.670597 1.434563
108.331223 49.984032 4.818501 1.178984
134.667969 259.809631 5.509703 0.070631
134.667969 259.809631 5.509703 -3.064707
134.283676 273.939148 5.053595 0.258187
134.283676 273.939148 5.053595 -3.325252
141.095612 360.143097 5.633338 -0.176423
141.095612 360.143097 5.633338 -0.926688
141.095612 360.143097 5.633338 -3.009082
141.197983 372.237671 5.248199 -3.174669
147.633331 417.153320 4.783424 -1.367049
151.178253 391.270386 5.090720 -1.319850
173.326157 453.598724 4.944402 1.553778
173.326157 453.598724 4.944402 -0.562084
173.370544 488.457275 4.781727 -1.366221
181.238663 468.429840 4.921129 1.486477
185.000259 246.914444 4.828194 -3.262889
196.632996 279.265991 4.913808 0.036315
196.632996 279.265991 4.913808 -3.112053
198.910095 169.348892 4.962270 -1.723196
240.342392 409.001709 4.992664 1.496462
240.342392 409.001709 4.992664 -1.222777
246.056519 251.534683 5.484392 -0.056931
246.056519 251.534683 5.484392 -3.167804
283.961761 319.490326 5.286517 -1.522835
297.817719 66.494827 6.201265 -3.455553
297.817719 66.494827 6.201265 -4.230976
337.914459 367.210388 5.523258 -1.714892
337.074280 406.845520 4.713723 -2.011243
341.067230 351.297180 4.870406 -1.763300
353.113220 312.306427 4.871644 -0.087723
355.042450 356.073059 4.240668 1.331024
29.351929 178.721725 6.648873 -3.289082
41.472023 22.942709 6.124351 1.364735
105.128769 67.353394 7.155754 1.025195
113.947914 447.159241 5.802142 -4.694035
153.529739 39.765690 7.184367 1.113380
227.005447 474.100922 6.734117 -2.038650
247.114426 274.430847 6.474701 0.175707
247.114426 274.430847 6.474701 -3.338381
252.251221 392.069489 6.307555 -2.142586
267.235992 191.744339 7.299927 -1.616847
270.876190 321.055756 6.431631 -1.676725
279.479431 450.060883 6.527233 -1.726843
287.798615 189.463943 5.918641 -1.823812
306.630524 456.145752 6.497149 -1.485196
306.630524 456.145752 6.497149 -2.618604
325.141113 355.652557 6.149396 -2.683236
325.156097 456.968414 6.401561 -2.728961
326.985626 394.008606 6.910967 -2.936636
332.146545 42.707478 6.665594 -4.137566
333.474182 166.477051 6.486969 -3.128486
332.814606 180.319321 6.478047 -3.200427
332.976196 211.805435 6.552837 -3.330141
337.443848 336.108398 6.759276 -1.885268
368.250031 267.376221 7.035027 0.090418
369.354828 324.479584 7.090212 -1.222598
24.765995 382.854950 8.675616 -0.300432
32.282974 68.564461 7.996563 -3.466378
93.910912 482.589600 7.832911 -1.339982
102.098763 292.866058 8.785275 -1.292175
106.379158 69.931984 8.761796 0.890067
147.376938 468.540222 7.892409 -1.348283
153.554138 40.413586 7.228697 1.103797
274.119507 362.986877 7.872342 -2.704180
296.009216 69.406158 7.905855 -3.891224
301.067841 19.968533 7.600198 -4.407753
350.280304 386.968933 7.447488 -1.582506
370.547394 368.012543 7.946453 -1.487519
23.889347 185.758179 10.075764 -3.264131
24.020754 224.460953 9.870980 -2.960584
69.574814 21.333891 9.438793 1.142303
116.869156 373.810608 10.091498 0.913306
190.197464 435.298309 9.913703 -0.390102
218.727432 255.142426 10.647449 0.255019
218.727432 255.142426 10.647449 -3.486352
231.366577 33.290165 9.999819 -4.304765
301.474548 352.150360 9.413318 -2.385816
303.864899 390.736572 9.138466 -2.753247
333.749847 24.157385 9.440983 -4.362484
379.343353 144.510605 11.310381 -0.186622
59.754158 428.685638 12.697953 -0.875878
107.344505 286.226990 14.191624 -1.143750
107.390663 252.895615 11.723350 0.252325
195.695572 46.670864 12.060605 0.547745
195.695572 46.670864 12.060605 -4.134827
221.235977 295.674866 12.303740 -1.315116
269.135406 475.061523 13.046780 -1.892693
57.572910 433.137451 14.803955 -0.731564
159.021851 292.475891 17.486629 -1.689628
347.132751 436.667938 17.362007 -2.498742
60.221691 238.226654 20.160664 -2.974049
65.157738 104.970070 19.198122 -3.143480
90.154907 332.290527 19.929829 -1.091797
205.309586 337.918243 20.700737 -1.430631
328.320770 271.927673 19.071598 -3.189416
73.550301 172.796646 32.328201 -3.005590
138.712875 93.977539 30.863705 1.081301
202.465469 186.106903 33.842056 -1.545775
229.148270 435.308350 31.287266 -1.971957
259.986450 90.151497 34.279633 -4.123288
319.101013 184.283768 36.577549 -2.661089
