5.968237 200.583221 1.945910 1.516864
9.849070 248.328140 1.757331 1.488173
10.098724 312.182556 1.900159 -1.996617
13.243423 209.938232 1.870667 -3.930374
12.735677 260.672150 2.026328 -2.198366
13.910213 451.394226 1.750922 1.381258
15.008465 287.476471 1.741809 -1.749820
29.671328 490.796265 1.880502 -3.497417
34.841862 473.877472 2.155176 -3.087473
35.747868 359.924255 2.209470 -3.035395
39.024742 169.944153 1.917721 0.425796
48.741241 250.544464 1.960394 -2.543327
52.520378 450.202911 1.725786 -1.429526
57.866062 307.566956 1.794848 0.080178
59.713814 277.311249 2.100288 -1.000346
64.301682 395.029694 1.885795 -2.855185
65.703087 310.769623 2.032500 -0.193969
68.753174 214.114624 2.040146 -0.174377
74.021889 159.794586 2.069649 0.226242
73.835693 193.526825 2.132339 -0.181203
76.351524 239.349899 1.815980 -0.061697
80.701637 452.842651 2.155766 -1.825598
83.159111 157.352158 2.108305 -3.330850
83.155128 172.123016 2.143695 -3.101991
82.946037 178.444931 2.112078 -3.126126
82.998962 183.351624 2.017236 -3.159549
82.672066 194.718399 2.026192 -1.572772
82.672066 194.718399 2.026192 -2.853617
83.776733 164.021103 1.888813 -3.153939
84.367088 268.388641 1.717531 -2.340900
85.722862 132.108063 2.082850 1.343104
85.722862 132.108063 2.082850 -2.278748
87.511269 277.529938 1.890086 -2.452170
87.511269 277.529938 1.890086 -3.739705
90.945274 129.881348 1.808609 1.422503
94.841583 182.071945 1.872666 0.068573
95.308655 204.422043 2.114053 0.134422
95.027939 221.266647 2.122469 0.022626
97.080276 488.090485 1.901541 -2.965628
98.842598 439.355225 1.995073 -0.581740
102.162491 375.261658 1.912063 0.326554
103.430626 406.538300 2.241091 0.219613
105.285248 390.266052 1.995078 -1.778300
107.065773 488.328369 1.780397 1.211499
107.065773 488.328369 1.780397 -1.335496
107.065773 488.328369 1.780397 -3.149653
106.945076 502.775024 1.971561 1.495629
112.433762 485.079559 1.726589 -3.136177
112.949333 317.472656 2.192138 -3.107643
113.340645 325.808044 1.761907 -3.140443
113.023453 355.230011 1.925397 -3.112980
113.075203 502.008881 2.093160 -4.128466
119.393707 227.069229 2.012742 -3.345137
143.463455 29.116375 2.132755 -4.655375
144.272339 238.174683 1.938993 -0.055651
161.251282 105.004982 2.021605 -2.414463
161.130707 493.751007 1.871076 1.309073
161.130707 493.751007 1.871076 0.401967
168.880615 327.093933 2.098297 0.575777
168.715897 383.905548 2.159797 -2.974117
170.424423 488.873291 1.937348 -0.002192
178.867126 407.369446 2.117653 -0.084494
178.867126 407.369446 2.117653 -3.155611
184.215485 408.438110 1.917803 -0.025850
184.215485 408.438110 1.917803 -3.375626
189.019852 466.126068 1.904148 -3.065120
197.681168 343.284393 1.987695 -2.812259
200.066299 234.585358 2.150198 -2.808217
199.593185 445.397400 2.029347 0.112762
203.003525 121.147957 2.197148 -1.946755
205.190430 445.296600 2.077247 0.154778
212.212463 289.900604 1.875500 -3.479763
219.703354 399.065613 2.246182 -3.173009
227.384293 476.700348 2.154838 -3.283713
237.724899 47.639046 1.973844 -4.239682
238.672318 495.009277 1.988907 -3.903035
243.356796 507.288116 1.897486 -3.037690
243.363449 483.806702 1.952133 -0.997382
243.363449 483.806702 1.952133 -4.320424
253.051254 229.739517 2.196890 -1.564363
255.489471 1.297078 2.490040 -4.440295
258.189850 379.121033 2.129602 -1.721586
262.538452 109.790413 1.980730 -3.112501
266.259552 237.660110 1.870578 -1.345397
267.311707 180.184967 1.959950 -1.673086
266.439941 296.060516 1.911928 -1.598849
267.905945 385.532410 2.218216 -1.958989
271.869141 200.010132 1.873799 0.090399
271.869141 200.010132 1.873799 -3.095502
273.202789 144.701218 2.109124 -3.215442
273.153076 208.740372 2.007697 -3.047882
276.501862 426.804901 1.788529 -0.839060
283.877075 62.424332 2.036423 -4.101638
284.040283 117.388084 1.992653 -3.231203
284.616791 482.877258 1.941708 -0.951381
286.778839 299.380676 2.037265 -1.721243
286.778839 299.380676 2.037265 -3.046741
296.370117 436.452026 2.125845 -0.084907
296.370117 436.452026 2.125845 -1.001892
297.888123 502.326019 1.972899 -4.635732
300.819550 301.539673 2.118477 -2.921323
307.742737 391.726715 1.794908 -1.321300
316.684662 378.331879 1.878891 -0.428322
316.670197 507.014252 2.144913 -1.315454
316.670197 507.014252 2.144913 -4.584787
321.937958 458.047424 2.081681 1.404957
323.911865 437.287384 1.962151 -3.421517
325.660645 339.767822 2.195541 1.351812
328.631531 507.870239 2.075380 -2.901655
328.631531 507.870239 2.075380 -4.628462
334.281128 404.658600 2.017872 -2.100650
334.281128 404.658600 2.017872 -4.638778
337.427521 202.695023 2.007173 0.073954
341.434845 151.117630 2.235244 -0.088302
341.653290 284.977905 2.235155 -2.168122
342.598694 49.574429 1.946720 -3.741767
344.316681 338.365601 1.801578 -4.692012
350.370483 374.252747 2.025724 -1.627670
358.003632 292.056946 1.890806 -0.160461
358.003632 292.056946 1.890806 -1.383203
363.127167 452.136292 2.099240 -2.477202
367.118561 379.746429 1.845720 -2.816822
368.331848 337.048920 2.058364 1.415705
369.817139 297.122620 2.177159 -0.151577
369.817139 297.122620 2.177159 -1.464762
372.171906 253.441681 2.060869 0.583668
371.590698 260.723816 1.952971 -0.372913
372.104584 270.556580 2.038337 -2.841929
376.922211 256.521484 2.145064 -2.927822
5.059916 266.905975 2.741791 -1.795365
6.930412 325.559265 2.527282 -2.578621
7.846544 484.331329 2.386352 -0.565847
8.692861 385.590515 2.702918 -2.830923
13.872458 165.267761 2.752583 -3.532630
13.615433 271.743988 2.277275 -2.126635
16.470642 346.594849 2.745245 -3.145238
16.494030 365.665375 3.132241 -3.183205
30.653543 242.301575 2.395220 -3.386531
32.764931 288.678741 2.670949 -2.153567
36.297237 384.628204 2.571636 -0.223628
39.734844 491.860779 2.467077 -2.019605
40.763458 141.276627 2.598168 0.283091
41.045883 286.997650 2.392831 -2.145794
42.246143 340.653625 2.542655 -0.251570
42.082638 360.188690 2.589317 -3.046547
44.276768 226.958359 2.442899 -3.951519
46.132111 31.931007 2.469226 -3.618696
46.027264 463.758759 2.601009 -0.404816
47.186066 234.981079 2.518493 -2.669943
48.167095 208.286453 2.303244 -3.522706
47.747692 264.018494 2.358516 -2.197865
50.870621 240.916138 2.420420 -2.996007
51.932358 304.442108 2.755420 -2.428085
56.845078 477.684082 2.607583 -0.914210
58.156166 353.113098 2.468682 -0.934291
58.310440 508.624084 2.345578 1.473495
66.732719 275.628326 2.357531 -0.244704
66.939575 507.710785 2.341911 -4.708330
67.414253 179.027115 3.336902 -0.003575
70.949142 411.111053 2.476900 -3.074544
74.732635 459.477936 2.378539 -1.974749
74.725975 479.199738 2.649030 -2.210564
78.341614 506.409058 2.333236 1.465458
80.151237 442.340698 2.572618 -1.063029
81.872330 205.374023 2.629357 -3.434766
81.784485 235.039536 2.594915 -0.071955
84.389534 434.914215 2.374555 -1.106430
84.389534 434.914215 2.374555 -3.416047
87.938461 325.565277 2.823410 -1.850868
88.174019 228.602600 2.603714 -0.013351
88.174019 228.602600 2.603714 -3.021109
89.356407 161.536118 2.594598 -3.201312
88.668671 219.096222 2.559439 -3.056084
92.110001 357.767212 2.413437 -3.298782
98.743408 427.539459 2.389728 -0.378587
107.036293 264.546356 2.476383 -2.806870
153.776917 155.081009 2.939566 -1.287769
154.627579 499.535889 3.069855 -0.039811
163.824661 487.529633 2.717252 -1.631346
169.719925 342.175446 2.356414 -1.821975
169.719925 342.175446 2.356414 -3.424077
171.969391 217.169479 2.301789 -1.772144
173.889694 334.472748 2.676963 -1.634982
176.290558 505.781372 2.361629 -0.153907
177.760239 451.429962 2.568685 -0.115193
177.760239 451.429962 2.568685 -3.020417
185.338104 396.296143 2.522703 -2.907960
186.652664 188.638412 2.551028 -3.016860
197.242432 481.793152 2.791883 0.008991
198.140823 226.093521 2.504512 -2.603613
199.151321 242.083221 2.532077 -3.289423
205.015625 340.345520 2.791799 -2.781032
218.186020 139.800858 2.297196 -0.103389
234.422531 144.013596 2.201122 -3.063528
254.557785 325.640167 2.442598 -3.166404
254.516357 345.996307 2.760935 1.525736
264.220154 471.777832 2.714682 -4.321866
269.437500 330.144470 2.680099 -4.582491
291.110657 431.965668 2.420367 -1.137946
292.480316 244.834396 2.326547 -3.212891
293.847260 485.848083 2.435009 -1.339449
308.585327 407.383453 2.542256 -1.437112
311.206970 290.658661 2.500497 -2.469738
310.424286 490.032440 2.248720 -1.357440
313.048065 387.470612 2.523868 -1.332054
320.592651 466.485504 2.479634 1.193447
324.401520 408.865662 2.829378 -1.282321
327.576447 452.121429 2.363311 -3.247757
332.323639 189.255890 2.380526 -0.105855
333.033081 10.899519 2.445039 -3.963760
342.067230 171.806015 2.533850 -0.106766
342.067230 171.806015 2.533850 -3.033624
344.033691 325.757782 2.625478 -3.195603
365.611176 77.040054 2.268074 -3.690288
372.576691 477.969666 2.621037 -4.332666
376.121002 17.491179 2.696170 -3.889698
375.933197 484.192200 2.643892 -2.273098
380.515656 199.408951 2.837415 -1.675967
379.686768 367.636200 2.475574 -1.574801
383.549408 185.147995 2.295082 1.373963
383.549408 185.147995 2.295082 -1.333306
13.514675 136.736923 3.451304 -3.299876
16.807255 221.513474 3.368125 -3.966898
17.529661 383.849182 3.386390 -2.831572
25.623362 217.958542 3.083478 -3.971809
30.998791 298.706696 2.897239 -2.210703
43.775127 378.079926 3.197806 -0.136760
43.801285 387.205383 2.821633 -0.543892
47.402695 476.665039 3.121158 -1.123115
51.787418 400.863556 3.377522 -0.896386
53.402092 283.083221 3.365297 -1.258559
56.574059 269.352997 2.947031 -1.963323
61.747330 361.317963 3.383303 -3.195067
64.323273 373.515350 3.200581 -3.204468
65.534676 269.980103 3.563639 -1.535175
66.149323 480.137146 3.388866 -2.289777
67.931969 139.584229 3.460871 -1.901171
68.795532 248.753647 2.745581 -4.510044
71.182205 341.048920 3.058638 -2.855760
71.486618 360.841675 3.308520 -3.149343
71.194824 396.627106 2.955698 -2.791264
71.866676 322.473389 3.148514 -2.938817
88.046539 199.885361 3.266929 0.135423
88.046539 199.885361 3.266929 -3.400310
89.174805 185.420502 2.921858 -3.174818
88.697708 242.858093 2.903995 1.506889
88.697708 242.858093 2.903995 0.059632
87.925011 325.453217 2.812290 -1.864746
92.354248 376.420166 3.300951 -2.056480
97.033630 234.654892 3.496263 0.004728
97.700356 60.583920 2.844926 1.560094
98.247650 167.396027 3.133028 0.191226
97.402946 506.117249 2.947706 1.438933
131.649338 495.805908 2.862162 -0.088701
131.649338 495.805908 2.862162 -2.889962
177.347183 393.196259 3.468301 -3.206075
184.421188 333.579651 3.144376 -1.627797
189.581146 100.602463 3.234633 -3.209534
191.019577 9.184886 3.252680 0.800694
191.019577 9.184886 3.252680 -4.018730
205.902237 465.854126 3.455691 0.056649
219.023712 187.161148 2.915018 -0.455181
219.023712 187.161148 2.915018 -3.052047
236.716812 156.373550 3.021468 -3.080497
262.727570 484.867188 3.123172 -3.862859
267.683533 344.965118 3.246723 -4.711707
280.799011 488.761017 3.284682 -0.841793
280.799011 488.761017 3.284682 -4.642908
282.751007 259.178925 3.170430 -4.611430
301.898743 347.218994 2.853569 -4.558698
304.485931 241.605743 2.971631 -2.202104
304.547302 285.099335 2.813369 -2.525419
304.785156 478.740692 3.013685 0.950155
309.552368 379.661407 3.166789 -1.376260
325.233673 367.282318 3.187820 -1.450065
324.947144 377.541504 3.426226 -0.037506
324.947144 377.541504 3.426226 -1.407925
331.684845 499.587555 3.022191 -1.272596
339.682861 114.577812 2.997997 -3.261257
340.104797 350.122528 2.996996 -0.296825
340.104797 350.122528 2.996996 -2.830728
342.503265 266.592163 2.940074 0.064024
342.503265 266.592163 2.940074 -2.765138
342.864349 235.956558 2.882112 0.125526
351.599945 313.476929 3.114264 -2.851993
353.372467 508.005157 3.267918 -2.402755
371.305542 478.089386 3.017277 -4.268721
3.389286 341.450256 4.187553 -2.707829
17.619194 446.056702 3.960391 -2.800833
31.397243 480.222778 4.244787 -2.378555
34.778648 344.769409 3.690461 -0.387630
60.238564 324.554230 4.184864 -2.741894
65.062866 269.660675 3.650603 -1.614240
67.738075 139.274216 3.592241 -2.056738
68.717148 153.593109 4.047050 0.561826
91.187370 345.042999 3.909056 -0.612266
98.993744 472.981323 3.699543 -2.491217
127.513153 13.974777 3.619073 -4.555698
157.626007 296.583740 4.344522 -3.250475
157.626007 296.583740 4.344522 -4.536004
169.189194 306.916901 3.898587 1.522660
168.277206 498.340881 4.036964 -0.295881
197.322144 336.688141 4.038660 -2.746712
200.535965 239.142273 3.935566 -3.127289
202.370834 414.854279 4.428907 1.527735
224.895264 416.812775 4.325619 -3.610584
225.607315 444.933807 3.637304 -3.130831
229.979340 478.028259 4.189012 -3.280635
239.187210 289.061188 3.730221 -0.133366
250.672043 231.954544 3.919639 -3.144404
262.463043 325.657990 3.807275 -3.070130
262.463043 325.657990 3.807275 -4.529376
264.528534 246.708389 4.366776 -1.372774
279.914948 455.735687 4.171881 -0.672920
299.019073 494.080658 3.881192 -1.190735
315.631012 360.358826 4.069147 0.019157
315.631012 360.358826 4.069147 -3.534478
327.957947 348.021942 4.200559 1.368859
328.644348 422.316528 4.232177 -0.517908
351.226379 458.330383 4.165534 -2.190815
352.597229 377.277191 4.246681 -1.717421
352.597229 377.277191 4.246681 -3.004936
355.486237 140.773041 4.131981 -1.502955
359.536011 40.518219 4.338768 -3.976900
372.169525 66.962608 3.727838 -3.880605
371.299072 468.174988 4.255844 -2.300252
371.299072 468.174988 4.255844 -4.120239
50.032951 123.804886 4.914132 -4.643556
78.146683 165.290756 5.495222 0.214614
78.146683 165.290756 5.495222 -3.246319
78.193420 188.785355 5.124203 -0.207849
78.193420 188.785355 5.124203 -3.031658
79.076675 210.805771 4.715313 -0.261209
105.777885 14.777764 4.687318 1.516964
109.068443 338.464081 5.198229 -3.106828
111.777824 128.917572 5.064346 -3.451212
111.777824 128.917572 5.064346 -4.405676
161.173965 111.855965 4.675599 -0.046817
162.048340 133.824615 4.747207 -0.388228
164.411636 397.550995 5.095263 -3.190101
195.378754 461.734772 5.107654 0.076220
212.834473 23.671400 4.951559 0.396699
212.834473 23.671400 4.951559 -3.418822
222.562363 270.140564 4.935189 0.702689
233.850052 497.587738 5.743299 -3.703578
283.821869 328.129883 5.091815 1.348308
307.891541 271.999054 4.522209 -4.400285
310.544891 303.155029 4.962128 -2.972510
323.950409 393.335419 5.563720 -0.915865
325.210541 296.922821 4.959332 -2.803408
335.841827 210.559448 5.052013 0.170042
341.156616 175.576889 4.537630 -0.171012
339.021912 383.289398 4.765924 -1.253519
339.021912 383.289398 4.765924 -2.824468
351.386353 394.066101 5.394015 -2.709961
351.386353 394.066101 5.394015 -4.395824
354.992767 442.105194 5.283761 -1.435839
359.320587 54.032509 4.912775 -3.830070
361.719788 498.223419 4.733132 -2.442498
363.362366 286.614319 5.774616 -0.213756
363.362366 286.614319 5.774616 -1.141821
51.647774 150.719421 6.696775 0.561495
54.627579 226.768906 6.087697 -3.214869
70.641960 234.022781 6.761004 -3.253906
148.928299 493.994080 6.922860 -1.666837
197.443680 15.139465 6.613464 -3.507664
206.811081 273.039642 6.805338 -3.200471
212.567871 428.230774 6.316361 -4.547117
227.007523 165.474609 6.209366 -2.217387
227.007523 165.474609 6.209366 -2.633817
254.564713 168.303116 7.028685 -1.932698
289.202515 379.066498 6.758569 -1.601831
294.415924 497.410706 6.312771 -4.441508
299.034088 363.161743 7.284621 -1.484184
305.528503 170.893784 6.083193 -2.757572
330.583832 275.415100 5.993777 -2.296011
331.410187 486.889740 6.298950 -1.354209
367.006714 211.141388 6.543873 -2.814217
29.255264 148.577194 8.327950 -4.049444
59.600399 379.593048 8.244216 -2.495892
79.362152 410.733002 8.109859 -2.750347
124.220322 119.856293 8.218020 -0.181556
124.220322 119.856293 8.218020 -1.260766
166.004379 290.618286 8.713353 0.156772
166.004379 290.618286 8.713353 -3.229246
165.900589 233.419510 9.373137 -0.104298
165.900589 233.419510 9.373137 -2.964600
180.166992 349.071075 7.690087 -1.988070
180.166992 349.071075 7.690087 -3.023413
205.482712 307.220001 7.851508 -3.246551
206.170151 368.985962 8.864638 -1.628835
210.343216 137.309067 9.189810 -2.939146
214.860977 346.287354 8.438824 1.545155
266.585388 309.065674 7.520645 -1.656211
288.937653 378.634979 6.478906 -1.585246
290.215576 404.486420 8.052444 -1.222694
295.915314 361.328430 8.240362 -1.548688
349.304016 423.430054 8.679157 -1.050802
25.037830 187.706039 9.098838 -4.351158
25.803921 338.984924 11.361556 -2.116927
25.016218 413.690521 10.846397 -0.646547
45.492611 33.108482 9.776178 1.008542
53.448483 331.774658 9.816158 -0.957923
53.448483 331.774658 9.816158 -2.096326
57.040157 419.869110 9.295122 -0.641391
205.456589 394.907562 9.696200 -1.733495
209.772415 178.162811 11.046148 -3.071053
215.937653 454.201782 9.842957 -3.183101
253.071625 189.668701 10.010995 -2.240037
265.937012 251.518127 9.783477 -4.686111
361.892334 353.794250 10.099314 1.567331
361.892334 353.794250 10.099314 -1.857766
370.280365 255.559067 10.826923 0.123699
147.204269 465.159180 13.154751 -0.278630
184.565430 37.505150 13.351451 -3.976410
184.359222 455.014862 11.502997 -2.899265
217.924210 292.705597 14.075952 -3.253166
266.358948 283.641235 13.117957 -4.667880
38.662552 288.418701 15.740906 -2.036903
73.200912 463.221588 16.932394 -1.997081
87.434341 167.497528 14.824553 -4.037025
219.259995 146.973114 16.239439 -1.870623
219.259995 146.973114 16.239439 -2.810566
347.637238 316.815796 16.205074 -4.622014
68.769539 381.495453 18.113438 -2.388092
160.498871 324.966980 19.812963 -0.005754
321.169769 162.417435 23.483570 -1.556155
20.557592 317.575531 24.211819 -1.897270
167.479202 184.881699 22.870594 -0.086619
167.479202 184.881699 22.870594 -2.831891
268.350433 436.843750 33.182056 -1.476813
268.350433 436.843750 33.182056 -2.914150
286.344543 89.978195 32.852329 -1.772157
180.818085 95.864960 41.473969 -1.208941
180.818085 95.864960 41.473969 -1.998156
275.665161 195.428055 45.458820 -1.888366
