8 352
11 249
12 119
13 120
38 53
45 43
47 175
49 45
55 39
66 234
67 3
68 135
78 11
79 142
80 144
83 12
87 15
88 17
89 157
92 18
93 19
94 20
95 25
96 24
97 26
98 30
102 35
106 37
109 43
110 51
111 49
112 50
113 51
117 210
129 51
131 307
138 336
144 32
151 177
152 141
160 42
166 131
167 136
168 137
169 226
170 139
171 141
173 175
174 145
175 229
177 146
178 149
179 151
180 155
182 160
183 161
185 166
187 170
188 171
190 175
191 249
193 176
195 42
196 51
214 258
222 337
223 323
224 337
230 209
233 16
234 133
235 222
236 224
238 227
239 228
240 230
241 231
242 232
244 233
245 236
246 234
247 237
248 240
249 239
253 246
254 247
257 252
258 254
259 255
261 210
263 119
264 120
265 23
267 75
271 251
277 332
280 332
303 290
306 293
307 294
308 295
309 240
312 334
313 296
314 297
315 250
325 328
326 329
327 330
328 331
329 332
330 333
331 335
332 336
333 337
343 28
344 383
348 362
350 364
360 379
362 381
363 382
364 383
371 244
376 304
377 403
378 404
387 419
389 421
393 425
