2.871883 267.657532 1.973735 -3.296034
11.872755 102.584015 2.049974 -1.706603
11.867329 407.797333 1.705581 -1.829151
11.999355 469.101227 2.257906 -1.626475
12.909857 138.307907 2.221597 -1.602293
12.909857 138.307907 2.221597 -2.506446
16.004280 221.052277 2.104702 -4.670880
16.149126 233.789749 1.903453 -0.252212
16.149126 233.789749 1.903453 -1.488704
18.807436 406.773254 2.135397 -1.448487
20.233198 279.214325 2.060272 -3.387510
27.169876 25.110939 1.861825 -3.067733
27.723242 480.742157 2.199381 -2.420534
31.232405 206.845398 1.995757 -3.246356
30.688196 465.556427 2.205097 -1.286480
31.648981 186.357620 2.015463 -2.988080
32.580242 393.760864 1.848943 -1.750100
34.863876 35.566956 2.117464 0.087841
34.820278 460.424683 1.942538 -3.191025
46.876957 26.405531 2.201254 -3.126697
46.816902 383.304535 1.869621 -3.557122
49.311947 110.501785 2.136281 -4.609708
52.124969 91.213074 2.072777 -1.715980
68.821945 262.202118 1.994541 -0.084006
74.959503 88.758369 1.847815 -1.700079
79.003105 216.556610 1.770012 -1.804012
79.003105 216.556610 1.770012 -3.097702
80.730583 179.024200 2.296834 -4.074099
84.999557 174.978256 2.021223 -4.073916
90.864456 276.837524 1.960301 -3.127878
91.137733 403.990387 1.784498 -3.020147
92.572639 126.962837 2.200970 1.452774
92.572639 126.962837 2.200970 -1.713273
100.474892 38.362518 1.887461 -1.525558
103.585693 500.622681 1.833284 0.162121
104.719719 140.622910 2.275970 -2.299452
105.962013 150.100540 1.945020 -1.708645
107.337196 468.099213 2.187835 -3.373505
115.875534 106.223297 1.810887 0.808297
120.044189 288.298584 2.214921 1.523363
121.787422 215.724609 2.249859 -0.238495
121.787422 215.724609 2.249859 -1.599103
127.742760 48.494968 2.068815 0.316353
131.973206 18.502937 2.190141 -3.740019
131.973206 18.502937 2.190141 -4.622838
138.967697 106.357849 2.138546 -2.878572
139.944366 498.158630 1.907133 -3.600016
141.160919 231.173172 2.313682 -0.040946
141.160919 231.173172 2.313682 -4.397127
148.125977 167.903992 1.995903 -1.593692
157.106186 149.747345 2.005048 1.510593
156.895660 406.640808 2.249686 -1.288592
166.234741 177.916504 2.212415 -3.170272
166.915558 232.936951 1.878715 -3.260807
168.505188 281.789368 1.997864 -3.118351
171.365021 409.559235 2.246192 -1.442407
174.047546 280.409393 2.057473 -3.189340
173.848679 498.351807 1.981537 -1.995309
177.207016 123.678383 1.899833 0.073472
178.897659 56.141460 1.975307 -3.194234
179.368103 185.708359 2.066297 -0.228647
181.705093 463.008545 2.145902 0.041455
186.481506 474.161102 2.088068 -0.202289
186.481506 474.161102 2.088068 -1.103773
186.781601 232.007584 1.945282 0.589621
188.410721 280.677063 1.986575 -0.031522
195.645737 216.112473 1.982480 -1.645619
197.121811 288.532318 1.871466 -1.345182
198.985565 54.387028 1.949756 -3.810413
199.310913 158.713821 2.147998 1.517554
200.707932 469.146423 1.752310 -2.889075
202.207153 88.664505 1.951634 1.247285
203.692932 99.957390 2.168425 -1.126351
204.200989 505.746185 2.069315 -0.121480
205.468735 456.427246 1.741626 -1.427045
208.928589 354.616852 1.922361 -3.212403
211.897354 216.418167 1.644510 -1.422123
212.111450 231.023972 1.856452 -0.131411
212.111450 231.023972 1.856452 -1.225858
221.433578 157.700485 2.207969 -4.667436
221.601868 192.919617 1.883957 -3.370208
227.209625 62.270569 1.825807 -1.589619
228.851608 210.394836 2.093733 -0.300256
231.971619 272.275513 2.078280 -3.068936
232.384933 282.701721 1.955696 -3.090453
232.531738 122.742218 1.783228 -0.096345
237.327423 60.749760 1.852468 -2.057575
237.898483 51.383007 2.208034 1.015838
237.799515 234.995895 1.976728 0.018938
237.799515 234.995895 1.976728 -3.370290
241.518982 89.070671 2.086886 1.346334
240.947327 291.128937 2.035155 1.499745
243.594513 233.158905 1.904471 0.616057
245.507980 120.430557 2.256175 -0.162166
247.179199 173.422714 1.942923 -0.062100
248.617004 139.146530 1.982549 -1.546973
249.563995 83.599846 2.352679 1.503452
249.805191 206.958054 2.014613 -0.215483
250.447357 37.719807 2.102632 -1.247522
251.391357 55.932087 2.164519 0.193296
251.391357 55.932087 2.164519 -3.212250
251.136642 221.082718 2.156853 -1.515127
255.941589 14.331341 2.062538 0.089001
255.941589 14.331341 2.062538 -3.946211
257.495422 150.890472 2.183137 1.444489
260.056854 221.239761 2.252050 -1.665901
259.987488 274.950439 2.182713 -3.345958
265.768921 493.762451 1.995384 -1.351647
273.186310 133.196564 2.060324 -0.403664
273.186310 133.196564 2.060324 -3.199076
272.945526 342.649750 1.857167 0.231966
279.132477 281.612213 2.087964 -3.172452
280.679596 319.584778 2.157750 -0.127523
292.576477 62.015141 1.978767 -1.639443
292.595551 91.759590 1.920378 -1.445992
295.027649 454.087799 2.192672 -2.589967
295.841248 166.236435 2.186578 -0.123278
295.841248 166.236435 2.186578 -1.068149
297.298767 99.659142 2.044187 0.167158
302.870880 412.634613 1.971732 -1.609760
306.754883 265.052612 1.896931 -0.037546
306.754883 265.052612 1.896931 -3.003562
308.803253 505.342468 1.978991 -3.007931
314.438080 105.085999 2.277452 -0.054436
327.762482 258.815796 2.102110 -0.667293
328.216309 484.386627 2.085726 -1.403296
334.769562 466.393433 1.918716 -1.965605
337.191803 265.971069 2.042405 -0.405422
340.517822 270.260986 1.944130 -0.065007
345.547668 408.333099 2.354178 -1.843641
352.128052 124.955338 2.268611 -3.010209
351.585297 219.899658 1.986223 -1.664973
356.183838 424.054413 1.959872 -1.514620
356.244812 506.744537 2.210330 -4.300716
363.029022 5.802523 2.113341 0.133262
363.473053 46.916149 2.443299 0.198891
363.473053 46.916149 2.443299 -3.272921
364.555878 84.452408 2.206796 0.423412
368.646332 160.475266 1.682130 -0.391626
370.531647 450.287018 2.304676 -1.462905
371.626099 130.931854 1.821190 -1.578733
375.090881 293.875397 1.937578 -4.592415
376.254639 21.070181 1.813682 0.263490
376.649811 449.799561 1.755343 -1.979796
376.590912 77.478416 2.186217 0.176945
380.298492 29.483553 2.178964 0.264484
380.308258 85.264015 1.940207 0.303356
380.308258 85.264015 1.940207 -3.001831
4.172330 247.083740 2.423534 -3.105147
5.351780 19.668602 2.402153 -1.624930
5.579719 468.563446 2.289925 -1.524051
7.506330 479.826874 2.812877 -1.100950
7.642476 64.127426 2.495610 1.408147
11.218140 227.564865 2.817287 -1.509056
11.881129 191.026306 2.452404 -1.150099
12.675867 40.050755 2.522015 0.337378
12.675867 40.050755 2.522015 -1.521061
18.616663 16.029205 2.835993 -1.935772
19.569725 57.055092 2.614659 0.273699
22.380663 186.533371 2.700642 -1.755616
26.067287 142.869629 2.666574 1.505229
27.722715 170.140427 2.675625 -4.315781
30.455624 223.580154 2.704639 -1.693297
30.455624 223.580154 2.704639 -4.507557
32.880043 472.925323 2.596930 -2.675558
34.514694 106.085922 2.799236 -1.750502
35.368195 481.920624 2.808196 -2.500827
40.621586 38.760555 2.572477 -0.026459
41.688313 230.023499 2.444504 -4.660850
44.362019 241.218079 2.602295 -0.121405
48.280590 7.198061 2.489379 -1.911911
50.502548 64.246750 2.558689 -1.964798
57.949371 406.574066 2.664084 -0.773868
59.420410 397.517090 2.669085 -1.017122
60.922993 34.255894 2.642072 -3.039891
72.194267 494.688873 2.541648 -0.097002
73.611946 327.708618 2.774765 0.192425
74.954590 112.049881 2.486442 0.088559
75.852531 30.865801 2.547379 -0.088305
77.555359 144.990921 2.577814 -2.065575
83.430260 29.555614 2.599832 -3.168686
83.329666 151.654175 2.690590 -1.640331
90.341507 420.977753 2.372895 -1.220167
90.341507 420.977753 2.372895 -3.107387
92.673500 225.587265 2.703446 1.542036
92.673500 225.587265 2.703446 -1.619970
95.835373 83.902344 2.765128 -3.204679
102.216644 107.912598 2.718584 -4.443498
104.530090 223.286377 2.721774 -1.343744
106.293076 45.183636 2.436480 0.200127
105.707649 66.031128 2.569611 0.050781
105.657921 125.392975 2.354770 1.482249
105.657921 125.392975 2.354770 -1.656342
115.066467 231.124985 2.790846 0.014963
118.600746 91.970734 2.820792 -1.554798
119.921539 443.467804 2.582402 0.751218
121.333557 455.190887 2.812316 -0.016067
122.993721 423.041260 2.630130 -4.626851
129.081894 191.913834 2.823111 -3.166680
129.143738 202.531464 2.792963 -3.108980
129.414948 167.226700 2.753256 -1.093928
129.544067 230.274429 2.402548 -4.588837
131.991623 136.579666 2.695813 -3.124418
134.841919 441.435913 2.610375 -1.269209
134.841919 441.435913 2.610375 -4.584442
135.258133 234.867416 2.458185 -0.111796
135.258133 234.867416 2.458185 -3.128074
136.297470 76.977020 2.603291 -0.588972
136.297470 76.977020 2.603291 -1.663153
134.841919 441.435913 2.610375 -1.269209
134.841919 441.435913 2.610375 -4.584442
136.684082 253.012817 2.560862 -0.085917
136.684082 253.012817 2.560862 -3.149963
138.245071 272.585541 2.384210 -0.059719
149.285141 417.222900 2.397649 1.509335
149.669403 59.674053 2.770354 0.359386
154.727173 343.059814 2.694289 -0.018558
158.540482 418.728180 2.286316 -4.474537
164.447968 501.199738 2.551035 -3.435564
168.181427 161.264771 2.533134 -4.440033
168.213043 289.559021 2.665361 -4.568128
170.549179 421.331207 2.423095 -4.486861
173.438599 235.354706 2.801388 -3.173853
181.793900 267.262909 2.794248 0.068073
188.030502 221.815353 2.489295 -1.532816
193.947250 429.283600 2.306573 1.365440
193.947250 429.283600 2.306573 0.477049
197.259506 112.979469 2.615460 -3.223901
196.654755 499.682800 2.836782 -1.259662
200.331039 142.259201 2.251902 -1.581847
205.679489 94.293755 2.677692 -1.093209
208.184448 393.881439 2.341899 -3.609194
231.990341 400.016571 2.770508 -2.015450
231.571487 488.835968 2.410748 -1.136766
234.875290 38.293858 2.280396 -0.067491
235.071030 189.887314 2.472363 0.013049
239.545715 276.135468 2.723440 -0.041832
239.545715 276.135468 2.723440 -4.406247
245.692429 226.923462 2.311813 -4.562194
245.587250 438.907562 2.549256 -4.490647
247.542389 430.680328 2.618426 1.536535
260.701385 65.589409 2.468570 -1.693421
262.706390 180.058838 2.440538 -3.325118
262.951752 189.194748 2.541293 -3.228606
270.476807 58.871159 2.574241 -4.677384
273.301239 100.999245 2.611741 -3.430069
272.493530 426.264252 2.961348 -1.505522
274.935516 199.990189 2.500591 -3.094733
281.334625 179.666138 2.954530 -3.215775
281.628296 46.883663 2.328794 -0.025273
281.526611 56.707451 2.605614 0.160916
285.360535 285.810913 2.465545 -4.624420
286.451172 190.791397 2.549348 -3.243566
287.096710 253.564667 2.730430 0.209638
291.189209 102.442253 2.449891 -1.070007
305.662842 319.291504 2.578079 0.178588
307.547485 111.067215 2.564688 -1.005694
309.695435 433.497650 2.729287 -0.224715
309.695435 433.497650 2.729287 -1.137313
313.903473 146.382462 2.680064 0.575423
313.903473 146.382462 2.680064 -2.634217
313.903473 146.382462 2.680064 -4.139616
316.569183 436.854919 2.526896 -0.087710
318.843597 464.185974 2.681932 -0.485310
320.313965 51.571762 3.038784 -3.244101
320.471558 10.108409 1.962572 -3.108903
323.935883 74.267143 2.457162 -3.385655
332.823547 131.810440 2.599567 -0.026005
332.823547 131.810440 2.599567 -1.533568
335.692017 50.918114 2.503932 -4.637452
336.913757 72.431503 2.426825 0.395391
337.675049 259.674103 2.508998 1.165631
344.916626 132.154144 2.458757 -1.887854
344.916626 132.154144 2.458757 -2.624856
349.127960 105.916008 2.753103 -3.052874
349.292145 262.059784 2.442660 0.070490
357.120941 262.022766 2.349675 -2.925206
357.483093 271.237274 2.616424 -3.161833
363.521484 46.296707 2.448005 0.219615
363.521484 46.296707 2.448005 -3.297372
369.067657 51.660072 2.665583 0.453181
369.067657 51.660072 2.665583 -1.678963
369.893646 20.494081 2.793897 0.035947
371.443573 287.870514 2.590140 -3.177538
374.013794 464.560638 2.978915 -4.604059
376.515259 253.662659 2.356435 -1.455575
376.515259 253.662659 2.356435 -3.080528
378.012695 300.341736 2.588086 1.559138
380.345673 49.837730 2.829693 -1.670004
382.260620 221.525452 2.690311 -1.444298
5.890887 441.850830 3.303976 -1.613337
6.661648 124.097267 2.778846 -4.390183
12.081644 169.002441 3.317092 -4.513666
21.481087 162.588303 3.336474 -4.452151
22.724838 106.874557 2.838258 -1.724082
27.455761 131.528778 3.209872 -3.034282
28.830084 508.371735 3.458967 -3.225523
35.110237 498.295654 2.984594 -3.229457
35.468323 12.322697 3.311591 -1.862158
37.190281 346.877563 3.159264 -1.515694
38.012928 47.609688 3.199197 -3.304465
39.164909 355.956299 3.154410 1.382149
38.412861 466.654785 2.868975 -2.889490
45.080673 57.722431 2.918702 -2.028029
45.080673 57.722431 2.918702 -2.985843
52.932999 273.111572 3.296985 -3.114283
57.550262 215.962601 2.975597 -1.440505
66.505379 115.188431 3.486029 1.304910
76.293282 265.024261 3.513699 -0.075947
97.560822 298.119598 3.527474 0.107687
97.560822 298.119598 3.527474 -3.189536
97.604118 418.257538 3.040879 0.027118
97.604118 418.257538 3.040879 -3.178819
103.248222 30.236431 3.018715 -1.468745
106.106995 54.792255 3.378921 0.083632
106.636826 184.161987 3.392022 -0.162319
106.636826 184.161987 3.392022 -4.562901
106.621582 214.175171 3.438715 -0.155949
109.133202 133.252457 2.980370 -1.473863
113.583069 249.596542 3.484383 -0.153521
122.382515 131.971664 3.125293 -1.603646
122.382515 131.971664 3.125293 -3.109126
122.409737 179.095428 3.147977 0.986289
128.408905 167.539322 3.095148 0.940485
128.408905 167.539322 3.095148 -1.007125
128.097839 222.320312 3.011437 -1.642534
136.346512 214.812302 3.018046 -1.621505
137.156265 80.611717 3.435793 -1.657291
139.603287 425.269501 3.487459 -4.675437
143.001221 14.830006 3.141709 1.301739
151.566147 19.926176 3.144301 1.159921
157.438126 51.663986 3.202127 -4.160545
167.082626 346.279266 3.198193 -1.094921
167.912598 401.170959 2.866676 -4.577693
171.840317 433.092834 3.354156 1.546196
176.340256 56.107296 3.223576 -3.245859
188.029694 288.856934 3.530402 1.490574
191.397186 456.429810 3.406329 -1.300849
193.667343 97.708878 2.917789 -0.995151
193.667343 97.708878 2.917789 -3.813754
196.008011 132.442215 3.335990 -3.060189
199.559143 383.293365 2.961414 -3.154078
202.874405 235.402496 3.377378 1.200711
202.874405 235.402496 3.377378 -3.251556
203.721497 282.498047 3.246907 -2.893736
206.084274 490.969543 2.908323 -2.866018
211.747711 288.387054 3.354321 -2.626500
211.747711 288.387054 3.354321 -4.661654
214.858398 213.985931 3.244863 -1.548748
214.858398 213.985931 3.244863 -2.292113
226.571991 22.025023 2.794962 1.073972
227.561905 500.271759 2.856437 -0.686434
229.402817 297.957977 3.298217 1.456998
234.267532 175.290115 2.960520 -0.134273
240.154953 277.418945 3.182880 -0.136625
240.154953 277.418945 3.182880 -4.505448
242.274750 19.444975 3.250914 1.286817
244.785828 37.375408 3.211152 -1.337064
245.424149 28.463703 3.466282 1.388457
245.424149 28.463703 3.466282 -1.334799
250.683014 256.390991 2.991560 -2.891873
259.182007 53.306580 3.042864 -3.213325
263.124207 12.401261 2.975621 -2.461751
267.778015 88.132385 3.117609 1.485153
268.859833 57.812458 3.402318 -3.294757
280.564392 98.499176 3.185954 -1.052742
280.564392 98.499176 3.185954 -3.352773
284.693237 327.038177 3.378881 0.473146
301.816620 329.758209 3.357379 0.434783
315.328674 186.201538 3.280767 -2.853757
320.406342 36.369293 3.256741 -3.126489
320.479065 50.565193 3.332862 -3.259206
319.631317 131.246582 3.100770 -0.098845
328.183014 56.083447 3.266194 0.757638
328.183014 56.083447 3.266194 -1.648333
328.564362 67.434891 3.609188 -1.632185
328.564362 67.434891 3.609188 -3.998560
333.940704 119.424927 2.977200 -0.030120
333.940704 119.424927 2.977200 -2.987234
335.269775 448.039673 3.019164 -1.469613
336.848145 4.492280 3.354745 1.513386
336.602539 81.653572 3.100685 0.176133
336.602539 81.653572 3.100685 -3.169660
343.891724 418.224274 3.068123 -3.396956
344.134583 429.891205 3.203670 -4.378153
346.570801 502.613770 3.308273 -4.336406
350.216705 96.728508 2.974707 -3.113406
352.591644 84.423996 2.815883 0.111343
352.591644 84.423996 2.815883 -3.008379
354.117249 15.118672 2.919288 -3.095830
354.333160 398.058563 2.949114 0.552097
372.065094 308.219788 3.649585 1.546798
372.065094 308.219788 3.649585 -0.779158
372.602905 267.411133 3.571087 -2.991726
372.845490 193.574356 3.401667 -0.067847
19.294304 152.679260 3.954711 1.406581
25.308323 231.430969 4.086107 -0.313089
25.308323 231.430969 4.086107 -4.574680
28.938999 54.452259 4.111876 -3.215458
31.170742 440.482666 4.019578 -3.334757
34.994049 12.929305 3.603439 -1.846294
36.168018 152.032532 4.686985 -1.603988
45.692757 141.020828 4.865992 0.088592
47.234283 222.277084 4.822084 -4.561974
50.115261 375.578400 4.491693 -3.604637
52.251934 45.072868 3.951514 -1.744253
52.460754 234.981567 4.022020 -3.339698
60.453480 287.691010 4.229738 -4.655470
62.252083 369.320740 4.007348 -2.112065
72.784317 70.782784 4.169875 1.154352
72.784317 70.782784 4.169875 0.345531
76.394119 265.205292 3.590924 -0.099267
82.539818 426.714050 3.744287 -1.530917
87.126549 289.714722 4.309313 -3.563691
87.894402 374.101227 3.819831 -3.067353
92.403923 475.336395 3.899711 -0.516161
111.710335 279.007050 3.812799 1.238506
113.518112 250.005096 3.520159 -0.159581
112.411644 437.875854 4.184753 -1.127024
121.642929 272.172089 4.392900 0.081016
128.105164 24.573057 3.953089 -4.554088
137.817551 162.421906 3.759593 1.446524
148.331924 223.933472 4.248770 1.359224
148.331924 223.933472 4.248770 -1.405203
152.650375 456.917633 4.270355 -3.176553
168.667755 442.376251 3.849904 -1.343200
168.725754 398.178467 3.658173 -1.460321
168.725754 398.178467 3.658173 -4.600262
168.667755 442.376251 3.849904 -1.343200
174.015396 152.778763 4.452976 -4.541749
174.476456 74.494110 4.154131 -1.714937
186.588394 222.871796 3.893050 -1.504761
188.408096 288.766052 3.527291 1.468171
191.254868 20.230236 4.127949 1.242448
201.327164 175.600967 4.253920 -0.041619
211.493622 161.917953 4.434865 1.529148
212.739914 178.024597 4.243285 -3.195001
243.657257 247.593994 4.093197 0.273700
243.657257 247.593994 4.093197 -2.869813
244.811783 313.584259 4.144081 -2.999520
261.825317 417.730225 4.575955 1.068651
268.441742 282.258606 4.107780 -3.611349
268.441742 282.258606 4.107780 -4.583642
279.325562 122.076401 4.103653 -3.215617
280.656342 132.469498 3.779045 -2.989606
287.645477 155.407242 4.241465 1.471840
287.645477 155.407242 4.241465 -1.153792
297.594482 232.375885 4.941444 1.461822
297.594482 232.375885 4.941444 -0.182708
328.436310 67.548569 3.612479 -4.047533
330.305084 382.984344 4.602818 1.535409
330.305084 382.984344 4.602818 0.275053
335.101776 193.828934 3.782578 1.477824
339.331879 437.381958 3.765789 -1.354648
339.331879 437.381958 3.765789 -4.373299
340.232269 48.103947 4.192183 0.173065
345.005157 429.729919 3.455064 -4.343202
353.059998 42.931164 4.503078 0.148235
361.371918 403.231354 3.641137 -1.146137
372.049591 443.209442 4.041584 -4.131750
373.383148 269.197662 4.121779 -2.952123
372.935120 308.567871 3.908825 1.513750
372.935120 308.567871 3.908825 -0.708062
374.608948 413.949097 3.444203 -1.082348
6.206794 355.132690 5.507670 -1.620106
9.634436 280.950745 4.801847 -4.501696
10.814950 129.837601 5.246636 -4.438551
12.973040 238.861816 5.098363 -0.263240
12.416945 266.666107 5.517615 -4.531927
17.725513 37.037632 4.831015 -3.204995
23.816269 210.500336 5.185784 -0.065607
40.039268 165.235535 5.294120 -1.565895
40.039268 165.235535 5.294120 -4.122337
43.641422 107.594131 4.980513 -1.657769
56.062386 150.794128 4.773223 -1.554116
59.873672 128.196777 5.978639 1.337039
59.873672 128.196777 5.978639 -0.100919
64.164604 239.976700 5.134487 -3.273989
64.775826 273.845734 5.449203 -3.190999
64.775826 273.845734 5.449203 -4.635527
74.494850 376.570648 5.533267 1.331409
74.494850 376.570648 5.533267 -1.910484
81.861465 100.103683 4.751135 1.267481
81.861465 100.103683 4.751135 -1.649849
104.761848 98.941742 5.037623 -4.550943
110.367294 227.939514 5.432377 0.254701
122.444725 292.980408 5.251375 1.402541
125.006226 252.269302 5.125794 -0.104998
129.323090 106.149666 4.509288 0.781136
129.323090 106.149666 4.509288 -2.944530
137.610245 485.042450 5.567465 -1.340410
149.571472 471.859772 6.787647 -1.369402
149.571472 471.859772 6.787647 -2.979474
157.221298 211.001617 5.254833 -1.511782
156.869980 346.393799 5.266754 0.155181
159.202545 163.363007 5.384800 -4.576021
169.585251 374.587799 4.984512 0.005872
175.167603 88.242332 5.362225 -1.712128
182.091507 138.204208 5.343240 -1.689726
182.573685 106.284286 5.279624 -3.695980
191.342758 469.921265 5.287809 -0.185864
193.430115 70.740013 4.689479 -1.662277
198.616333 32.191116 5.585608 -3.268621
200.846207 191.149292 5.216287 0.033930
217.981384 112.545113 5.439164 -0.064642
223.276413 279.689819 5.050664 -0.544384
225.032608 187.155655 5.168389 -0.008607
226.574707 217.533707 4.994831 1.424765
226.574707 217.533707 4.994831 -0.935735
240.034714 397.905182 4.664816 -1.374189
245.532898 419.874756 5.209013 1.438064
245.532898 419.874756 5.209013 0.914510
252.808319 236.938568 5.348224 -3.251284
272.884308 144.947296 5.151489 1.447091
272.884308 144.947296 5.151489 -2.008952
287.542938 20.197437 5.794703 0.725519
291.132141 84.461357 4.931517 1.310988
291.132141 84.461357 4.931517 -1.238552
300.081116 70.184105 5.431853 1.535962
311.304443 341.677307 5.576802 0.333301
315.147461 495.063354 5.320930 -1.821807
317.748871 265.619781 5.066907 -1.467255
317.536041 284.197021 5.053180 0.273127
317.536041 284.197021 5.053180 -4.682931
317.179169 428.975708 4.793015 -0.692780
328.570709 142.808517 4.819714 -1.595441
329.576752 224.557983 5.065972 -4.559096
328.201752 413.806549 4.900774 -1.934500
329.462738 459.121948 4.610203 -0.304915
329.462738 459.121948 4.610203 -3.384754
336.088165 249.225815 5.545362 1.383282
336.088165 249.225815 5.545362 0.640904
336.088165 249.225815 5.545362 -1.113732
336.088165 249.225815 5.545362 -2.902775
336.495209 313.283234 4.913297 -0.161297
336.495209 313.283234 4.913297 -1.224515
340.612213 26.076820 5.130214 0.092670
340.612213 26.076820 5.130214 -3.012943
347.824524 236.529282 4.674687 -4.589271
348.881195 410.227417 4.374283 -1.934222
357.260071 387.507538 6.422235 0.285012
358.926971 158.554520 5.289155 -0.240478
364.267395 141.944641 5.009732 0.739099
364.267395 141.944641 5.009732 -1.309134
372.542450 151.832977 4.123294 0.939126
14.559525 373.792297 6.423947 -1.551448
26.963486 209.515472 6.408516 -0.144590
34.297863 384.669098 6.787477 -1.534411
38.160851 334.625153 6.070326 -1.133921
42.129223 73.228836 6.889294 1.453179
42.129223 73.228836 6.889294 -3.260302
51.948669 90.063408 6.985254 1.346720
65.166756 228.743988 6.520437 -1.757057
65.166756 228.743988 6.520437 -3.406382
115.249763 169.567245 6.781036 0.965385
115.249763 169.567245 6.781036 -1.347929
123.882339 243.754196 5.981991 0.003693
128.946732 354.451080 7.039950 0.038769
130.764587 312.730499 5.923755 -1.475937
156.627609 345.654419 5.350450 0.213692
159.175385 272.100616 6.847092 -3.126786
201.230408 122.816872 6.489694 0.096233
201.230408 122.816872 6.489694 -3.268263
215.994919 36.862556 6.796389 1.340093
215.994919 36.862556 6.796389 -3.410734
219.447449 134.192993 5.887878 -1.591443
236.361511 14.072286 6.195165 1.180717
278.580933 447.566132 6.092003 -1.469922
278.580933 447.566132 6.092003 -4.619449
305.258270 179.462860 6.104836 -0.396862
319.683136 190.307236 6.110757 -2.838586
335.258057 207.221329 6.839583 1.560025
339.302338 492.225800 6.433797 -1.520919
350.780273 456.793274 6.965096 -1.357319
357.145538 386.662201 6.140599 0.274224
367.053619 83.414291 6.348541 0.252579
369.074677 324.888672 6.494720 -0.149388
374.518890 227.042267 6.417976 -4.327849
65.212593 182.445496 8.235585 -3.403326
76.149315 84.801643 7.951136 1.091224
85.476883 165.832977 9.654489 -1.523673
89.674561 195.735062 8.096094 -3.177957
102.352043 439.762299 7.620274 -0.653454
146.802231 467.249420 8.754058 -1.448081
146.802231 467.249420 8.754058 -2.814566
156.085968 242.045288 7.954216 -3.321290
157.853210 269.140747 7.649641 -3.148388
169.242996 3.874138 7.780111 0.053586
171.159760 463.225494 8.796893 -1.004016
171.159760 463.225494 8.796893 -2.805235
176.678772 228.489044 8.748219 -1.652657
175.654709 252.835373 7.147242 -0.063233
175.654709 252.835373 7.147242 -3.242493
176.338058 284.541962 8.149379 -4.618129
179.186035 400.828918 8.784281 -1.700035
177.690247 441.189423 7.158957 -1.189683
195.910828 244.113541 7.672276 0.035704
253.518539 129.033997 8.243799 -1.474665
253.518539 129.033997 8.243799 -2.645293
276.727173 49.669155 7.279507 0.360671
276.727173 49.669155 7.279507 -3.435735
285.074738 174.508575 7.912352 -0.576604
285.074738 174.508575 7.912352 -3.083806
303.976288 160.772064 8.713964 -0.581881
303.976288 160.772064 8.713964 -3.095287
307.487427 457.444977 7.898589 -0.783783
315.868805 276.290924 9.488617 0.110569
315.868805 276.290924 9.488617 -1.210549
21.100677 181.193024 9.540500 -0.487950
21.100677 181.193024 9.540500 -4.064188
65.454132 185.644455 9.140347 -3.379375
65.827995 202.225174 9.550893 -3.058777
77.057312 402.646851 9.425202 -0.812872
201.719711 60.449997 11.317504 -1.624377
243.740036 49.411678 14.201385 0.997047
243.740036 49.411678 14.201385 -3.468328
243.110046 409.128876 11.128513 -4.502657
247.433502 247.391632 9.822929 -3.124481
274.362366 242.536926 10.282679 -3.091309
298.070892 127.712059 10.847731 -0.947110
298.070892 127.712059 10.847731 -2.902582
301.648956 42.017460 10.394530 0.526578
301.648956 42.017460 10.394530 -3.315686
308.495056 89.361809 10.723983 -1.119741
308.345062 242.283432 10.963982 1.478020
308.345062 242.283432 10.963982 -0.744357
329.146362 121.022049 10.735635 -1.179509
353.595032 419.443848 9.553681 -1.223315
358.452240 218.092896 9.924517 -4.336851
359.101746 88.985710 11.985833 0.373344
359.101746 88.985710 11.985833 -3.521115
361.385773 192.220306 10.106500 -0.064783
15.993052 454.033417 13.238805 -1.902145
15.993052 454.033417 13.238805 -2.784075
31.846937 123.096634 13.664433 0.027176
31.846937 123.096634 13.664433 -1.739825
43.751606 422.905853 13.218100 -1.024652
54.798466 61.059593 13.377705 0.968545
68.383812 137.294998 11.619699 -1.435946
93.617393 169.884720 13.398418 -1.462774
101.915550 273.219391 11.357438 0.485862
122.786034 197.372086 12.164029 0.098721
155.112991 136.791046 13.696747 -2.900592
155.112991 136.791046 13.696747 -4.554112
241.894379 52.607449 11.921202 1.103676
241.894379 52.607449 11.921202 -3.542655
288.337280 200.505051 12.978087 -2.928596
300.990784 401.229401 14.314641 -4.701482
347.447021 281.522919 13.747517 -2.973104
8.570488 85.708611 15.106599 -1.935850
8.570488 85.708611 15.106599 -3.793343
214.151718 445.160034 17.539038 -1.214950
345.559082 169.196045 17.459656 -0.155762
148.809479 58.505798 19.246424 0.963004
152.305954 188.382462 19.073040 -0.126563
54.882694 315.762604 24.485868 -4.709674
90.539009 247.414429 23.609322 1.468854
90.539009 247.414429 23.609322 0.116008
292.227234 343.115021 27.831852 1.370350
292.227234 343.115021 27.831852 -0.579960
256.988281 86.735832 36.155125 -2.516859
256.988281 86.735832 36.155125 -4.110017
159.745605 368.903229 48.992630 -1.068396
