6.547513 133.123901 1.880194 -1.739110
8.247550 205.757141 2.137951 -0.321519
13.738030 115.977966 1.966122 -0.050927
13.509427 393.911621 2.127538 -2.019098
17.824635 230.722855 1.945643 -3.364967
20.295574 52.603680 1.819721 -1.957485
20.792744 288.555298 2.123017 1.513335
23.340300 19.067686 2.313888 1.383739
23.340300 19.067686 2.313888 -1.127087
23.341890 25.474798 2.391931 -1.194477
23.341890 25.474798 2.391931 -3.805039
23.991879 92.460609 1.819559 -0.058401
23.509859 229.210220 1.960010 0.620055
27.057327 114.046417 2.048982 -0.093449
28.433197 124.804146 2.120838 -0.118801
28.062735 168.557785 1.886787 0.022548
28.980022 178.820587 2.249081 -0.055216
30.125235 202.614700 1.988947 -0.227334
31.243303 216.914261 2.213244 -1.495254
33.282551 113.484688 2.170129 -0.010875
35.028008 48.895470 2.130002 0.246061
35.028008 48.895470 2.130002 -3.197267
37.618740 180.413971 1.835062 -3.261437
38.314465 204.509003 1.970529 -2.749556
40.557331 278.526611 2.113721 -3.198548
41.952408 132.995377 2.030634 -1.663997
51.061199 442.962952 1.913980 1.398175
51.061199 442.962952 1.913980 0.900701
55.168571 128.491180 1.959603 -0.334469
55.168571 128.491180 1.959603 -3.182731
58.261250 151.960754 2.073045 -1.447445
59.863720 50.044804 1.877063 -3.158620
59.525154 278.287292 2.113142 0.478529
59.525154 278.287292 2.113142 -3.169242
60.680817 79.995682 1.806209 1.081533
60.680817 79.995682 1.806209 -0.720798
61.817890 165.622452 1.999928 -3.058212
64.104073 337.464966 1.812911 0.250013
64.783188 265.721283 1.778991 -3.122581
69.592804 167.909882 1.768884 -1.333944
73.231743 104.311966 2.013517 -1.110213
72.850388 361.373444 1.964656 0.471939
75.503220 225.115036 2.597360 -4.682604
75.600006 87.612816 1.961406 -1.375770
77.417191 162.691467 2.264838 -0.092839
77.417191 162.691467 2.264838 -1.046410
79.198334 450.619171 2.101710 -2.592255
80.130325 95.943352 2.024705 0.144237
80.130325 95.943352 2.024705 -2.998464
83.156578 256.852722 1.830050 -1.321365
84.799255 349.235809 1.837275 0.351104
85.608963 408.820007 1.980271 -1.651446
87.059456 156.201233 1.861004 -2.275005
86.982994 279.854462 1.979123 -0.007756
86.982994 279.854462 1.979123 -3.117344
91.593903 349.542969 1.969021 0.645346
91.593903 349.542969 1.969021 -0.599369
93.524475 283.629822 2.538469 -4.587201
93.621895 150.345062 2.324486 -3.025040
97.212715 507.577484 1.820790 -3.123707
99.074989 149.162628 1.975755 -2.843012
102.101532 506.437744 2.079592 -3.175883
106.410477 8.654421 2.215924 -3.140191
112.803391 478.230499 2.105277 -1.507560
118.396660 459.960205 1.761155 -2.020656
120.843872 266.378784 2.016637 -0.055084
126.864128 402.199493 2.137577 -1.909919
127.156952 437.919006 2.022782 -1.461332
131.860947 217.226212 1.926587 -1.648713
133.928360 240.983047 1.821143 -2.437456
133.928360 240.983047 1.821143 -4.481364
138.745697 357.559448 2.207799 0.083662
138.745697 357.559448 2.207799 -3.089204
139.048920 417.079712 1.900892 -1.502078
144.910629 285.674530 1.991332 -3.118165
147.902435 20.451609 2.039190 -0.052254
150.134094 263.226501 2.081578 -3.059019
150.180267 284.567261 2.052691 -3.199151
151.115631 198.722900 2.025541 0.414297
151.065781 209.400146 1.849010 -0.049730
153.627197 289.352661 1.843324 -4.625971
158.380341 78.715332 2.059821 0.170481
158.843353 434.209229 1.973549 -3.525782
165.100113 22.273024 2.070570 -3.192553
167.790771 411.809021 2.102446 -1.563215
168.425385 157.263763 2.062485 -1.585671
172.047745 171.120163 1.874995 -4.694258
174.602249 503.901550 2.259607 -4.474338
176.566788 157.445557 1.971105 -1.355798
179.489471 119.991241 1.893161 0.239625
179.489471 119.991241 1.893161 -3.090331
180.594360 293.830444 1.901505 1.521338
184.434036 435.997559 2.070073 0.001607
184.434036 435.997559 2.070073 -2.930161
192.356293 38.968540 2.015163 -3.134881
195.473572 482.944733 2.126054 -1.608860
196.662415 51.136726 2.031198 1.430498
207.196304 251.951187 2.018046 -1.598380
207.196304 251.951187 2.018046 -3.163795
208.884857 36.782223 2.197078 -0.018887
208.745575 45.364510 1.901170 0.045547
209.837799 163.405029 2.242918 -1.113086
214.453781 158.942215 2.249172 -1.152318
214.520386 250.740509 2.198914 -1.494200
218.171036 186.627548 2.158117 -4.099046
218.666611 213.720230 2.325802 -0.714526
222.097107 195.719528 1.953844 -3.079676
224.945755 256.663757 1.890249 -3.734143
226.996841 207.564941 2.083517 -1.400364
226.996841 207.564941 2.083517 -3.650376
226.999237 504.414032 2.077594 -1.278517
229.852386 252.555878 2.257986 -1.246967
229.845230 287.758789 2.262529 -0.170185
234.479919 296.008728 2.080752 -4.707632
235.623077 60.797443 1.942513 -1.512584
237.735275 505.881531 1.845889 -1.294425
238.842331 17.423607 1.903238 -3.339305
240.067001 31.463671 2.108940 -3.208118
251.124542 63.623238 2.054293 -0.575987
252.555725 72.118896 2.177639 0.102773
253.275879 290.003998 1.961244 -2.894068
253.499588 442.662140 1.927117 -3.164745
257.586548 270.355072 2.049755 -2.665376
265.272583 104.044235 1.895574 0.040076
265.698425 144.879929 2.149217 0.224052
265.698425 144.879929 2.149217 -4.635558
273.312256 247.891525 2.095474 -1.436079
273.312256 247.891525 2.095474 -4.471917
275.015167 473.511414 2.038765 -1.726899
277.459442 232.926895 1.818997 -2.468584
277.503906 478.987396 1.848691 -4.483539
280.578857 158.564407 2.038011 -2.055675
282.997406 72.357986 2.145020 0.242441
291.175232 47.411095 2.005606 1.555592
297.647003 444.436005 2.021642 -4.266900
300.284088 128.753082 2.110634 -0.170872
300.284088 128.753082 2.110634 -1.531453
309.105164 128.924606 1.931924 -1.596521
312.480713 29.478115 2.186176 -0.404303
312.901672 159.491272 1.738240 -1.611933
317.089447 128.709869 1.955462 -1.574577
323.196869 70.069946 1.898744 -3.187562
325.897766 289.326813 1.844242 -1.595412
325.612427 127.813004 2.218477 -2.997607
328.662994 5.122743 1.852568 -0.274514
331.920685 71.053337 2.227418 -3.028911
331.799286 209.795975 2.130491 -3.880859
333.757050 133.027451 1.852031 1.363011
339.174683 290.306824 1.935877 -2.841156
339.174683 290.306824 1.935877 -4.043593
338.773193 506.070740 2.070910 -1.121165
341.443329 203.524139 2.332760 1.540896
342.144623 360.142365 1.877584 -1.038752
344.928711 104.389801 2.112222 0.406146
345.094666 197.739777 2.229133 1.477087
345.320801 208.811340 2.087689 -1.566590
345.320801 208.811340 2.087689 -4.599383
347.401215 186.789001 2.336453 -1.896786
347.401215 186.789001 2.336453 -4.709462
346.697723 297.377502 2.052486 -4.651390
350.395691 71.139503 2.507557 0.288539
351.296600 203.143723 2.163049 1.567502
351.296600 203.143723 2.163049 -1.353405
352.741943 122.996628 1.890194 0.055527
353.698090 197.569916 2.099573 -4.688290
369.512421 11.196858 1.959016 -0.343767
372.416962 19.581385 1.995776 -0.338336
373.253876 425.756500 2.156806 -3.042308
373.003632 441.074890 2.023994 -2.934017
373.543365 249.298019 2.041604 -4.606989
378.125519 298.878601 1.915709 -3.087394
379.166046 213.359985 2.051255 -4.607497
380.132050 40.767372 1.943876 -4.567608
382.267639 270.129761 1.847611 -1.931811
7.832996 186.084869 2.543551 0.076603
11.151328 19.935476 2.337060 -0.733317
14.965675 184.848969 2.645537 -0.005616
18.371378 29.299921 2.338583 -0.014704
19.118023 272.871979 2.563223 -0.100656
19.118023 272.871979 2.563223 -4.347991
20.915598 43.045048 2.429223 1.045292
23.887930 81.984131 2.358703 1.415668
25.711744 222.865936 2.372281 -4.570126
29.316711 438.915283 2.757694 -4.598815
29.621920 11.852894 2.495021 1.375189
30.138502 430.514648 2.715419 1.473465
40.286610 271.792633 2.267712 -3.388487
41.415470 6.395664 2.265473 0.050110
41.415470 6.395664 2.265473 -4.033916
42.609268 65.740486 2.451200 -1.580412
43.364014 174.578293 2.396419 -3.343304
44.550850 59.194241 2.491180 -1.613351
43.701279 185.938766 2.552544 -3.176660
54.489365 53.012054 2.488619 -4.608041
55.863308 95.836327 2.663818 -3.411648
55.816433 195.937393 2.533954 -3.080256
55.349415 240.498199 2.205792 -4.680073
60.729988 157.946594 2.735231 -1.287199
66.048729 42.068142 2.552781 0.018784
65.540894 51.858269 2.635083 0.197800
67.783791 250.221085 2.713455 0.198815
70.208473 332.325073 2.387118 0.510649
73.972862 98.212578 2.467825 -0.996903
90.197823 107.857590 2.518452 -0.969305
92.894135 429.178467 2.741440 -0.237683
92.894135 429.178467 2.741440 -1.235621
95.757095 143.319260 2.649028 0.618438
95.757095 143.319260 2.649028 -2.589619
95.757095 143.319260 2.649028 -4.096142
97.165977 102.493797 2.396623 -0.046528
99.840652 432.345490 2.462252 -0.117703
102.716827 458.819611 2.733992 -0.491203
107.330078 72.139191 2.501247 -3.343112
112.946129 250.129456 2.306425 1.487076
114.896278 129.713943 2.575375 -0.036157
114.896278 129.713943 2.575375 -1.511676
116.110176 117.801147 2.877296 0.023835
117.509842 255.710754 2.441976 1.209160
119.471527 50.061401 2.371756 -4.539114
126.471329 130.419617 2.372281 -1.820077
133.987183 123.786423 2.390128 -2.946342
135.092163 84.436897 2.779573 0.200477
135.092163 84.436897 2.779573 -2.918841
135.972824 267.323303 2.247778 -3.225683
143.234756 153.564804 2.442517 -0.066216
146.990982 47.246613 2.340476 0.233923
146.990982 47.246613 2.340476 -3.265386
148.477249 121.901695 2.682468 0.203688
152.251587 52.878422 2.688008 0.453043
152.251587 52.878422 2.688008 -1.558625
151.974899 441.903412 2.439840 -1.455269
156.722183 250.351700 2.542381 -1.412018
157.408676 295.655914 2.544312 1.511934
156.563980 455.031464 2.918935 1.521317
177.966583 437.259338 2.687379 1.450112
177.966583 437.259338 2.687379 0.158895
188.961899 505.446228 2.615053 -4.550309
190.401596 73.549103 2.620406 1.323836
193.165955 165.329819 2.523489 -0.215877
193.165955 165.329819 2.523489 -3.522817
197.972565 506.750854 2.589108 -4.361206
198.859924 128.589111 2.661493 -3.038004
199.530624 434.271545 2.384729 -1.523670
201.182220 441.242218 2.471966 -4.660499
218.984848 273.690643 2.841030 -2.831414
220.357422 14.999036 2.276032 -0.225564
220.357422 14.999036 2.276032 -2.937637
224.447067 351.401978 2.741802 0.119461
228.143234 11.159036 2.661856 -3.279341
229.120163 275.013306 2.314513 0.208736
230.837448 344.844360 2.723577 0.581777
235.046082 263.158081 2.796218 0.430916
247.160477 43.696125 2.447771 -4.650535
246.868851 127.891541 2.412801 0.052845
254.110046 435.451996 2.608538 -2.966052
271.128632 36.411358 2.291053 -3.761653
281.168243 125.831612 2.474372 -0.075304
282.462158 47.144356 2.398728 -4.578902
289.881104 125.888596 2.507478 -1.600151
295.064270 7.081769 2.834958 -0.353789
295.064270 7.081769 2.834958 -3.619101
297.617950 99.207985 2.283946 0.210814
297.617950 99.207985 2.283946 -3.187817
305.894226 65.222412 2.565983 -0.058551
316.531372 37.614975 2.347793 -0.239433
323.035583 199.075821 2.503309 -3.959244
322.646820 208.245193 2.698892 -3.859043
329.038849 321.599579 2.788127 0.601935
329.852753 187.139969 2.462816 -1.619137
332.753387 290.070862 2.289221 -1.241431
333.999634 299.330109 2.772127 -4.663433
335.549194 236.374542 2.427995 1.547827
336.937378 197.529068 2.293346 1.512405
339.096863 186.753815 2.599248 -1.642728
339.401398 46.120846 2.677626 -1.568958
341.122253 352.468140 2.215176 0.629806
349.175201 497.290741 2.203189 -1.621116
352.779388 503.126465 2.388604 -1.626911
353.878265 477.512207 2.626505 -4.297122
356.322021 467.530457 2.733576 -1.703270
357.639069 184.568542 2.582789 -4.637331
362.254669 232.841675 2.338109 -3.430429
371.623962 242.693039 2.447009 -4.643114
378.822144 453.847015 2.472673 -3.057916
8.934331 295.621552 3.299731 1.471231
14.421776 169.673294 3.077624 -0.115497
27.219816 10.861578 3.210937 1.327665
29.728901 20.083633 3.507190 1.456294
29.728901 20.083633 3.507190 -1.225101
28.911070 29.240515 3.294396 -1.226268
30.703060 252.983643 3.016926 -2.882008
29.518684 438.881439 2.814994 -4.579358
43.070103 46.553310 3.100991 -3.180925
48.873978 5.731566 2.893782 -2.265186
50.569778 82.448997 3.202883 1.487801
55.821205 424.399628 3.047824 -1.549450
62.370529 129.087509 3.600942 -2.971134
63.558468 93.907150 3.408120 -0.972971
63.558468 93.907150 3.408120 -3.322940
66.892960 281.833557 3.005435 -4.637416
67.786636 320.922424 3.198191 0.053953
84.305389 12.716156 3.025691 -0.128122
96.775887 183.038406 3.440030 -2.834980
101.586426 128.554016 3.083123 -0.091716
105.123001 34.366188 3.186823 -3.090795
104.807602 48.406559 3.287606 -3.227897
112.163490 54.467865 3.255728 0.795766
112.163490 54.467865 3.255728 -1.550933
112.163490 54.467865 3.255728 -4.006555
112.284416 65.770515 3.544574 -1.511765
112.284416 65.770515 3.544574 -3.957670
118.511299 441.883179 2.941184 -1.489347
119.542946 80.665092 3.074631 0.190560
119.542946 80.665092 3.074631 -3.130365
119.144821 307.340485 3.574599 -0.089263
119.144821 307.340485 3.574599 -1.309719
122.356483 4.100210 3.302222 1.506960
126.277794 423.690735 3.005245 -4.464030
139.095047 16.597773 3.075200 -0.102744
139.095047 16.597773 3.075200 -3.089973
142.593918 396.428650 3.522377 -1.246721
143.754807 424.910309 3.613981 -4.660662
145.402405 81.850861 3.953753 0.377679
145.402405 81.850861 3.953753 -2.876366
151.599701 303.228943 3.591268 1.518296
151.599701 303.228943 3.591268 -0.774914
152.592377 191.776291 3.238942 -0.040462
154.947556 434.685974 3.646280 -4.289276
164.075653 283.116699 3.420065 1.274476
164.075653 283.116699 3.420065 -0.746038
169.183167 444.137634 2.956892 -4.707134
172.145065 128.956619 3.403031 -1.615967
172.257904 463.015137 2.975271 -1.381027
185.387161 428.432343 2.713809 0.508431
186.876083 360.636169 3.162532 -0.151852
195.061127 212.446915 3.048637 -1.776001
197.341660 465.841736 3.197956 -1.686162
198.713501 254.952484 3.154846 -3.244689
201.397141 72.696114 2.761502 -3.185355
202.562042 219.229340 3.104696 1.568891
214.269318 219.270035 3.217680 1.535378
220.317657 24.709156 3.256936 0.279940
220.317657 24.709156 3.256936 -3.255281
221.814529 180.571259 2.899749 -0.328938
232.704315 450.145020 3.079186 -4.565818
243.128998 211.460892 3.526033 -1.364841
243.293808 266.937225 3.265882 0.510128
250.023880 9.304061 3.352835 -0.225593
250.389679 257.644897 2.927148 -0.946549
257.684082 252.472397 3.384685 -4.545474
258.194214 65.140541 3.100965 -3.447391
260.006500 150.293091 2.979558 -4.648886
272.168793 228.382370 3.304657 -4.689873
287.166718 56.469894 3.228442 1.536338
287.166718 56.469894 3.228442 -1.599494
287.668518 431.195435 3.003446 -1.071038
303.068146 46.576183 3.495366 1.350419
309.663513 39.986671 3.072180 -0.147608
309.663513 39.986671 3.072180 -4.087037
338.031189 459.478912 3.407254 -1.372839
353.061310 435.992950 3.179238 -2.036880
359.590942 279.518799 3.141006 -1.417798
361.427246 424.332733 3.099524 -3.017209
362.849518 203.341980 3.054865 -4.508194
21.010765 277.527008 3.996784 -0.582177
25.058258 311.544678 4.219251 -3.011366
49.151436 278.837158 4.271640 -3.588307
49.151436 278.837158 4.271640 -4.621178
61.574482 117.305733 4.096566 -3.186891
62.476131 128.511536 3.703487 -2.949034
69.297661 151.364059 4.280809 1.508848
69.297661 151.364059 4.280809 -1.127455
112.453438 378.699951 4.088478 1.425370
112.453438 378.699951 4.088478 0.325749
115.852997 191.116669 3.742180 1.485358
122.579758 431.289856 3.779937 -1.386981
122.579758 431.289856 3.779937 -4.479516
124.334663 47.144470 4.275457 0.192922
127.857635 233.274216 4.559502 -4.627188
135.927948 386.084534 4.572749 0.501769
135.927948 386.084534 4.572749 -3.059046
136.900223 42.881947 4.360034 0.177956
142.385788 251.256348 4.615684 -3.100801
152.723175 151.193253 3.992346 1.144766
153.354782 434.578796 4.096026 -4.323910
172.526260 43.280331 4.068525 -3.252942
182.853607 303.786102 4.451529 -1.544921
184.622757 48.983486 4.215544 -3.378985
186.627457 415.652954 4.367482 -1.400481
197.111053 287.389465 4.459822 -2.918086
209.555817 33.644325 4.546984 0.057697
208.975616 252.659775 3.606713 -1.738244
208.975616 252.659775 3.606713 -3.213672
209.193390 292.117004 4.428502 -2.883783
209.193390 292.117004 4.428502 -4.708041
224.021576 438.659546 4.169297 -1.461128
239.272705 249.746460 3.711762 -1.577067
239.272705 249.746460 3.711762 -4.565084
242.936188 210.554977 3.762047 -1.316140
242.815369 288.804932 4.009738 -0.215677
243.017838 349.054230 4.773629 0.194243
256.770081 151.396942 4.223478 -4.703868
262.642883 439.945557 4.155713 -2.976497
262.642883 439.945557 4.155713 -4.406774
266.213715 47.811756 3.879178 -1.551902
266.767944 271.219818 3.935315 -0.857383
266.767944 271.219818 3.935315 -2.963692
272.540588 228.688919 3.505336 1.556697
275.418945 151.246140 3.742910 -4.554187
276.227722 453.041718 3.785754 -4.461838
292.610413 25.182985 4.331406 -3.622240
292.586060 38.654018 3.878902 1.503952
299.700684 309.629608 4.362780 1.500496
327.257568 298.167877 4.456347 -4.648054
343.907806 451.035919 3.774747 -1.654181
352.868774 434.885559 3.687820 -2.157184
357.822937 298.798615 4.226585 -4.644109
356.268524 445.152344 3.805541 -2.113085
362.572510 167.323914 3.918296 -0.603247
362.572510 167.323914 3.918296 -1.524640
22.379576 397.567871 4.718494 -1.399552
28.009567 419.742889 5.241521 0.819798
33.081360 233.041458 5.384902 -3.248905
37.547707 304.570312 5.266680 -1.668144
37.547707 304.570312 5.266680 -2.817116
49.798283 401.695892 4.732843 -1.296679
54.159019 140.298355 5.249409 1.478896
54.159019 140.298355 5.249409 -1.960011
74.134254 80.263420 5.003292 1.341621
74.134254 80.263420 5.003292 -1.157059
78.941521 229.473114 5.328273 1.380190
78.941521 229.473114 5.328273 -0.122892
84.034607 66.538628 5.440063 1.569668
98.328598 261.775940 4.889524 -1.457820
98.206642 280.503082 5.015475 1.563308
98.206642 280.503082 5.015475 0.272558
100.434662 490.007202 5.413706 -1.858642
110.355171 140.260605 4.711521 -1.523254
110.685539 221.284653 5.075266 -4.564731
110.734077 408.741394 4.904132 -1.966418
113.156601 453.183167 4.587429 -0.299849
113.156601 453.183167 4.587429 -3.466510
115.512917 245.163620 5.289822 1.438926
115.512917 245.163620 5.289822 0.646491
115.512917 245.163620 5.289822 -1.027659
115.512917 245.163620 5.289822 -2.908327
116.868668 309.219635 5.041024 -0.153495
116.868668 309.219635 5.041024 -1.241276
125.285240 25.325632 4.989759 0.097744
125.285240 25.325632 4.989759 -2.945154
137.624207 381.364471 5.861419 0.277455
139.403976 157.014359 5.164941 -0.213690
145.157639 140.803268 5.010692 0.742644
145.157639 140.803268 5.010692 -1.211897
159.473114 209.183701 5.030374 0.005731
159.473114 209.183701 5.030374 -1.015681
171.064301 164.789093 5.288985 1.463511
177.589844 316.704926 5.429382 -2.870446
185.374023 63.549549 5.052006 -4.697056
184.511230 269.911194 5.271562 -0.119959
184.511230 269.911194 5.271562 -1.857719
195.707016 41.991657 4.998512 0.108154
195.707016 41.991657 4.998512 -3.268811
197.061569 286.086884 4.748312 0.039083
197.061569 286.086884 4.748312 -2.877448
209.206680 124.246170 5.302305 -3.090956
217.744476 303.748688 5.156717 -1.482472
254.637177 292.621033 4.872874 -4.584552
256.721375 20.764698 5.109110 -3.684056
258.675507 351.032257 5.188450 1.482154
258.675507 351.032257 5.188450 0.094627
258.675507 351.032257 5.188450 -1.302192
271.220581 338.816010 5.192947 0.217474
270.754700 362.503387 4.832661 -0.110064
282.758331 260.689636 4.996088 -1.502971
295.257416 274.694641 5.720799 -1.565700
292.312042 297.625458 4.906031 -4.599014
313.309113 467.030426 5.345921 -4.668099
328.596802 417.612305 5.352837 -1.463835
339.386932 212.514221 5.567154 -4.476611
340.804443 376.043945 4.587255 -1.493549
342.298340 67.936707 4.618416 0.156183
342.298340 67.936707 4.618416 -3.019604
352.829468 74.723076 4.589164 -0.023099
355.617889 507.972107 5.270887 -1.662555
369.016876 289.490479 5.179566 -2.974513
2.522829 212.049149 6.307662 -0.882578
23.119226 304.769012 5.897844 -2.794077
62.607323 445.474548 6.061534 1.504170
62.607323 445.474548 6.061534 -1.446681
72.722755 15.417668 5.755923 0.619697
72.630783 338.118805 6.530403 0.263090
86.516899 176.004227 6.065119 -0.367752
115.929123 204.433075 6.752142 1.570057
133.956955 449.419250 6.821913 -1.367409
138.321762 380.503723 5.875778 0.270701
146.924683 338.189117 6.291988 0.307739
146.924683 338.189117 6.291988 -3.164460
148.934433 318.998871 5.893823 -0.280769
160.302155 47.216946 6.133110 0.170333
167.136978 124.281273 6.536443 -1.445632
175.416092 382.412018 6.595611 -3.330076
175.416092 382.412018 6.595611 -4.453753
196.785126 95.944229 6.299534 -3.124015
203.956848 198.601044 6.743357 -0.477132
203.956848 198.601044 6.743357 -3.266761
206.517242 152.598663 6.012063 1.460824
212.850327 72.587448 6.863075 -3.107697
241.520203 278.891083 6.340600 0.044802
267.939453 122.121872 7.160566 -0.044304
273.847870 232.780502 6.174679 1.556702
274.487122 215.972137 6.180852 -4.693898
285.272095 78.735977 6.774691 0.142276
284.749420 107.100998 6.338271 -0.069113
292.069855 137.927414 6.576773 -4.683616
300.912750 199.707428 6.897048 -3.794644
357.647858 473.321777 6.046376 -2.235076
357.647858 473.321777 6.046376 -4.234239
367.521332 57.395531 5.963198 -4.708559
35.152092 123.953888 8.087405 -1.348107
41.097683 308.961823 7.803602 -1.724755
41.097683 308.961823 7.803602 -2.712685
61.263741 44.664265 7.192005 0.380829
66.367546 170.765518 7.997159 -0.565055
66.367546 170.765518 7.997159 -3.077391
85.420959 157.196915 8.637821 -0.577234
85.420959 157.196915 8.637821 -3.077318
91.704422 453.366577 7.799208 -0.684072
95.737625 274.130798 10.348827 0.102210
95.737625 274.130798 10.348827 -1.220793
112.470024 312.852142 7.532185 -0.279213
112.470024 312.852142 7.532185 -1.125773
160.029984 227.059464 6.877029 0.519651
160.029984 227.059464 6.877029 -0.658642
157.554047 278.987518 8.276148 -2.988088
162.705795 308.845764 7.199444 -2.694128
170.570908 423.990662 8.725274 -1.464013
177.512985 380.382019 7.861404 -3.375875
181.359985 320.594177 7.823969 -1.681147
181.359985 320.594177 7.823969 -2.818086
196.404343 300.563751 7.836071 -1.504298
221.485809 282.727875 8.775629 0.078123
221.485809 282.727875 8.775629 -2.673808
266.708130 326.441071 9.012810 0.161521
314.381561 118.671799 8.935266 -3.039804
336.058044 134.432785 9.003819 -4.652635
343.266846 432.909607 7.764906 -0.537639
343.266846 432.909607 7.764906 -2.354683
357.529968 173.896255 7.905809 -1.605297
363.232361 316.509613 8.401742 -3.583988
371.140900 156.627853 7.306336 -1.150072
27.673201 243.708542 9.902222 -3.116521
26.210262 408.063141 10.947818 -1.273090
26.210262 408.063141 10.947818 -4.670558
54.893688 238.999252 10.469931 -3.085949
80.325829 124.404350 10.823710 -0.892018
86.456177 37.863838 10.478489 0.532308
89.045837 238.803177 10.959896 1.455685
89.045837 238.803177 10.959896 -0.713033
91.514267 86.072281 10.671366 -1.054813
135.170334 412.196289 9.259942 -1.280215
141.951782 190.002411 10.582047 -0.034680
140.008652 215.020340 11.039807 -0.080386
140.008652 215.020340 11.039807 -4.406460
158.020462 393.202393 10.628740 -1.316045
158.020462 393.202393 10.628740 -3.527234
178.662308 249.872757 9.545199 -0.853722
219.873840 41.605515 10.594916 -1.707636
261.637970 381.861420 10.702569 1.410514
261.637970 381.861420 10.702569 -0.052157
274.701630 434.925018 10.764920 -1.659294
313.209167 443.354858 8.934381 -1.216154
319.541931 77.397346 9.596658 -3.214921
344.428864 91.574120 9.500808 0.097396
348.116272 287.433044 10.541741 -1.523875
348.116272 287.433044 10.541741 -4.583250
352.250336 32.594032 10.013928 -3.636341
363.917603 115.773315 9.943307 0.288186
25.560751 44.255348 12.362711 1.031013
69.426559 197.199463 13.248591 -2.917362
83.051445 397.704010 14.453039 1.499358
126.910538 279.166412 12.961811 -0.263054
126.910538 279.166412 12.961811 -2.923343
143.738922 88.388634 12.011622 0.199772
164.239700 38.782974 12.542227 0.282816
171.024918 195.685699 12.425314 -0.064483
179.305481 463.417114 14.292908 -1.450682
220.784424 89.077995 17.027405 -3.136652
32.267746 183.516022 14.954387 -2.886436
180.837494 101.492096 16.025490 -3.173159
261.129150 473.997437 14.855267 -1.300675
303.596771 93.454231 19.037666 0.192855
291.762817 438.591248 16.163033 -1.366693
343.123383 245.521790 16.653244 -4.377920
129.419403 172.116394 20.303923 0.028971
342.537018 193.290604 18.604507 -4.286459
71.995834 340.010254 27.002756 1.206656
71.995834 340.010254 27.002756 -0.592340
232.641296 104.086708 24.138378 1.283774
255.360809 175.438644 26.296049 1.323322
87.743896 419.540497 30.783871 -1.373348
322.369019 366.558441 32.919724 -0.051866
322.369019 366.558441 32.919724 -1.520834
