7.805005 104.631821 1.771319 -0.956258
7.805005 104.631821 1.771319 -2.133893
7.805005 104.631821 1.771319 -4.202023
11.513437 487.072357 2.060740 1.385783
11.513437 487.072357 2.060740 -1.636765
15.383478 174.036331 1.931100 -4.679781
16.712353 220.611359 1.820070 -1.819297
24.098555 436.348938 2.077583 -1.526865
24.944084 379.055023 1.860437 -1.604366
27.211546 295.168335 1.808656 -3.580408
27.002819 345.626617 1.850994 -0.474797
31.145229 231.807999 1.880499 -1.513721
31.465446 46.642548 1.847842 -4.710170
35.138535 411.889008 1.901531 -1.666908
40.827694 42.395817 2.228661 -3.439968
46.126476 131.741974 2.078739 1.535268
53.052509 428.121033 2.081712 1.482883
58.822495 306.970367 1.925097 -3.651812
61.963463 175.884354 1.797977 -4.685667
62.800556 113.071304 1.861016 -2.149528
65.142540 407.592316 2.219400 -1.798610
66.175613 461.716614 2.003891 -2.388436
65.721504 467.164246 1.843487 -1.258586
67.541534 116.624474 2.031185 -1.400514
69.868401 509.055939 1.921732 -1.555052
71.090759 469.970245 2.159100 -1.941959
75.281639 374.989410 1.979937 -1.551235
75.713097 10.634655 1.929278 -3.169902
76.181427 29.874874 1.969738 -3.238239
77.175331 491.716400 1.984613 1.441164
82.755074 425.669067 2.222890 0.703013
88.240562 400.940552 1.785477 -0.853801
87.781006 407.498657 2.126765 -1.079723
87.781006 407.498657 2.126765 -3.611281
89.402069 188.751129 1.799498 -4.635861
90.504173 378.476715 2.158255 -4.159152
92.071243 476.442139 2.042085 -0.650525
94.384781 444.427643 2.180300 -1.616507
100.503166 163.118591 2.245779 -1.321666
100.503166 163.118591 2.245779 -3.933374
103.904007 424.763947 1.914074 -1.044375
105.152489 450.639282 2.129814 -0.600446
106.315178 367.926056 1.829709 -2.006880
107.690414 388.478760 2.138368 -4.578642
107.309692 480.980804 1.969067 -2.937265
109.545052 415.488007 1.990795 -0.855277
109.545052 415.488007 1.990795 -4.060080
109.922256 375.724152 2.155327 -1.218260
109.922256 375.724152 2.155327 -4.190175
122.917877 506.337280 2.195625 -3.945452
124.426315 369.444885 2.063275 -1.483484
128.084106 5.013606 1.866868 -0.816424
131.110397 389.995300 1.980617 -4.110633
133.331238 410.423553 2.030250 -0.137154
133.331238 410.423553 2.030250 -1.384581
132.724503 431.182983 2.145679 0.194348
134.703079 31.372269 1.741425 -3.439769
137.931168 415.669159 2.099456 -0.378638
138.927765 430.337189 2.039969 0.697751
140.549774 485.309845 2.141677 1.170201
140.549774 485.309845 2.141677 -1.393234
150.437698 434.141174 1.945246 -0.095811
149.657425 478.887268 1.949663 0.699147
151.887131 392.009064 2.024608 -0.031148
152.544968 372.255157 2.120704 -0.000219
154.272934 153.224182 2.094054 1.248085
154.381454 469.889618 2.136606 0.005350
154.796616 454.591705 1.918915 -0.041814
157.854248 497.330933 2.165292 -2.620977
162.003723 157.433228 2.085069 -2.074855
162.003723 157.433228 2.085069 -4.521492
164.018448 168.703125 1.799097 -1.833613
163.609283 419.807953 2.194439 -1.461723
164.853027 177.305389 1.904305 -1.465503
164.853027 177.305389 1.904305 -4.516864
165.011749 451.946259 1.892253 -0.643454
165.011749 451.946259 1.892253 -1.577964
167.998596 388.465607 2.113946 -0.267110
176.379623 498.957977 2.269194 -1.987824
181.759949 492.559296 1.900189 -2.482484
190.611740 111.290871 1.767629 -3.014904
193.834076 17.246908 1.999035 -0.003486
202.454941 4.338018 1.880788 -1.343904
206.876907 103.752220 1.907150 0.766323
206.876907 103.752220 1.907150 -0.393523
210.490753 27.515903 2.459126 -0.059557
225.103134 14.893249 1.836636 -4.215007
234.722107 132.044067 1.826983 -4.466760
233.956650 158.711655 2.093766 -1.633239
234.931335 379.838257 2.091541 -1.888428
234.931335 379.838257 2.091541 -2.879649
246.269653 62.426380 2.275105 -3.373304
248.004852 73.318047 2.086242 -3.308637
249.369705 151.775909 1.919849 -3.179298
250.343216 37.369370 1.734581 0.035414
251.411331 219.529175 2.270687 -4.640255
253.499924 77.229774 1.990104 0.039041
253.499924 77.229774 1.990104 -3.402222
261.485474 159.190445 2.060752 0.099475
269.542145 240.499130 1.818621 -3.521930
277.929932 133.129715 2.069707 -1.392175
279.281219 220.891281 1.808520 -3.667455
280.074860 348.569977 2.339104 -4.548561
287.139099 376.045532 1.858592 -0.216702
287.139099 376.045532 1.858592 -1.380069
288.196686 215.587601 2.238671 -1.479708
291.874054 169.086563 1.831892 -2.623216
291.874054 169.086563 1.831892 -4.406071
291.257477 284.460297 1.651030 -1.941395
307.985931 169.400986 2.187630 0.111924
309.246765 98.497910 2.066199 -1.645587
311.501678 222.078552 2.023970 -4.270296
318.236145 134.076859 1.792490 -1.386855
321.976471 18.137897 2.173292 -2.171688
323.022552 114.969124 1.912237 1.408153
323.739624 218.653763 1.795274 -0.503545
327.137543 123.268623 1.924090 -0.512695
327.137543 123.268623 1.924090 -4.615365
340.501556 137.821960 1.919661 -1.490856
344.404236 197.165771 2.343631 -3.329324
345.299042 281.402252 1.832418 -3.300105
346.438293 138.817719 1.914486 -1.577777
344.096222 295.869537 2.150949 -4.164426
350.847992 263.284302 2.219920 -1.586639
355.338654 281.476746 2.093256 1.501953
355.338654 281.476746 2.093256 -1.023576
356.461334 204.978806 1.814344 -1.424720
356.461334 204.978806 1.814344 -4.321938
359.313019 273.138916 2.048137 0.788536
359.313019 273.138916 2.048137 -0.492082
359.313019 273.138916 2.048137 -2.299326
359.313019 273.138916 2.048137 -3.791220
363.371185 167.986694 2.046779 -1.065721
363.371185 167.986694 2.046779 -4.642772
362.635529 308.079865 1.846936 -1.471622
363.336700 353.977844 2.114598 0.404736
369.349731 246.639603 1.926694 -1.835657
369.190186 265.692017 2.023369 -1.611143
368.678619 309.136993 2.100217 -4.335345
368.865936 417.554474 2.225400 1.150295
370.247711 299.602814 2.141737 -1.537102
369.807037 340.767609 1.966985 -1.811294
374.578217 269.298218 2.135718 -4.209009
376.182343 215.217178 1.953061 -2.138189
376.182343 215.217178 1.953061 -4.264391
376.651306 325.316742 2.112910 -3.098745
378.102478 259.714417 1.904222 -1.422738
378.102478 259.714417 1.904222 -4.017980
379.549316 169.783112 1.949468 1.459407
379.549316 169.783112 1.949468 -1.323525
6.272846 425.539429 2.312890 1.421357
13.397970 159.229858 2.422590 -1.430133
15.341141 38.088131 2.400624 -4.473297
18.590540 152.918488 2.809299 -1.520259
35.371361 451.379456 2.195040 1.481223
42.544800 468.363434 2.946635 -1.865379
42.544800 468.363434 2.946635 -2.927412
42.736965 450.307983 2.575496 1.442189
56.794670 409.370758 2.659505 -1.793805
69.790276 33.013077 2.271328 -3.373193
70.412804 161.832977 2.580373 -1.566523
72.003784 327.632385 2.705482 -3.061440
73.431648 296.133545 2.650234 -4.295339
78.484100 175.443527 2.482713 1.181395
78.816048 379.989044 2.278025 -1.598053
82.151703 103.458748 2.509527 -2.884237
82.362511 466.709106 2.467055 -0.774758
86.932228 262.273346 2.246510 1.494148
85.901169 344.182343 2.345186 -3.166720
88.290054 107.800224 2.523002 -3.073010
91.892326 55.353374 2.781043 -4.269268
92.985260 435.621307 2.615479 -3.808723
96.636856 152.441635 2.401160 1.112192
96.636856 152.441635 2.401160 -3.420356
97.582466 451.336853 2.574860 -3.187203
102.489395 352.881592 2.328366 -4.147252
105.463181 413.263916 2.425188 -3.663433
108.064255 483.202271 2.529574 -3.038295
113.692368 419.547852 2.469824 -3.881498
115.033676 155.399048 2.591630 0.557143
115.033676 155.399048 2.591630 -1.961589
122.715950 252.419693 2.732253 -0.117891
125.931870 426.242371 2.526797 -3.689632
126.669319 395.852173 2.585302 -0.105288
126.669319 395.852173 2.585302 -3.987821
127.439148 184.289703 2.496217 -0.780452
127.439148 184.289703 2.496217 -2.026512
131.688385 57.059574 2.737610 -3.176504
144.996689 11.563699 2.803992 1.244257
150.091965 87.401070 2.827408 1.189693
152.500259 372.965546 2.240201 0.035457
152.205978 381.034180 2.378067 0.080773
156.342163 40.189194 2.031696 -3.375434
156.786606 409.604248 2.167506 -0.053672
158.971863 369.007843 2.705144 1.402131
162.200470 435.791046 2.313494 -0.144445
162.231094 473.834442 2.665672 1.344366
164.050522 17.452477 2.247334 -3.438371
163.667511 402.973450 2.267512 -0.141983
165.820358 299.989777 2.622327 1.539453
166.482407 315.397491 2.460878 -2.197754
166.482407 315.397491 2.460878 -3.639982
166.788055 190.031403 2.770452 -4.658967
169.181717 165.564682 2.625418 -3.663140
171.051285 57.405212 2.501046 -3.349382
179.571625 100.110382 2.248098 -0.881327
180.470505 166.895294 2.534799 0.018248
181.760529 6.659821 2.463052 -4.541819
188.394150 33.892136 2.377695 -3.379176
192.070297 149.594849 2.459237 -1.900588
195.497635 115.526474 2.430891 -1.278805
197.759003 65.931923 2.312533 -3.537954
198.296539 78.479042 2.501573 -1.566214
206.340179 189.593887 2.723471 -3.300092
206.843369 181.948380 2.661839 -3.111009
215.364822 277.684174 2.559043 -1.748991
219.604095 150.472809 2.580225 -3.367995
232.590530 174.067245 2.275219 1.303302
232.590530 174.067245 2.275219 -0.550280
232.590530 174.067245 2.275219 -2.125756
239.254456 210.988327 2.501488 -2.803805
240.998779 47.258804 2.529886 -3.205160
243.246689 31.121601 2.396798 -0.068667
244.185364 394.579254 2.504873 -3.061486
244.801941 40.679783 2.322638 -0.591661
249.322861 182.972794 2.495253 -4.168366
250.826263 262.612274 3.404732 -2.437941
256.725311 198.794937 2.583920 -2.034346
274.322479 36.421925 2.407032 0.098057
292.964905 121.238304 2.330658 -0.994432
291.850098 227.639175 2.527828 -2.689516
291.850098 227.639175 2.527828 -4.498250
292.685028 312.007111 2.719522 -2.965277
299.338898 160.885147 2.397302 -0.985309
299.338898 160.885147 2.397302 -1.983554
313.977448 25.759764 2.381426 -2.243335
326.167084 145.957214 2.627870 -4.677292
333.529663 207.612091 2.431595 -2.622923
342.212524 454.749512 2.665349 -4.662804
352.013855 427.166107 2.483907 -3.601565
352.013855 427.166107 2.483907 -4.450761
351.799377 437.042053 2.524297 -3.197985
354.325317 97.086403 2.727925 -4.638948
353.521454 292.157043 2.549008 0.420954
353.521454 292.157043 2.549008 -2.163392
356.079285 140.046906 2.453387 -1.693383
359.575562 438.971527 2.762675 -3.324850
359.575562 438.971527 2.762675 -4.108511
359.626160 183.898666 2.281715 -4.599510
366.017395 59.984882 2.604561 -4.002473
366.826813 506.330902 2.726949 -3.346084
370.526154 424.549927 2.628256 0.956853
372.299652 95.736732 2.673570 -0.068852
378.238892 495.432312 2.764038 -1.277692
380.249725 339.723511 2.355231 -1.680404
7.833346 368.878998 2.846814 -1.528711
17.230547 199.466202 2.912488 -4.388080
19.845135 366.301086 3.019958 -1.550468
26.871786 407.790131 3.213527 -1.740930
33.453297 333.191162 3.148978 -3.387548
38.340996 270.256897 3.226812 -1.593922
38.340996 270.256897 3.226812 -4.688440
43.051525 487.954468 3.646014 -3.260900
43.051525 487.954468 3.646014 -4.677268
45.059311 431.161285 3.545439 1.449643
62.186211 27.385572 3.509212 0.087924
67.283951 198.624695 3.034879 -4.462105
69.902191 401.085907 3.019309 -0.580210
69.902191 401.085907 3.019309 -2.473238
74.211678 484.628265 3.669705 1.438651
75.549644 260.898987 3.007068 -4.621102
75.804420 455.822510 3.172731 -1.483844
77.438126 372.763580 3.116838 -1.576700
86.964211 370.079590 3.122607 -1.642473
86.964211 370.079590 3.122607 -2.811378
95.483040 495.735474 3.480438 -3.799188
97.510284 238.101868 3.216977 -1.520908
98.455940 170.185394 3.093854 -1.403244
101.096848 331.418213 3.385883 -3.120633
103.045036 362.319580 2.974528 -1.718005
103.045036 362.319580 2.974528 -4.013751
103.822670 371.715485 3.413668 -1.718927
109.560036 486.873444 3.524155 -3.372380
120.443230 199.391769 3.071994 -4.557834
120.878456 447.301666 3.134250 -3.248786
121.859085 260.592743 3.338501 0.043243
123.140678 157.103683 2.944721 -0.232043
126.885834 18.367630 3.349305 -3.422892
141.415466 171.205688 3.152463 0.310126
147.314301 304.755341 2.814928 -3.842824
154.660812 165.714035 3.352087 -0.117591
158.083282 397.168121 3.038954 0.016469
172.558136 6.910399 3.150192 -4.639360
172.826660 290.134979 3.255901 1.353257
173.635376 157.409317 2.919483 -0.263479
174.771530 478.194061 3.409787 1.198695
206.075165 147.871613 3.403825 -0.360168
206.075165 147.871613 3.403825 -3.123277
205.769714 167.707275 3.230963 -2.988653
214.608826 294.214996 3.209817 -2.563294
226.137802 83.220383 3.023028 -1.432272
232.364777 20.180065 3.187945 -3.437360
235.428772 410.606262 3.331547 -3.293094
235.428772 410.606262 3.331547 -4.592239
241.256363 169.740433 3.488571 -2.720668
260.323853 70.903763 3.279179 -3.227188
269.200378 79.693123 3.015924 0.166951
269.200378 79.693123 3.015924 -3.386326
271.825256 14.661133 3.441103 -4.469928
273.117126 181.481857 3.480412 -3.042818
273.364227 191.953674 3.298884 -3.191446
280.919586 189.253082 2.899422 -3.167322
305.351776 226.495102 2.937871 -4.140473
310.331299 39.949360 2.848023 -3.946941
313.359467 17.429621 3.511247 -2.238037
321.524841 212.031647 2.950176 -0.884039
339.269806 420.923737 3.464770 1.488928
339.269806 420.923737 3.464770 -1.731598
339.817047 455.478912 3.292325 -4.623673
344.244568 219.145981 3.154938 -3.190697
351.487213 419.170837 2.974549 -1.983576
353.349426 362.360352 3.431671 1.570351
355.542694 353.248901 2.940447 1.434628
358.935394 19.717213 3.278824 -1.062451
359.631531 53.113766 3.135486 1.385069
366.463104 492.771271 3.532286 -2.970473
370.079437 180.546326 3.071751 -1.648563
373.158722 102.529182 2.908511 0.195693
375.421844 9.037527 3.431583 -1.271658
8.493267 403.401733 3.775375 -1.400783
10.074918 477.559814 4.575480 -1.794793
46.314186 405.611328 4.386726 -1.803493
62.551678 429.450775 3.975590 -4.696506
84.405876 46.629707 3.706004 -3.613377
96.017944 158.505234 3.848078 -3.753031
100.684845 12.413612 4.545993 -0.042690
101.812920 49.038765 4.360423 0.140331
101.920227 270.706940 4.318714 -4.697685
104.655960 403.190582 3.766840 -3.546270
110.663055 488.552429 3.947698 -3.524345
120.823700 177.527817 3.667478 -4.486812
120.651291 286.053436 3.972641 -0.060637
124.741631 209.040604 3.911370 -1.621445
124.741631 209.040604 3.911370 -4.616873
136.615997 28.131031 3.901244 0.368687
136.615997 28.131031 3.901244 -3.514445
137.041168 476.228516 4.140937 0.051251
140.809906 173.676117 3.685685 0.212533
151.696152 89.228630 4.357176 1.250164
165.882217 249.443512 4.022109 1.195567
165.882217 249.443512 4.022109 -1.709812
179.679047 65.326706 4.059759 -1.448093
199.962631 25.662832 4.294028 0.196735
199.962631 25.662832 4.294028 -3.419007
235.010269 33.705727 4.340909 -3.331080
245.321655 163.600662 4.594487 -3.030158
273.209839 163.930145 3.854288 0.311152
273.209839 163.930145 3.854288 -3.179491
275.444214 222.852356 4.037585 -3.768554
282.753662 404.541473 4.302215 1.242853
282.753662 404.541473 4.302215 0.231094
281.831299 427.891357 4.186238 1.416078
281.831299 427.891357 4.186238 -1.650963
284.133575 379.034027 4.029696 -0.170568
284.133575 379.034027 4.029696 -1.432161
291.643372 193.950211 3.910200 -3.133707
296.536255 113.466667 4.100412 -3.575593
311.319427 172.986633 4.352695 -1.570349
313.658081 16.834763 3.605481 -2.209989
336.765594 173.550323 3.747538 -2.851793
336.712372 456.788086 4.289659 -4.566377
342.401978 11.390669 3.920491 -1.606161
342.784637 249.858704 4.033449 -3.234346
351.829651 53.811966 3.802963 1.112282
352.610657 363.507965 4.080565 -4.709557
360.421326 284.961945 3.819690 -2.481280
366.764496 493.160065 3.708197 -2.909615
373.197144 201.525864 4.231406 -3.230006
14.646291 327.593658 4.946396 -0.059544
19.770481 427.458405 5.400699 -4.650637
40.180462 19.651697 4.789305 -3.346864
42.072166 419.957581 5.385570 -4.651260
41.435116 445.353058 5.041837 1.398349
50.728146 5.329278 5.120449 0.111157
50.962864 32.273705 5.164344 0.255844
57.888577 457.911285 5.240769 -1.613193
100.837708 13.254929 4.606425 -0.051650
118.670479 330.327026 5.271341 -0.179921
127.222923 86.407997 4.335536 -3.690752
139.375671 460.817993 5.250847 -0.136870
143.986313 401.781494 4.218399 0.015902
149.612335 21.296242 4.732906 1.072760
169.025391 208.320435 5.324922 -1.930569
179.226120 360.588104 5.686517 -4.625646
183.727997 94.184761 4.046977 -3.920226
191.056335 12.488300 4.808194 -3.221258
221.399872 24.952248 5.328443 0.178120
221.399872 24.952248 5.328443 -3.473803
239.616013 50.071323 5.429220 -3.382765
239.151443 383.790466 5.279946 -1.919618
239.151443 383.790466 5.279946 -2.871508
257.100739 300.638855 4.985504 -2.505118
287.853851 99.559433 5.380555 -4.620687
292.294189 500.923645 5.423328 -1.753584
308.232849 207.217850 5.093796 -1.834969
321.100311 106.434395 5.334630 1.516914
362.089996 233.396301 5.194332 -3.001544
362.449249 261.164795 4.605799 -2.792860
13.211145 18.032959 6.035195 0.151071
62.038025 497.767090 6.146085 1.522436
71.734543 417.073914 6.429475 1.557797
87.403511 432.810333 6.790918 1.372161
87.403511 432.810333 6.790918 -3.382639
116.468933 71.285950 6.084417 -4.637583
145.701492 76.302605 7.055358 1.327904
145.701492 76.302605 7.055358 -1.354043
154.697128 57.064640 7.360859 -1.335886
163.690292 373.761292 7.241199 1.545303
163.690292 373.761292 7.241199 0.142288
168.409546 265.638184 7.009882 -0.172588
168.409546 265.638184 7.009882 -1.688574
172.050125 79.221909 6.272908 -4.682441
183.639755 184.661377 6.812413 1.060058
204.426819 86.605118 6.360535 1.498085
224.166641 417.884857 7.145765 -1.768624
224.166641 417.884857 7.145765 -3.304340
275.372314 301.350006 5.676410 -2.064911
293.413666 4.006346 7.141859 -0.308759
294.859497 49.280735 7.271648 0.281020
294.859497 49.280735 7.271648 -3.908368
295.987732 81.259682 6.715238 0.184136
295.987732 81.259682 6.715238 -3.349194
309.033081 298.644806 6.004218 -2.380514
317.310455 106.683304 6.231450 -4.697281
323.229797 54.228340 6.186938 -3.268824
324.201355 88.201462 6.031362 -3.238195
327.917633 23.183537 6.620517 -1.841020
325.847687 495.500214 6.583112 -1.690389
336.645325 152.748505 6.187921 -2.540948
342.020966 87.717644 7.129542 -3.271309
341.837189 350.230835 6.026685 1.552613
349.150818 404.955750 6.006704 -2.431092
110.772949 145.822708 8.877663 -2.163310
117.934563 24.830034 8.442034 0.163174
161.512726 448.329346 7.443444 -0.073566
166.223679 229.779236 8.151615 -2.098578
215.131256 106.029175 8.639614 -4.692994
221.935745 415.287872 8.323851 -3.224632
294.243896 50.399998 7.783848 0.400238
294.243896 50.399998 7.783848 -4.061290
300.903900 402.915436 9.596303 0.059788
338.269043 199.150940 8.353123 -3.068685
361.159088 69.600433 8.663438 -0.168084
361.159088 69.600433 8.663438 -4.685746
25.285294 466.633240 10.118410 1.429065
25.285294 466.633240 10.118410 -3.013108
51.747276 478.243378 9.247768 -1.944477
51.747276 478.243378 9.247768 -3.067853
51.747276 478.243378 9.247768 -4.499105
96.411758 40.377136 9.658774 0.314598
111.461273 252.448914 9.599661 -0.174183
111.461273 252.448914 9.599661 -1.317616
132.697052 379.001984 9.457913 0.095869
138.725418 137.673340 9.874908 -0.611523
165.012192 377.758545 10.221780 0.156291
184.875961 57.321938 9.440825 -3.690471
197.170807 25.980194 10.906835 -3.810397
301.764435 402.018951 9.992828 0.018096
111.440964 302.332855 11.800733 -0.152524
380.174377 75.843147 13.803389 1.540642
71.591240 305.556091 16.032951 -3.201526
71.591240 305.556091 16.032951 -4.199327
109.190948 161.110916 18.159271 -2.226802
128.209320 454.637329 16.504059 0.195755
154.077225 40.898354 15.880434 1.405745
193.813629 347.145996 14.693146 -1.612215
193.813629 347.145996 14.693146 -4.662825
258.785767 395.661316 14.538670 -3.163439
304.653168 64.340729 16.537352 -3.815203
316.853119 387.354706 17.632822 0.000630
340.023315 134.054413 15.511058 -4.408662
351.360107 29.069897 14.623540 -3.928333
94.520271 258.096069 20.278111 -1.486414
185.144852 395.045288 22.374802 0.141284
336.070312 461.942810 18.509710 -3.548599
40.893082 330.337097 28.714111 -2.606892
32.391579 331.788300 30.088894 -2.580128
114.063980 374.587402 30.251728 0.170355
