4 181
5 182
9 39
18 412
23 278
39 215
45 213
57 344
67 531
84 41
86 187
88 39
89 10
92 197
93 18
94 19
97 20
98 21
99 24
101 27
103 28
106 30
108 38
112 209
113 39
114 42
116 40
119 50
124 52
125 53
126 54
129 56
130 57
131 58
132 59
133 62
134 61
136 63
138 65
139 64
140 67
141 66
143 70
163 322
193 239
195 75
210 529
218 191
219 192
222 194
223 15
225 196
226 198
227 14
228 202
229 204
231 205
232 206
234 207
236 212
237 215
238 45
239 221
240 226
241 227
242 228
243 229
244 224
245 225
247 232
248 233
250 234
252 68
254 244
257 185
261 121
263 404
264 405
267 185
286 350
302 323
303 404
304 405
305 327
306 329
307 330
308 331
310 332
311 333
313 336
314 210
315 337
316 338
317 339
318 340
319 221
320 220
321 223
322 343
323 344
324 346
325 345
326 350
327 349
328 238
333 134
337 73
356 468
357 402
358 403
361 407
362 408
363 409
364 404
365 405
367 410
368 411
369 337
370 415
371 416
374 342
375 343
376 419
397 464
398 465
399 491
400 466
401 467
403 469
405 470
406 471
407 473
418 75
419 76
431 492
432 493
434 495
435 498
436 496
437 501
438 500
440 503
441 502
442 472
451 529
452 531
454 539
468 529
478 556
479 557
480 558
485 559
