1.530756 122.316353 2.154764 -1.444840
3.560954 490.270569 1.960710 -2.060086
8.401937 273.566254 2.251959 -3.179264
11.083424 164.687424 1.796559 -4.626937
11.851068 305.672821 1.819873 -1.637306
15.000043 123.221603 2.105879 -1.523371
23.083981 379.180267 2.214053 -1.524806
27.111917 397.520966 2.096632 -1.537298
28.762997 465.118835 2.112627 -2.433786
32.971245 361.728638 2.018746 -1.659308
32.553730 407.295258 1.949342 1.549157
32.553730 407.295258 1.949342 -1.601937
41.915619 393.831207 2.234649 -1.739730
46.180290 479.149658 1.983371 -1.354383
48.494957 310.154388 2.268204 -1.583366
51.983906 216.426056 1.837644 1.522395
54.503670 403.548065 2.065836 -0.687365
57.776054 20.146669 1.807718 -0.929031
57.776054 20.146669 1.807718 -4.557854
65.255348 44.179592 1.862635 -4.044791
68.095047 304.912811 1.974944 -1.598475
68.687759 65.060165 2.121050 1.547159
69.208694 233.151733 2.021965 -4.624315
73.064255 400.953339 2.183127 0.612661
73.653168 483.079163 2.055715 -4.397317
76.761490 405.390839 2.105490 0.624204
86.607613 426.081390 2.070192 -2.097380
98.698318 381.459656 2.240688 -3.102577
105.807076 346.060944 2.323868 -1.559303
109.225830 212.670547 1.946548 0.891987
109.225830 212.670547 1.946548 -3.831498
109.735954 120.542793 1.928093 -0.001896
112.798622 173.106903 1.935471 -3.049636
116.811920 79.958321 2.008678 -3.574775
124.176521 162.488098 2.050932 -3.171015
124.791512 322.323547 1.981417 -2.606009
128.358490 366.635559 2.270881 -1.586553
129.189514 468.998444 1.839827 0.760611
129.189514 468.998444 1.839827 -2.278705
134.895584 402.789185 1.932102 -1.514935
135.816681 457.065186 1.915194 0.156347
135.816681 457.065186 1.915194 -3.380780
141.107803 424.266479 2.127029 1.089881
143.045853 429.746796 1.830999 -1.825781
144.189453 373.190643 2.066577 -1.551448
144.764114 500.044098 2.089140 -1.709472
144.764114 500.044098 2.089140 -4.579415
148.151276 460.870636 1.893030 0.591878
150.247467 7.226637 2.178814 -4.627853
150.847687 494.074860 2.105262 -1.339308
153.770950 35.282955 1.876216 0.569521
156.254700 13.075912 1.858833 -1.315677
156.254700 13.075912 1.858833 -4.629300
160.651810 25.599453 1.845029 -4.525661
170.832840 363.262360 1.882846 -1.464475
174.402725 10.235886 1.844376 -4.557744
174.591736 463.717468 2.197598 -1.809368
175.805908 392.626221 1.921909 1.458713
178.442322 5.726363 1.725544 -1.462550
178.442322 5.726363 1.725544 -4.449832
188.557434 311.460358 1.921591 1.178128
195.047348 484.205811 1.917109 -1.556113
195.047348 484.205811 1.917109 -4.685757
206.708710 310.914124 2.006881 -1.693352
206.708710 310.914124 2.006881 -4.657611
210.339951 10.373133 2.077818 -1.481973
211.179611 28.080486 2.177792 1.305962
210.778976 356.875946 2.128736 -3.456622
212.452881 326.867737 2.013579 -1.165052
213.962219 478.756042 1.756745 -4.558664
223.822617 375.684998 1.903121 -4.445538
224.759811 267.780090 1.781496 -3.101555
225.950195 432.174072 2.288034 -3.106396
226.524460 397.759979 1.923938 0.052116
228.008026 8.126850 1.903162 -1.446412
230.887924 31.131548 1.975338 -3.193609
231.012436 61.837822 1.917238 -3.099671
232.920059 273.033875 2.085943 -3.150828
233.730301 286.849609 2.092502 0.045928
235.156113 79.707039 1.808944 -3.305661
236.215775 61.417828 2.258713 0.038483
236.215775 61.417828 2.258713 -3.166981
235.543732 443.630524 2.166317 0.778562
240.190323 346.751953 2.165121 -3.046874
239.945923 356.214142 2.031743 -3.237332
241.195328 470.731476 1.706191 1.506201
242.033493 20.423429 1.851215 -4.566041
242.537857 32.824013 2.473204 0.078328
245.120590 177.623932 1.692658 1.188654
247.114227 387.950745 2.039658 0.117154
247.114227 387.950745 2.039658 -2.475906
247.117783 439.966675 1.923013 -1.115936
251.731522 229.051620 2.114301 0.773276
251.197296 475.757965 1.826124 1.508804
255.350891 505.502991 1.948331 -1.268965
256.778442 263.150330 1.931303 -1.147530
257.688751 397.855835 1.946124 -1.291065
258.842133 362.064117 1.884439 -4.599679
262.744263 394.593201 2.175147 -1.561124
266.881104 399.191223 2.088826 -1.635713
267.217377 439.655975 2.156954 0.395085
269.290253 489.557953 1.913890 1.497163
275.828217 36.696701 1.875062 -0.859854
275.407654 289.978271 1.900061 -1.612963
278.089691 25.915812 2.082459 -4.561552
283.662750 281.575684 2.020762 0.697000
283.662750 281.575684 2.020762 -1.628890
289.370605 194.832230 1.868374 -1.654006
288.713440 231.885925 2.082372 1.516698
290.143311 51.041965 2.194594 0.885912
290.143311 51.041965 2.194594 -2.190097
295.535492 257.122955 2.008294 -1.592539
301.964142 474.319519 2.251468 -4.276304
303.183990 73.536850 2.189034 -1.978960
306.935486 273.061737 2.000852 -0.372766
306.935486 273.061737 2.000852 -3.255560
307.215485 445.033997 1.866320 -1.525832
308.935394 38.397289 1.982318 1.066131
308.935394 38.397289 1.982318 -2.270809
315.383636 33.945507 2.076643 1.099315
315.383636 33.945507 2.076643 -2.314065
315.937347 78.761673 1.969391 -4.184028
315.879120 313.578430 2.015020 -0.016421
315.879120 313.578430 2.015020 -3.010088
315.669952 324.286865 2.033628 0.059155
315.669952 324.286865 2.033628 -3.227138
315.610291 332.919678 2.200830 0.031471
318.303833 63.745510 1.900626 -2.155436
325.927551 75.446365 2.250788 -3.068519
327.198151 25.748344 1.904166 0.856623
327.198151 25.748344 1.904166 -2.133013
326.761536 171.784042 1.929852 -1.618716
327.516205 475.432465 1.680275 -4.454366
328.421967 453.011566 2.181696 -0.042411
333.772797 383.370728 1.808099 0.038093
337.561157 490.993042 1.913081 -4.236922
340.384827 282.911560 2.286071 -0.132142
340.384827 282.911560 2.286071 -2.908915
340.967194 206.089386 2.014560 -2.938144
344.743561 450.880798 1.888266 -1.382956
345.430084 481.657928 1.786954 -4.194324
347.256287 47.071434 2.156965 -2.198993
346.713165 197.778778 2.078685 -2.939320
347.023315 456.664917 2.162922 -1.166463
349.312286 496.725647 1.834278 -4.405717
353.782257 139.949158 2.075785 -2.896433
353.614380 498.084808 1.940001 -4.415022
355.589783 454.130737 1.969680 -1.420945
357.734100 75.352417 2.323598 -0.150610
357.917358 80.866920 2.053513 -0.020433
359.333099 383.002289 1.932387 -2.967187
361.120483 60.747715 1.848873 1.323404
361.125427 92.223480 1.951326 -3.234512
363.347137 38.181656 2.209650 -2.127911
365.464233 485.843781 2.211743 -0.226891
366.496277 461.697449 2.195319 -0.063764
366.496277 461.697449 2.195319 -3.066253
367.033264 53.134911 1.979484 -3.351872
367.639374 503.896027 2.139194 -4.234038
369.943298 285.300568 2.143908 -1.805123
369.943298 285.300568 2.143908 -2.802636
371.165588 478.618469 2.071817 -2.971282
372.332642 459.743713 2.334299 -3.007427
373.497101 182.374176 2.195088 1.501734
377.695557 45.068371 1.829174 1.405494
378.025421 381.291809 1.887918 -0.273757
378.607117 73.800201 1.984685 -2.233137
3.609034 73.466270 2.715124 -4.478516
15.826378 240.328430 2.506533 -3.195865
18.155378 385.633667 2.318781 -1.104309
20.498671 151.736572 2.598580 -1.500436
26.626476 466.173218 2.907568 -2.326431
34.858135 180.536819 2.446317 -1.524509
35.790947 464.415100 2.449827 -2.383462
41.422905 484.518951 2.619071 -4.551037
51.449318 71.538528 2.643338 0.769148
53.861698 486.828491 2.563409 -4.492344
58.095726 454.051483 2.325398 -1.555486
59.545910 398.628448 2.677172 -1.475018
58.139145 499.762848 2.368773 -4.535771
73.842766 434.588013 2.368422 -2.770816
81.134949 228.153564 2.683198 -3.643467
81.767769 430.991394 2.280734 0.683259
81.767769 430.991394 2.280734 -2.386867
90.244637 404.635315 2.704329 -3.077379
90.138611 431.198181 2.511385 0.923905
90.027748 502.082306 2.420599 1.557686
90.027748 502.082306 2.420599 -1.716327
91.002098 376.668762 2.478311 -3.226406
94.412590 424.935181 2.390286 -1.943245
98.525406 246.804779 2.481203 -0.050793
107.009972 426.040863 2.551721 -2.820149
116.124039 410.010773 2.765181 -2.132552
116.618378 421.965515 2.689234 -2.737329
119.851280 126.733513 2.560319 -2.938593
141.905731 346.007202 2.483603 1.365384
142.512024 459.335022 2.687779 0.563383
147.786499 25.214659 2.373773 -4.318330
151.494049 410.080780 2.615090 -0.389066
150.970978 419.133545 2.463783 -0.430068
154.575760 332.014526 2.514894 -0.548145
179.769241 345.471497 2.946621 1.551833
199.224472 310.349335 2.598205 1.480099
215.029205 315.929718 2.330537 -2.446555
233.471420 343.808746 2.412515 -3.158696
233.915558 350.590515 2.339035 -3.262080
236.918457 376.153015 2.630074 -2.449874
244.691727 498.076416 2.469656 -1.095667
254.864807 442.572235 2.462461 -1.338680
260.101501 436.079956 2.419024 -1.716286
264.158569 388.282806 2.159393 -2.123127
270.260315 366.529694 2.833614 -3.516571
270.260315 366.529694 2.833614 -4.643702
278.846527 274.606964 2.644145 0.478739
278.846527 274.606964 2.644145 -1.686819
278.606720 254.093521 2.615900 1.483541
286.572235 441.968384 2.512741 -1.799386
286.572235 441.968384 2.512741 -4.368098
295.728668 504.691315 2.730991 -2.430047
300.507660 43.874588 2.321312 1.004336
300.507660 43.874588 2.321312 -2.237752
300.742767 204.062103 2.506379 -1.577465
302.745850 433.678253 2.693466 -4.668067
303.570312 14.255708 2.823249 -4.498056
311.891418 429.525513 2.563232 -2.863205
315.955231 289.979309 2.458532 -2.999001
330.312500 368.482452 2.520260 -0.057224
331.991638 75.099373 2.601607 -2.924752
336.169098 464.515717 2.364073 -2.966898
341.238892 240.378159 2.557496 -4.073680
342.052307 368.399628 2.885444 -1.605442
347.192291 39.158508 2.861625 1.150828
347.192291 39.158508 2.861625 -2.227103
347.677765 102.199821 2.614885 -2.005283
349.064301 503.776276 2.799629 1.249730
349.992340 251.128891 2.763536 -0.049872
349.992340 251.128891 2.763536 -2.992923
355.224213 191.155182 2.338425 -3.280812
358.441467 5.227636 2.327873 -2.032677
359.950226 460.301758 2.649720 -0.163644
359.950226 460.301758 2.649720 -1.320772
360.208588 477.346222 2.319587 -0.117817
375.075562 219.301041 2.814325 0.164489
375.075562 219.301041 2.814325 -3.236764
379.008057 133.744385 2.572883 -2.947722
7.595634 361.419495 3.601432 -3.516993
10.347294 234.070358 3.139562 -4.652896
17.319656 362.622192 3.174886 0.343070
17.319656 362.622192 3.174886 -3.460511
22.825130 404.730896 3.274243 -1.371667
23.758173 371.134613 3.280052 0.579870
23.758173 371.134613 3.280052 -1.527259
44.585072 477.082733 2.889695 -4.181769
59.006947 380.939819 2.903894 -1.500861
65.527031 488.862885 2.893524 -4.414342
70.099159 394.115845 2.994089 -1.273818
77.399170 491.254089 3.528965 -4.608258
79.731789 421.897583 3.452566 -2.176804
100.945267 195.681320 3.143673 0.185813
102.040703 185.322449 3.262705 0.190841
125.026375 404.412109 3.148395 -1.803771
140.393799 241.114960 3.173606 0.188013
140.188461 321.886078 3.292598 -1.332566
140.962692 222.248520 2.983822 0.124519
142.471191 133.550385 3.199494 0.036403
142.293884 153.711960 3.263868 -0.393025
142.776962 172.653091 3.218741 0.449796
170.676132 126.132225 3.383440 0.881490
170.676132 126.132225 3.383440 -0.885906
182.909042 411.975555 3.167244 -1.836947
182.909042 411.975555 3.167244 -4.527447
188.839966 85.918053 3.529043 -4.708592
189.358017 223.208496 3.063317 1.454335
190.099716 264.602966 2.988681 -0.214303
200.477951 222.248123 3.451867 -4.600221
204.127167 88.098129 3.449127 -4.656850
207.542938 250.402618 3.058925 -3.032798
209.390076 455.860474 2.991071 -4.491154
210.717911 382.554291 3.153078 -1.636848
210.717911 382.554291 3.153078 -4.654175
216.656860 504.613159 3.497600 -0.634649
216.656860 504.613159 3.497600 -4.568579
221.876907 335.694641 3.290701 -0.797669
223.281158 498.827942 2.992049 -0.722703
223.281158 498.827942 2.992049 -1.441746
232.337112 322.931091 2.844208 -3.269967
233.427643 258.883087 3.748723 -3.021666
232.947525 287.453979 3.159421 -3.049211
248.037491 406.224945 2.941125 0.853354
258.686340 420.579102 3.352193 -1.625792
260.213074 368.523315 2.943861 -0.357504
263.614075 427.683289 2.956264 -1.518516
269.878479 288.587341 3.363159 -1.547033
271.861664 269.370697 3.332104 -0.857427
272.907257 376.641235 3.505945 -1.445084
277.309662 441.246613 3.303757 -1.528536
279.437103 322.903351 3.283048 0.630044
286.904968 483.868835 3.499695 1.448564
300.073975 14.714547 3.330224 -4.514463
311.709930 400.766357 3.431526 -3.421511
311.709930 400.766357 3.431526 -4.163983
312.600922 358.072510 3.560438 -3.024914
318.845032 489.914032 3.541457 1.412030
322.995941 326.614807 3.262921 0.073175
322.585144 339.571136 3.391281 -0.077761
323.990784 202.571991 3.535237 -3.033953
329.403046 468.748840 2.963165 -0.259764
335.071930 152.937714 2.956694 -3.079836
338.762817 505.555389 3.454449 -3.661306
357.114746 76.668381 3.386612 -0.244405
359.763306 423.872925 3.536929 -0.228672
359.614868 437.462769 3.472546 0.078752
361.707794 111.686203 2.984035 -4.265520
362.484009 102.649368 3.050687 -1.986264
365.994904 453.905365 3.568593 0.312588
365.994904 453.905365 3.568593 -0.810228
365.994904 453.905365 3.568593 -2.674756
370.690247 396.804413 3.179840 -4.404516
374.232269 461.432892 3.682846 0.052490
377.430450 22.145933 2.936089 -1.998983
7.652518 361.177856 3.557404 -3.664248
56.994095 376.586914 4.055690 0.209574
56.994095 376.586914 4.055690 -1.507373
77.003365 45.381611 3.812501 -4.299020
89.159401 416.752289 3.714927 -2.223804
90.825722 16.366589 4.442665 -4.449158
94.599182 145.328735 3.787560 -2.999560
107.944138 53.929924 4.162202 0.508211
130.649902 306.941162 4.018978 -0.085667
132.635712 347.983368 4.452381 1.260930
140.881866 321.060944 3.807673 -1.278993
144.097382 332.687897 4.312328 -1.241974
150.503220 465.110321 4.165133 0.475468
155.544037 17.624207 3.906141 -4.491309
160.145126 440.893341 4.321884 -0.272422
180.518112 402.492798 3.756055 -2.019299
180.518112 402.492798 3.756055 -4.646179
184.863815 374.048676 3.834694 -1.565838
188.782898 86.000572 3.642088 1.532463
202.206696 402.413696 4.300551 -1.686754
207.583542 271.156952 4.089541 -2.870186
210.268417 288.441833 3.819295 1.448137
210.245850 373.288147 3.900688 -1.688348
217.824570 396.725281 3.959791 -1.662889
218.994217 444.412415 3.568851 -1.282618
223.421814 257.187836 3.874241 -3.024353
222.177551 334.296539 3.850062 -0.856766
245.123657 397.040527 4.321979 -2.564368
250.937927 125.669373 3.577268 -0.361534
265.282013 58.905712 3.639638 -2.853442
271.324432 269.190063 3.592596 -0.808444
276.238190 96.531929 3.926301 -4.644701
279.936615 418.772430 4.332757 -4.545132
283.929291 271.235962 4.013637 -0.605022
283.929291 271.235962 4.013637 -3.345891
285.134552 96.857872 4.220449 -4.440282
301.030945 358.302643 4.102583 -4.665431
308.839203 390.145691 3.861300 -2.471802
311.391052 415.652802 3.727836 -2.975948
313.961151 70.457771 3.517711 -2.179875
318.692535 489.893860 3.642851 1.373877
324.053711 203.237564 3.604413 -3.040691
333.751068 83.974518 4.621128 -3.255117
334.660034 35.045673 4.304423 1.222637
335.973938 56.719696 3.882285 -2.255791
339.194397 430.092468 3.612058 -4.627428
345.617981 136.392853 3.969867 -2.844451
349.735931 321.102570 3.852956 -3.065637
351.592438 279.086487 3.842682 -0.160508
359.642395 424.414429 3.761339 -0.310229
360.697235 502.584290 3.826077 -4.273918
363.133148 30.659185 3.779177 -2.103592
364.482025 121.675751 3.830573 -4.161942
365.857819 453.865906 3.554146 -0.856478
368.997986 87.789810 4.037189 -2.048174
371.967834 160.210938 3.841831 -1.727864
375.493439 479.742188 3.909492 -0.171936
376.302704 444.117584 4.047237 0.683159
78.536247 59.679867 5.758740 -4.174518
115.529907 359.782623 5.539172 -1.729979
115.500862 398.788818 4.627882 -2.045862
119.056099 343.858795 4.763698 -1.769265
133.018372 71.258209 5.208570 0.173151
137.177643 477.335876 4.605637 0.919949
176.726776 440.734253 5.136171 -1.773376
210.618912 414.449982 5.385209 -2.068506
210.618912 414.449982 5.385209 -3.773093
217.140045 348.860168 4.627344 -0.585162
220.420120 296.816681 5.162382 -3.079035
220.457520 327.520660 5.226589 -1.023448
222.748581 155.809418 5.370386 -1.768034
235.236588 235.942749 5.205434 0.040244
235.236588 235.942749 5.205434 -3.094840
241.698730 475.173676 5.667331 1.507680
252.655197 93.854065 4.764698 0.342224
254.451645 158.132309 5.449476 -1.269611
267.729950 37.516994 4.803121 -3.975524
288.172913 429.420746 4.832504 -2.798392
288.172913 429.420746 4.832504 -4.033399
293.750031 205.858688 4.378797 -1.473864
293.750031 205.858688 4.378797 -4.280656
297.887512 379.940094 4.668291 -2.443498
311.569672 197.477478 5.818312 -4.346162
334.743683 349.948944 5.652835 -0.201317
337.928314 417.788574 4.656370 -1.213675
344.495605 68.932220 4.591940 -2.163123
344.511597 91.582840 4.657367 1.203587
345.692230 159.873077 4.902701 -1.793533
359.851135 154.512085 5.054370 -3.047754
361.088226 135.362778 5.092604 -2.498455
369.401489 72.443581 5.282494 -2.009311
372.063110 384.823547 5.369979 -1.348185
373.012329 494.289429 5.516891 -4.376666
6.149026 261.042969 6.464859 -3.295939
22.780142 246.323059 6.141890 -0.027665
22.780142 246.323059 6.141890 -3.166060
23.529531 269.061401 6.324545 0.187439
23.529531 269.061401 6.324545 -3.379037
30.678282 390.967255 5.757362 -1.953030
59.129642 445.464020 6.753991 -1.753944
86.607025 449.940460 6.348004 -1.527800
86.607025 449.940460 6.348004 -2.636184
102.983879 347.984039 6.111958 -1.879913
102.983879 347.984039 6.111958 -2.685358
104.823433 277.119995 6.505479 -3.129702
105.486969 386.587402 6.660629 -2.965372
105.260468 449.224548 6.512613 -2.773651
108.227409 222.461639 7.028051 -3.220454
107.365128 254.163574 6.050459 -3.361026
109.957527 164.118912 6.828195 0.039364
112.323952 73.731880 5.808319 -3.291016
114.166061 328.853058 6.680030 -1.866555
144.629135 261.684143 6.662622 0.103351
161.747406 299.889740 6.728582 0.629281
161.747406 299.889740 6.728582 -1.515749
174.030396 315.735535 6.344517 -1.544719
175.022018 123.504890 5.759344 -1.126406
197.121933 424.944641 5.883994 -1.734529
202.955017 356.576202 6.179764 -1.758319
218.390747 16.992340 6.674622 -4.660876
221.535477 154.031082 6.280027 -1.806675
226.581253 461.461060 6.786349 1.502071
234.745468 269.436920 5.768567 -3.045698
239.179611 103.339813 5.721362 0.099436
239.179611 103.339813 5.721362 -3.106972
252.007050 460.007599 6.499907 1.479895
256.761658 187.157333 7.084650 1.334483
260.372742 359.914459 6.584625 -4.558350
278.998260 405.074158 5.776058 -1.576161
278.998260 405.074158 5.776058 -4.339410
295.068237 131.384995 6.448917 -1.778059
294.152222 428.172028 6.139621 -3.540324
300.353546 483.566589 7.097094 -4.073167
335.869904 347.274292 6.492279 -0.219083
338.686737 197.304581 6.648601 1.552796
353.895599 486.088745 6.453977 -4.318013
368.410431 365.810486 6.944696 -1.511692
368.410431 365.810486 6.944696 -3.937122
23.244869 487.020172 9.445951 -2.170592
51.668655 358.686523 7.533045 -2.665312
83.564499 20.399437 7.300269 -4.573520
83.676506 385.234863 8.603399 -2.917808
116.551437 37.117924 8.266242 1.381501
126.602364 378.625854 7.259660 -1.622609
149.107803 317.152100 7.771641 -1.402195
147.651871 358.782013 7.548263 -1.478821
166.930161 336.718719 7.282598 -1.500556
171.783508 357.458679 7.489583 -1.460596
187.971924 124.772507 7.486362 -1.253803
200.270309 334.750305 8.098968 -1.319876
200.270309 334.750305 8.098968 -1.319876
215.931473 186.509842 8.295074 -4.183794
238.374649 170.501907 7.917791 -1.348218
238.374649 170.501907 7.917791 -4.081507
239.226929 130.037521 8.115670 -0.347856
239.226929 130.037521 8.115670 -2.815436
252.741455 49.083153 8.035316 -4.035275
254.180008 244.511505 8.158478 -0.111025
305.814514 178.366989 7.677093 -1.808779
305.814514 178.366989 7.677093 -4.137619
317.911896 386.530029 8.135654 -2.741755
354.209625 399.981873 8.202600 -1.142887
78.204887 348.965271 9.686926 -2.444945
117.293854 30.006239 9.312588 1.440093
156.110886 143.280182 9.783547 -0.293699
157.616409 186.237106 10.392982 0.245952
161.448212 380.445770 9.222017 -1.406369
166.724991 418.069794 11.486756 -0.427993
215.604080 103.460403 9.514137 -2.841659
233.524048 334.858551 10.716501 -3.101836
264.050171 111.552406 9.818693 -0.368853
300.799500 284.701904 11.157201 -1.587368
50.908939 472.173218 13.822925 -1.898257
156.556366 100.294876 12.328512 -0.085000
209.381134 44.776447 13.474353 1.416514
227.915848 483.837677 11.821473 1.338837
282.880249 372.375366 13.738946 -4.514059
285.946075 482.944641 12.154181 -4.185557
58.185658 253.099091 14.388328 -3.336935
107.576050 95.027016 16.877831 -3.122208
215.092545 312.618774 17.829973 -2.735610
313.583160 50.772449 16.613741 -2.786263
328.390137 466.080872 17.395088 -4.063693
344.907623 334.664185 14.692881 -0.312578
344.907623 334.664185 14.692881 -3.001597
372.478302 264.445740 16.906469 -2.164866
372.478302 264.445740 16.906469 -4.347383
128.253235 433.514099 19.836678 -2.369220
170.276321 124.364441 19.688644 -0.274555
276.742432 324.149750 19.381325 -1.795926
49.384079 280.821716 23.834803 -1.399055
5.736481 78.261566 44.660580 -3.838838
100.435478 178.978882 38.108532 -2.343973
255.772049 88.260796 48.701351 -2.865158
298.162201 383.246307 54.544266 -1.997991
