5.629579 20.854158 2.283087 -3.193944
5.870732 339.223724 1.935742 -0.157520
5.725182 344.698486 1.980333 -0.080134
16.059658 54.609222 2.038338 -0.018964
20.012173 386.953430 2.069890 0.104805
20.012173 386.953430 2.069890 -2.481979
20.489794 493.945892 2.062035 1.356457
21.372494 440.200500 2.074635 -1.159881
23.692802 345.325897 2.585006 -3.193571
26.169098 374.109253 1.950170 -0.105051
26.563236 476.216187 1.819577 1.388179
28.026634 13.515161 1.888916 -4.588594
28.883307 81.525833 2.153193 0.929335
31.543089 506.371185 1.791284 -1.292095
32.612682 57.763905 2.235418 -1.505883
32.612682 57.763905 2.235418 -3.083603
33.950634 381.460205 1.691608 -0.148029
33.950634 381.460205 1.691608 -2.308395
35.756336 393.198578 2.205041 -1.579620
40.365532 397.545654 2.118356 -1.682986
42.096272 438.499695 2.184499 0.340576
52.112022 30.549767 1.886599 -0.785472
59.431599 291.597870 1.992909 -1.461133
60.000210 49.704609 1.830720 0.950148
60.972710 238.234344 2.106516 -2.309431
62.478874 439.659088 2.148185 -1.882160
64.833473 16.289856 1.991966 -1.295073
73.939407 287.643433 2.257185 -1.489025
78.325073 69.647675 2.212794 -1.901003
78.231628 470.342987 2.109480 -4.378761
79.037750 268.689301 2.282022 -0.951214
79.037750 268.689301 2.282022 -4.110285
78.464256 430.894653 2.228940 1.532021
82.575867 440.906097 1.818955 -1.576792
85.834152 34.714645 2.185234 1.098200
85.834152 34.714645 2.185234 -2.180517
88.274963 309.514832 1.919433 -0.034392
88.274963 309.514832 1.919433 -3.004401
91.104691 75.771126 1.914243 -4.184209
92.992508 30.446369 2.053784 1.106421
92.992508 30.446369 2.053784 -2.164460
93.612579 61.126301 1.889480 -2.078283
100.327171 72.954948 2.184112 -3.046839
107.034401 225.728165 1.876829 0.026253
111.343384 458.007629 2.209905 -3.013406
112.160011 51.984051 2.248045 -2.113721
112.269432 278.154053 2.213830 -0.059855
112.672844 270.788788 2.259806 -0.036151
112.672844 270.788788 2.259806 -3.112988
113.431709 255.580887 2.243464 0.076001
113.431709 255.580887 2.243464 -3.117999
113.851608 483.902039 1.899212 -4.268506
122.516296 46.827629 2.195081 -2.137701
122.113045 449.553894 2.083117 -1.255812
126.142982 59.683678 1.760336 -3.210554
126.427071 138.348358 1.976582 -2.880307
126.578262 188.862610 2.084172 -3.118698
127.091881 10.976007 1.981397 0.847414
127.091881 10.976007 1.981397 -1.998821
130.307922 446.426208 1.802207 -1.504365
131.867935 75.241585 2.322717 -0.126850
131.881744 80.693222 1.924435 0.033590
131.881744 80.693222 1.924435 -4.271498
132.100128 340.736542 1.925814 -3.033799
141.318604 54.021290 2.028815 -3.395962
140.884094 280.926147 2.060747 -1.784071
140.884094 280.926147 2.060747 -2.805657
140.689362 477.139923 2.033994 -0.316866
143.714996 493.986359 2.027149 -4.369519
144.786072 180.466431 2.052407 1.506424
145.969803 469.066925 1.987582 -2.999102
149.721710 475.917084 1.867636 -0.210010
149.721710 475.917084 1.867636 -1.346223
153.044678 127.075096 2.140704 -2.804409
152.686264 291.298096 2.318373 -1.476451
155.342728 364.225769 1.943687 0.103011
159.350082 481.755188 2.154361 -0.391029
161.167740 191.835159 2.094588 1.306909
162.580124 488.302979 2.246672 0.907079
162.580124 488.302979 2.246672 -1.186928
165.157166 121.482483 1.830264 0.194336
164.953812 152.399155 1.987191 1.328061
165.949539 69.716423 2.044076 -2.047809
169.370132 489.551514 2.039789 -2.829713
170.289642 201.774277 2.184757 -3.235095
172.619202 373.221619 1.950408 -2.715517
172.619202 373.221619 1.950408 -3.572805
173.023773 437.514587 2.045908 -2.793693
174.172928 507.142273 2.124192 -1.956875
175.039017 384.668823 2.002681 -3.207036
175.232864 402.237244 2.075199 -3.324769
176.667480 202.057373 1.894337 -3.282025
179.623184 142.136642 2.104972 -3.159136
180.662979 69.081375 1.919269 0.982933
180.692932 257.474579 1.824110 -1.264957
185.125275 137.675812 1.907317 -3.311249
187.888046 99.582916 1.872286 1.411249
188.809128 21.064739 1.884655 -2.269091
197.186462 198.613525 2.201512 -3.121665
196.828644 365.972107 1.963663 -0.021518
199.599640 28.776371 1.988211 -2.091858
201.203445 70.397072 2.167690 -3.137633
201.849152 46.579762 2.086123 0.022969
203.596832 144.613571 1.924785 1.417995
203.379852 489.313599 2.071202 -1.273192
206.504898 72.601517 2.344853 1.218192
206.504898 72.601517 2.344853 -3.080685
208.034073 401.104034 1.958306 -3.093808
209.440125 288.329834 2.155212 -0.383200
209.440125 288.329834 2.155212 -2.472692
210.797394 147.133850 1.879169 1.319910
213.222397 130.579910 2.085881 0.081557
217.432327 191.698853 2.009662 -3.109553
217.545135 213.973373 1.983838 0.034171
217.545135 213.973373 1.983838 -3.061564
217.651077 220.811417 1.885982 0.261901
222.467941 419.401489 1.980018 -0.767266
222.467941 419.401489 1.980018 -2.835564
223.084824 106.324142 2.032371 0.232450
224.380142 139.537140 2.224857 -0.024370
225.969986 171.197479 1.936968 -0.273603
232.077957 500.300842 2.030331 -2.967566
238.015747 508.372314 2.170305 -3.023318
241.985504 38.089012 1.986391 -3.248847
242.943680 358.635345 2.167120 1.521536
242.943680 358.635345 2.167120 -3.036419
249.911224 262.729004 1.880086 1.271644
249.911224 262.729004 1.880086 -1.259221
252.149475 138.580536 2.206155 1.449453
253.933853 345.282654 1.982465 1.331451
254.964584 379.922913 2.081791 -3.118066
259.017365 355.678192 2.087137 -1.900570
259.017365 355.678192 2.087137 -2.952654
260.351074 377.188782 1.849634 0.131528
260.351074 377.188782 1.849634 -3.779997
262.253632 113.933266 1.977050 0.098134
263.684204 454.277588 1.989341 1.388540
264.033783 465.668610 1.939523 -0.094744
267.278076 355.164154 2.197690 -0.091655
267.278076 355.164154 2.197690 -1.571361
277.998779 98.190544 2.027401 0.674183
277.998779 98.190544 2.027401 -3.269339
278.875916 90.192047 2.039994 -1.879718
278.875916 90.192047 2.039994 -3.212107
281.710510 167.901642 2.153170 0.107040
284.443848 313.673737 2.095981 -1.517521
289.552917 309.553253 1.880353 -4.641342
288.156189 65.558472 2.074553 -1.405239
288.156189 65.558472 2.074553 -3.833756
289.302338 76.473404 2.002057 -3.102788
289.077881 121.931137 2.227463 -3.358638
289.077881 121.931137 2.227463 -4.059122
291.429901 453.319672 2.199206 -1.326244
292.128967 506.856598 2.187714 -1.051368
302.182098 59.922699 1.849954 0.919142
302.182098 59.922699 1.849954 -1.971050
302.903595 129.414215 1.913678 1.288889
303.926727 205.097137 1.921303 -4.134825
306.437042 258.925293 2.028038 0.634867
306.437042 258.925293 2.028038 -1.641114
306.189087 458.010925 2.191581 -1.694650
307.132416 30.028082 2.039497 -3.223391
307.232208 339.660370 1.986415 -4.613436
307.632965 9.379786 1.841335 -3.062632
307.949280 226.001572 1.939538 0.276666
307.949280 226.001572 1.939538 -1.473210
318.529907 11.596756 2.189016 -3.164405
320.378113 484.346252 1.960978 0.138957
320.378113 484.346252 1.960978 -4.555956
322.224121 243.355392 2.071358 -2.525056
324.710022 17.734316 2.001207 1.143869
325.253937 392.627533 2.060760 -3.019217
327.179382 32.819405 2.296142 1.256293
326.628540 335.016724 2.144307 -1.329512
332.085114 276.215118 2.088321 -0.793388
334.170013 306.991455 1.974445 -4.642086
337.206543 17.074835 2.007330 0.994394
338.512238 34.540497 2.302950 -1.839385
339.959198 410.586914 1.904965 0.104935
340.786407 341.814392 2.000241 1.564436
350.401611 115.883507 1.907365 1.558729
355.775696 448.815735 2.055349 -1.254282
359.425323 495.760925 1.956314 -1.385656
359.425323 495.760925 1.956314 -4.319411
368.260895 180.971054 1.716735 -3.055788
367.547516 213.845398 1.941638 -2.922372
371.910614 110.956459 2.277360 1.224482
9.417773 374.913208 2.593578 -2.447098
10.471480 51.933289 2.490605 0.033417
10.471480 51.933289 2.490605 -3.069024
11.377308 24.071838 2.365987 0.089515
11.377308 24.071838 2.365987 -3.123062
18.028404 24.323303 2.698375 0.134969
21.013918 499.771698 2.610257 -1.133628
29.438202 442.496887 2.537465 -1.413300
29.724072 397.043671 2.415455 -1.337798
37.906994 386.456482 2.256175 -2.175632
39.720398 313.166748 2.569767 -1.131051
43.209988 364.327972 2.872956 -3.614596
43.209988 364.327972 2.872956 -4.708247
48.825211 321.180756 2.463726 1.227746
50.363686 250.490753 2.664244 1.354967
51.994308 227.626816 2.095772 -4.600379
53.133976 258.006622 2.332881 1.353484
53.133976 258.006622 2.332881 -3.269373
66.842339 45.560726 2.656962 0.984809
66.165802 504.656586 2.641928 1.049100
67.032860 45.431259 2.653273 0.988898
68.682922 183.866150 2.615033 -4.182736
72.934593 365.134491 2.791271 -2.030530
72.934593 365.134491 2.791271 -4.360893
73.343170 501.234528 2.662992 -2.516552
76.930855 39.548641 2.597398 1.032531
76.930855 39.548641 2.597398 -2.144894
76.396652 186.719513 1.965976 -4.318259
77.111908 39.435032 2.622542 1.035586
77.111908 39.435032 2.622542 -2.145557
86.441460 425.113953 2.571081 -2.889067
95.824181 60.799034 2.436362 -2.095764
103.119003 363.727325 2.385454 -0.088703
103.930611 24.079678 2.364993 1.050745
103.930611 24.079678 2.364993 -2.094809
106.892807 73.067543 2.571729 -2.885752
113.210449 236.553452 2.599793 -4.105827
115.094429 363.471771 2.798526 -1.607481
116.187096 115.918594 2.343669 -4.254170
118.668869 195.625961 2.231181 -2.963217
121.663307 100.721344 2.609461 -1.888300
122.296997 246.897842 2.704727 -0.106497
124.050995 275.310059 2.511990 -0.107581
124.359512 495.368134 2.835814 1.032351
134.582825 6.345888 2.503635 -1.932669
134.564972 452.115692 2.551958 -0.216898
134.564972 452.115692 2.551958 -1.336518
135.326279 468.849976 2.251278 -0.153838
145.917313 216.603104 2.875938 0.153347
145.917313 216.603104 2.875938 -3.218688
151.276657 132.668137 2.582142 -2.902286
156.652618 70.883644 2.070711 -2.366642
156.652618 70.883644 2.070711 -3.171931
160.926270 318.005554 2.409474 -1.889142
161.227768 360.448944 2.538358 1.283288
161.227768 360.448944 2.538358 0.286331
161.933502 306.977264 2.252436 -2.932212
166.127197 172.423676 2.280779 -0.684623
168.436630 62.623253 2.581936 -1.991487
169.466492 191.326385 2.559466 1.503253
170.222412 136.594009 2.559923 0.025817
171.181061 125.117752 2.711876 0.087218
186.239456 366.856750 2.264587 -1.700869
189.275986 36.619091 2.516829 1.044856
189.275986 36.619091 2.516829 -2.892965
194.019653 64.408813 2.382848 0.989756
200.865814 340.535339 2.958522 0.050846
200.927521 397.386780 2.592204 0.253528
202.066162 54.114079 2.285906 -3.300855
202.226913 368.970978 2.444879 0.047540
204.197800 143.134903 2.645698 1.401616
205.689590 188.371094 2.364885 0.162450
205.689590 188.371094 2.364885 -0.809762
205.635986 203.383987 2.428387 -0.116110
209.257629 373.713501 2.453023 -0.013763
209.257629 373.713501 2.453023 -3.213016
209.257187 385.644501 2.452782 -0.075622
209.257187 385.644501 2.452782 -3.031202
209.587753 175.255112 2.406080 1.365377
212.455231 167.348206 2.256081 -1.617201
214.197556 57.056122 2.538713 0.760935
214.197556 57.056122 2.538713 -0.814734
214.113190 140.447250 2.736221 1.262702
214.709579 20.742350 2.582132 -0.054457
215.281784 292.674194 2.527213 -0.983933
219.083420 172.182144 2.480754 1.257498
219.083420 172.182144 2.480754 -0.324766
223.334122 127.958778 2.404247 0.043306
224.096741 388.056641 2.447614 -2.563558
227.612717 69.887878 2.665918 -4.642533
230.625763 24.917135 2.528829 -3.358919
233.463242 416.735016 2.641072 -1.708044
233.463242 416.735016 2.641072 -4.347574
234.044159 245.115082 2.419961 -2.191102
235.168579 449.626831 2.770589 -1.526744
237.509125 256.110779 2.492607 -1.080088
239.595642 336.632568 3.152247 -1.314606
239.590637 471.015442 2.396901 -4.320258
241.259186 20.333746 2.618343 -4.035683
242.450668 135.837433 2.604250 -4.122783
242.391327 366.430450 2.327236 -3.110934
247.876526 386.416656 2.631334 -0.439513
247.876526 386.416656 2.631334 -1.421376
253.072617 435.209503 2.541801 1.376109
254.771637 374.730927 2.404330 -2.807803
256.562317 114.452400 2.650716 0.118040
262.430023 126.291435 2.395735 -0.021700
262.962280 135.995956 2.818492 0.390010
262.962280 135.995956 2.818492 -1.738353
264.191589 448.243103 2.554330 -0.965650
264.191589 448.243103 2.554330 -1.671303
264.855927 371.839935 2.737949 0.094623
266.369568 195.419510 2.550826 -4.322185
265.644379 389.580048 2.427592 -0.002722
270.834076 475.925781 2.367666 0.164621
272.365662 350.171600 2.448776 -0.675670
278.002197 448.666321 2.587140 -1.102481
287.135040 331.189758 2.760866 -4.609248
297.292755 263.679749 2.352980 0.453809
297.292755 263.679749 2.352980 -0.403946
301.223511 35.517132 2.495351 -3.251882
301.286896 463.518005 2.620445 -1.376404
301.696869 269.735870 2.351885 0.475716
312.710419 334.040619 2.840113 -4.698708
315.017181 461.233459 2.726768 -1.974696
315.971649 327.163818 2.361045 -1.137045
317.221466 479.654297 2.705492 1.539140
317.221466 479.654297 2.705492 0.469726
317.923462 160.953705 2.330380 -0.186758
325.208740 214.050308 2.314366 -2.846321
339.105133 336.820343 2.602195 -1.647046
346.595398 7.988728 2.749373 1.373620
346.595398 7.988728 2.749373 -2.662282
372.127197 480.818542 2.398672 -4.691557
376.945587 464.305908 2.482478 -1.330157
378.632721 212.650330 2.555341 1.471034
7.313438 228.940857 3.352897 0.077019
12.011436 296.927094 3.378047 -2.829732
20.907160 248.775589 2.941172 0.007111
21.489803 405.949036 3.026446 0.842736
28.613190 262.001343 2.987362 -1.217176
28.613190 262.001343 2.987362 -4.606178
33.041195 366.880920 2.958608 -0.377962
32.569183 419.750732 3.395965 -1.642356
38.354073 426.785645 3.046134 -1.525316
41.830242 252.187485 3.047282 -1.003146
41.954853 285.288757 3.354993 -1.534173
45.084156 196.179138 3.345622 -0.771791
44.867451 328.261749 2.988186 -0.435159
45.659248 374.456177 3.509182 -1.479291
65.511635 481.125916 3.091703 1.282357
85.539406 354.107056 3.557845 -3.030873
85.472664 396.687073 3.363386 -3.427024
85.472664 396.687073 3.363386 -4.201554
87.150932 223.040802 3.506747 -3.164784
95.462105 335.447449 3.397238 -0.093867
95.476448 484.727325 3.483965 1.304915
96.198654 199.441238 3.528198 -3.037535
95.508698 322.322693 3.277748 0.055283
105.205322 462.893005 3.027616 -0.274982
113.425720 424.027863 3.572866 -4.686021
115.408279 498.718781 3.165886 -3.965107
123.031303 38.786343 3.081182 -2.188935
123.743973 300.292938 3.105068 -0.110154
131.229752 76.653099 3.352398 -0.205770
133.262390 416.578918 3.452779 -0.226480
133.425583 429.772675 3.441223 0.057390
135.034897 111.039566 2.959155 -4.219734
135.935608 102.392838 2.869845 -1.895845
137.556488 194.552567 3.469102 1.546469
140.105270 445.639679 3.469610 0.295192
140.105270 445.639679 3.469610 -0.767734
140.105270 445.639679 3.469610 -2.588196
141.981003 88.364647 3.896887 -1.985751
140.672470 460.510681 2.948997 0.000983
144.047333 389.611450 2.868527 -4.494059
158.408310 261.326691 3.093985 -1.871521
161.737595 164.332764 2.899977 -1.589504
162.565964 496.662323 3.015932 1.140375
162.565964 496.662323 3.015932 -2.500377
163.880081 107.706665 2.930189 -0.001168
163.657745 292.127563 2.950937 -1.551221
175.838364 58.184864 3.337705 1.097919
181.957703 95.046402 3.413165 1.470172
184.229431 110.097664 3.236486 -1.609579
189.551758 144.903625 3.112195 0.430793
189.551758 144.903625 3.112195 -3.381219
187.862488 123.248016 3.318617 -0.449345
191.115433 416.354889 2.941515 -2.078977
191.076065 426.430084 3.041260 -2.081838
191.943130 159.277313 3.574287 -1.617300
194.182083 50.809563 3.225857 -3.231187
195.526901 295.547729 3.371254 -0.147323
195.526901 295.547729 3.371254 -1.312962
197.132141 120.417236 3.347884 -3.078072
200.993118 340.044617 3.016111 0.040315
201.636871 418.627930 3.120847 -1.939094
204.850357 348.704468 3.085295 1.566587
206.206055 116.755867 3.290234 -3.060321
213.510147 182.130905 3.243654 1.292404
213.806366 45.316971 3.137574 0.455500
213.806366 45.316971 3.137574 -3.265782
220.088882 81.670471 3.171752 0.721338
220.088882 81.670471 3.171752 -1.622575
222.805862 404.002808 3.371161 -3.014419
225.870514 8.596218 3.175074 -1.486913
228.543365 114.989632 3.163986 -2.996688
229.531647 218.495728 3.610562 0.429621
230.895081 200.905350 2.848575 -0.227497
230.565628 62.815819 2.931731 -4.662495
232.701889 300.663849 3.633531 -0.321537
232.701889 300.663849 3.633531 -0.976803
236.923325 114.507736 3.053523 -2.976719
236.808685 387.729340 4.251899 -1.683461
244.311707 217.935104 3.137926 0.428459
244.311707 217.935104 3.137926 -3.872378
248.711639 15.656307 3.199292 -1.275387
249.321350 241.484390 2.772907 -1.506718
251.070938 426.220886 3.622073 -1.187863
251.070938 426.220886 3.622073 -4.633981
254.579651 323.520508 2.874703 -0.704180
256.602844 298.119110 2.857290 -0.985398
263.536285 123.607445 3.107203 -0.005282
267.880920 214.865952 3.563069 -0.856853
273.174072 328.852234 3.293673 -4.502494
274.285919 362.079559 3.293350 -0.032850
277.230621 312.879944 2.915719 -1.380382
282.624451 81.899895 3.461675 -3.155708
283.151855 226.400894 2.461392 -1.666114
283.151855 226.400894 2.461392 -4.230245
287.901245 377.909363 3.321911 -1.068914
290.175751 14.322989 3.196761 0.942855
290.028778 87.778282 2.985479 -3.186498
289.457672 443.187683 2.931972 -1.278132
289.457672 443.187683 2.931972 -4.162498
297.753662 218.489822 3.080353 -1.431952
310.995453 127.470490 3.094041 1.264722
311.536560 62.511917 3.328304 -1.876388
322.530579 124.473808 3.089539 1.361884
324.110992 243.844986 3.336706 -2.230037
340.699280 143.384613 3.290737 1.347543
343.079163 23.974169 3.196411 1.244787
344.683136 120.674866 2.763698 1.540107
348.477539 47.670345 3.235544 -1.890928
351.415405 21.357029 3.200188 1.315157
360.702637 209.670212 3.345066 -2.864561
364.690826 193.910080 3.467653 -3.031488
367.755829 15.566450 3.338081 1.274401
366.423065 374.801636 2.740000 -3.069107
369.369415 156.820648 3.297003 -2.977249
374.951172 413.724854 3.144272 -2.009638
374.913239 496.380737 3.216859 -1.832779
378.157135 153.801010 3.510292 -2.888437
24.054102 121.072937 3.562984 -0.163812
32.201859 419.793365 3.257864 -1.628503
40.674946 51.865208 3.755077 -2.818206
44.002140 89.497711 4.102592 1.365344
47.187027 374.525085 3.704639 -1.474159
53.333485 439.398682 3.665482 -1.612103
54.287434 416.619781 4.373248 -4.614676
74.400482 10.001530 3.723340 -4.560731
84.928383 354.096375 3.626414 1.432352
84.928383 354.096375 3.626414 -2.971003
95.052856 443.007111 4.347298 -0.158098
95.052856 443.007111 4.347298 -2.986013
110.416283 33.875713 4.456895 1.213474
111.496719 55.002457 3.764990 -2.158779
119.183296 68.155159 4.512698 -2.002322
123.219406 260.946381 4.138823 0.101418
123.084152 290.085236 3.738581 -0.233524
123.084152 290.085236 3.738581 -2.917475
136.110291 493.125061 3.782727 -4.411559
136.973679 120.912315 3.811272 -4.125416
136.974518 195.444443 3.741581 -4.611442
142.436935 88.088310 3.994549 -1.952138
143.669083 159.127350 3.716128 -1.674680
147.844391 238.024780 4.608991 -4.476337
149.497604 452.525726 4.231534 -0.005872
151.135345 470.386932 4.169502 -0.176081
151.868118 432.223999 4.674728 -0.031634
168.467285 51.023041 3.881523 -4.235479
173.540588 318.661072 4.166149 -0.648531
180.727936 9.863091 4.157728 -2.130608
174.065903 86.504845 4.508457 0.606517
187.576340 123.527756 3.655210 -0.590385
193.783661 44.399288 3.496518 1.239677
193.783661 44.399288 3.496518 -3.510159
204.895950 299.478180 3.931951 -0.145739
207.970215 138.479401 4.652584 1.217215
207.970215 138.479401 4.652584 -0.221078
207.970215 138.479401 4.652584 -3.133121
208.059631 62.040340 3.275743 -3.640249
211.870438 327.818756 3.447074 -2.914198
216.476425 237.031174 4.232965 0.415002
216.476425 237.031174 4.232965 -4.608456
218.391296 154.860535 3.815479 0.530460
224.394180 20.099585 4.097090 -0.208373
227.559525 456.099457 3.950575 -1.157504
226.879395 483.333374 4.189909 -1.068478
229.628128 202.327179 4.069880 -0.214317
232.469620 138.930130 4.040137 0.121649
232.179016 301.341431 4.080985 -0.865938
236.907715 150.466156 4.068720 1.343796
238.011032 404.370728 3.954242 -4.364155
238.730957 178.221832 4.273211 -1.591939
254.947006 102.140678 5.096303 0.025244
257.744446 8.881310 3.989015 -1.478153
266.073273 118.486237 4.543569 0.066790
269.025269 98.227318 3.895431 -0.055842
274.935211 363.718079 3.979117 -0.047715
281.373413 214.694946 4.046930 -0.665780
283.858154 128.051514 4.522130 -3.637323
292.473450 426.411743 4.416152 0.080477
305.578186 184.197937 3.862765 -1.256307
321.075531 33.159470 3.727935 1.227561
333.226685 256.279419 3.733159 0.572488
333.226685 256.279419 3.733159 -0.426810
337.433228 132.563828 4.100028 1.437130
344.244171 188.861496 4.394944 -0.393973
344.244171 188.861496 4.394944 -2.254538
342.622345 206.999878 3.996219 -1.595748
344.433899 476.805176 4.432384 -4.291386
360.075226 240.842606 3.577889 1.431595
360.075226 240.842606 3.577889 -0.900477
368.980011 108.866875 4.090469 1.165622
368.980011 108.866875 4.090469 -0.018401
369.560730 333.307983 4.045307 -1.175616
11.379560 135.184952 4.844020 0.089089
12.533854 95.528595 5.001890 0.166307
18.557766 397.178192 5.126311 -2.511315
26.748901 86.918228 5.057546 0.418207
43.145905 30.463430 4.901876 -3.935938
62.371052 427.028198 4.687807 -2.761969
62.371052 427.028198 4.687807 -4.108265
64.085915 204.896637 5.526189 -4.383560
71.387428 376.608246 4.662192 -2.480631
84.024078 193.611237 5.439306 -4.327364
97.807663 158.686356 6.186299 -1.699692
108.598122 81.571716 4.838029 -3.333610
111.778175 412.067932 4.568974 -1.212215
119.322647 90.220459 4.772897 1.204201
118.130341 157.849991 4.786735 -1.738635
133.390411 134.572845 5.162707 -2.544911
132.227356 152.715088 4.919800 -3.032265
175.434097 107.912491 4.945763 1.411823
175.434097 107.912491 4.945763 -0.154451
175.434097 107.912491 4.945763 -1.576077
184.111679 416.914368 5.309258 -2.096896
198.439331 92.502075 4.859763 -4.556047
199.550797 202.863327 4.820398 -0.132550
203.266876 359.192078 5.319324 1.512003
225.891708 429.882385 5.515421 -4.432716
223.957184 469.636292 4.905440 -0.846845
230.168716 164.793701 5.529279 -0.206893
230.168716 164.793701 5.529279 -1.544580
229.073730 233.396149 5.427993 1.176276
235.810165 81.317680 5.223009 1.237123
259.144135 472.519409 4.788358 0.306757
259.144135 472.519409 4.788358 -1.172651
265.381683 73.354904 5.231787 1.321314
267.368347 16.861897 4.786301 -1.723601
268.687592 488.778534 4.630009 -1.276124
287.193237 141.679398 4.894653 -4.524452
289.722290 227.045090 4.971264 -1.487651
290.742859 51.077785 4.987004 1.289690
290.742859 51.077785 4.987004 -1.901529
300.515350 315.230225 5.043951 -1.352999
308.950073 196.937302 4.725025 -4.170677
318.439789 233.755737 5.145928 0.366237
12.109025 164.538834 6.522065 -1.215439
17.501459 476.784332 5.795431 1.409615
27.724010 150.515793 6.690222 -1.154672
27.478901 460.082977 6.804224 1.368923
32.340481 358.189850 6.630883 -4.603393
53.083725 402.842224 5.862369 -1.612710
53.083725 402.842224 5.862369 -4.422562
60.409840 208.578857 6.411292 -4.514466
68.618118 125.400291 5.915953 -1.488297
68.160248 425.552765 5.972733 -3.686083
77.076271 479.646759 6.992121 -4.166942
98.016335 498.198761 6.187259 1.407161
98.016335 498.198761 6.187259 -0.903338
110.596863 194.223587 6.506660 -4.710792
130.431244 391.526917 6.001174 -1.220457
129.583145 477.854034 6.472151 -4.451550
138.797668 359.339081 6.124457 -1.475793
148.196213 70.307877 6.674561 -2.445659
148.196213 70.307877 6.674561 -4.552150
146.280075 378.408844 6.097420 -0.021729
150.593185 484.904541 5.912767 -0.356757
150.593185 484.904541 5.912767 -4.627195
164.342575 213.835495 6.741349 0.323970
179.162888 488.536377 5.894731 -2.858845
187.804260 237.357468 6.540575 -4.425660
191.734451 107.627907 7.172282 -1.724523
191.734451 107.627907 7.172282 -4.556265
196.252502 74.775185 6.684672 1.197160
196.252502 74.775185 6.684672 -4.042016
233.338852 97.818115 6.217530 0.930718
233.338852 97.818115 6.217530 -2.213124
246.978348 194.674454 6.726686 -0.259436
259.664124 212.697189 5.764958 -0.911286
263.920258 181.574387 5.984375 -1.259589
263.949524 232.115433 6.451608 1.486661
276.195618 440.917236 7.126271 -0.610208
295.867493 116.639381 6.803751 -3.351362
298.567139 20.321478 6.407954 -3.370112
299.223145 210.490921 7.166250 -1.419673
301.169525 229.401413 6.953564 -1.394042
315.099640 316.300873 6.578131 -1.092830
321.770508 151.185410 6.691239 0.755475
324.635376 10.414099 6.107194 0.629367
377.794464 479.164825 6.087077 1.184945
27.576284 41.609028 8.349967 -4.001054
48.416969 33.003288 7.318042 -4.005144
78.283577 174.749054 7.601998 -1.761803
78.283577 174.749054 7.601998 -4.118916
75.423164 283.491058 9.517434 -1.570199
91.509758 382.452911 8.114949 -0.370411
91.509758 382.452911 8.114949 -2.777623
127.851700 393.199280 7.373409 -1.028133
151.302887 44.776669 8.079967 -2.088664
151.233673 177.934998 8.593493 1.266533
165.734726 469.097473 8.205148 -2.976213
185.392487 446.755005 8.380836 -2.912994
187.273026 392.853729 8.403374 0.019256
187.273026 392.853729 8.403374 -2.943392
207.942429 400.426392 7.840844 -2.700130
226.669128 305.797333 8.169045 -0.551801
231.265121 394.388855 8.155297 -2.462383
275.733734 111.323631 8.737121 -3.305458
280.432220 203.268097 8.908745 -0.548382
277.879395 439.563660 8.710578 -0.298413
355.121460 464.297729 8.316798 -1.162214
369.583740 448.414368 7.544374 -1.091047
369.583740 448.414368 7.544374 -4.510718
35.845894 104.887802 9.666065 -0.109726
166.858582 368.431519 9.279668 1.475441
169.114685 421.079010 10.635483 -0.170736
308.661774 51.808983 10.673269 -1.971781
335.823425 483.893097 9.707512 -1.160403
335.823425 483.893097 9.707512 -4.440304
356.967163 178.777359 9.887130 -3.004863
55.627083 369.646088 13.864503 -4.582807
65.868362 480.126282 11.181687 -4.230777
131.824326 471.006073 13.520504 -4.563899
217.605194 369.991272 13.101817 1.363038
256.324219 30.891911 13.025500 1.408793
324.795593 140.088867 13.008407 1.451827
347.333008 28.260458 11.949662 -1.729392
87.862328 47.781723 16.571949 1.302869
87.862328 47.781723 16.571949 -2.609269
117.517891 328.164215 14.560552 -0.348821
117.517891 328.164215 14.560552 -3.021742
199.218887 36.780788 16.354019 -2.230128
244.119324 403.713684 15.274406 -0.146722
244.119324 403.713684 15.274406 -2.270718
50.448250 321.382202 19.564829 -1.689079
172.953796 317.066711 22.234791 1.288991
172.953796 317.066711 22.234791 -1.287458
173.152145 254.513824 21.098444 1.543546
173.152145 254.513824 21.098444 -1.464187
325.730743 93.725761 23.496311 1.480341
54.678936 250.113342 27.923660 -1.750759
108.602318 447.219391 25.302116 -0.490482
108.602318 447.219391 25.302116 -4.240613
129.067337 176.739426 27.140841 -2.569931
182.182129 391.099518 29.259796 -0.507882
182.182129 391.099518 29.259796 -1.888986
306.566925 414.691467 28.272158 -0.600104
322.252747 165.130142 27.682631 -4.669590
63.241253 88.112053 40.088989 -2.699580
