6 23
12 446
22 510
66 311
67 30
75 342
76 4
81 189
82 190
84 64
88 193
90 5
91 6
92 8
94 11
95 14
97 196
99 19
100 20
101 21
103 22
104 334
113 30
114 29
115 351
117 34
118 35
119 36
120 40
121 41
122 39
123 37
124 38
128 42
129 43
132 369
136 52
137 47
142 53
143 227
144 54
146 56
148 60
149 61
150 62
155 68
158 65
159 69
160 66
161 67
162 71
164 70
173 436
207 188
208 194
209 195
211 197
212 199
213 200
216 202
217 26
219 212
223 33
224 448
225 218
227 220
228 223
229 45
230 224
231 225
233 350
234 228
235 231
236 229
238 57
239 232
240 233
241 234
242 235
245 238
275 486
289 327
290 331
291 330
292 332
293 334
295 337
296 446
298 338
299 448
300 340
301 341
302 339
303 344
304 346
305 343
306 345
307 347
309 349
310 352
311 353
312 354
313 355
314 356
315 358
316 359
317 360
342 253
348 517
349 441
350 443
353 447
361 344
362 345
363 526
364 453
365 454
366 348
369 457
370 353
371 459
373 460
374 359
376 463
394 558
395 518
396 559
397 519
398 520
399 521
401 522
402 523
403 524
405 527
406 455
407 528
408 529
409 531
410 530
412 621
413 603
446 560
448 561
449 562
450 563
451 565
452 566
453 567
455 570
467 346
477 601
479 603
480 604
481 607
491 624
492 605
497 631
498 632
500 443
502 639
