9 11
82 124
100 3
104 5
110 17
111 18
114 21
115 22
116 23
118 24
119 25
120 27
121 28
123 32
124 33
126 34
127 36
128 38
129 40
131 39
133 41
134 43
136 329
137 45
141 169
142 48
144 43
146 51
147 176
149 55
154 57
158 58
159 59
160 60
171 483
198 357
219 50
253 259
254 144
255 145
256 143
257 142
258 6
259 148
260 149
261 150
262 265
263 266
266 153
267 154
269 155
271 156
273 160
274 161
275 162
277 164
278 56
279 165
282 170
286 172
287 173
288 174
290 177
291 178
292 180
293 181
294 182
295 183
298 185
299 184
353 169
359 320
363 256
364 258
365 259
366 260
367 263
368 264
372 268
374 270
375 272
376 271
378 275
379 274
380 276
382 188
383 352
384 277
385 278
387 166
388 279
389 280
390 283
391 288
392 286
393 359
396 291
397 292
412 456
415 433
416 503
419 456
435 426
446 347
450 398
452 349
454 351
457 352
458 354
459 355
460 358
461 289
502 396
503 431
504 397
505 399
506 400
507 401
509 402
510 403
511 404
512 362
513 406
514 353
515 407
516 408
518 356
521 357
545 429
546 430
548 431
550 464
551 434
552 433
553 435
554 436
556 437
559 439
566 478
569 464
570 466
571 467
572 468
579 478
582 479
588 491
591 490
