13 98
34 98
35 99
63 254
83 35
85 4
86 3
91 223
95 26
96 163
97 164
99 11
100 12
101 10
104 169
105 15
109 17
110 176
111 21
113 25
114 23
117 27
118 28
119 29
120 30
121 33
122 31
123 32
124 36
125 40
126 41
127 42
131 45
132 43
133 48
135 187
136 51
137 50
138 52
140 55
145 58
149 62
150 63
152 64
153 39
154 65
155 68
157 67
163 26
166 208
168 156
170 315
174 13
191 284
195 58
218 5
220 430
221 431
226 274
227 275
228 26
230 161
233 162
234 56
236 166
238 175
242 421
243 189
244 289
248 180
250 181
252 183
254 185
255 294
256 186
258 190
259 53
260 193
261 194
263 197
266 405
268 198
269 200
282 337
284 38
296 464
313 282
327 271
330 270
335 277
337 278
338 279
339 280
341 282
342 281
344 283
345 285
346 286
347 287
348 288
349 290
350 425
351 293
352 186
353 295
355 298
357 299
360 300
368 421
373 99
376 156
379 31
393 284
394 284
398 330
403 131
404 131
405 330
407 327
408 334
409 333
411 335
412 336
413 285
417 344
420 347
421 349
422 348
424 350
439 384
440 337
441 383
442 386
443 351
444 390
450 424
465 458
466 422
467 39
469 426
470 427
471 387
472 430
473 431
474 432
481 401
484 370
485 471
488 457
489 458
490 460
491 461
492 462
493 463
494 465
496 464
498 466
503 484
504 485
505 486
506 487
511 503
517 511
519 512
