20 91
21 441
56 184
65 35
66 91
83 187
89 435
100 395
106 3
107 6
110 9
112 14
113 16
114 18
117 164
123 91
127 31
129 33
130 34
131 35
135 40
136 256
137 182
140 46
143 48
144 47
148 51
149 52
151 56
155 147
165 228
166 256
169 91
211 343
220 158
223 257
224 258
226 159
230 160
231 259
232 161
233 162
234 163
235 261
236 165
239 23
240 26
243 167
244 168
245 22
246 169
247 171
248 170
249 174
250 175
251 177
254 181
256 41
257 183
259 186
260 405
261 187
263 42
265 190
266 49
267 50
270 114
274 370
275 371
309 262
311 263
312 265
313 266
315 267
317 268
320 270
322 272
323 273
328 370
329 371
337 239
361 399
362 335
365 340
366 342
368 344
369 345
370 346
371 349
372 350
373 352
376 355
380 356
384 343
397 257
399 392
401 397
403 398
404 400
405 402
406 424
407 343
408 403
410 347
411 348
412 406
414 354
415 407
416 408
418 91
439 306
442 422
443 421
444 423
445 425
446 428
447 429
448 404
449 405
451 430
452 431
453 432
471 333
472 334
474 446
476 431
478 449
493 459
494 460
495 461
496 462
498 463
499 406
500 464
514 477
515 478
516 479
