4 117
5 117
9 94
16 345
21 167
51 61
102 167
103 11
104 12
105 14
108 124
114 66
122 26
123 134
124 26
125 27
126 28
127 29
128 30
129 31
132 34
134 35
135 36
136 38
137 38
138 41
139 42
140 43
142 48
143 44
144 45
147 46
148 47
149 50
154 49
182 216
187 388
188 40
213 117
215 121
216 212
217 217
220 122
221 123
223 125
226 20
229 128
230 129
231 135
232 136
233 132
234 133
235 227
236 228
239 34
240 139
242 141
245 140
248 144
249 40
250 146
251 147
252 148
253 149
254 150
255 151
299 349
300 120
301 346
302 213
306 220
307 221
308 222
311 224
312 225
314 232
315 233
316 131
318 230
319 226
320 234
321 237
322 235
323 236
324 238
325 240
326 241
327 242
328 244
329 243
330 245
333 364
351 63
369 288
370 94
373 346
374 97
376 5
377 4
378 289
379 290
380 293
382 294
383 295
385 296
386 298
387 299
388 300
390 302
410 342
411 349
412 352
413 370
414 353
415 354
416 355
417 301
444 369
472 392
474 396
475 397
