49 49
54 78
80 564
91 1057
105 881
140 209
166 98
182 343
263 25
273 428
279 439
280 440
283 437
285 2
288 448
289 443
290 22
294 761
295 452
297 38
304 58
305 451
308 19
310 29
312 1210
322 48
324 46
325 481
328 482
331 56
336 57
343 60
346 76
347 90
354 81
359 520
361 100
369 113
370 107
373 115
376 99
378 528
381 124
382 109
383 121
387 123
388 114
389 131
392 126
396 140
399 127
402 137
405 153
406 146
408 125
419 150
421 167
422 130
428 161
431 175
434 157
436 841
438 162
442 169
444 172
454 837
456 184
460 199
554 194
564 1106
601 97
611 746
612 747
614 436
615 433
616 434
618 441
619 442
623 438
624 446
625 455
626 753
627 754
632 828
634 750
635 761
636 456
638 25
640 460
641 461
646 458
649 43
651 767
657 484
658 488
659 489
660 490
661 762
662 483
665 474
666 96
667 764
668 63
669 64
670 500
671 502
672 768
676 70
678 480
680 769
681 506
682 778
684 510
686 516
687 517
688 504
689 788
692 508
694 518
695 519
697 790
699 507
701 96
702 513
707 524
709 111
714 537
715 533
716 798
717 525
719 536
724 129
727 540
728 135
730 543
732 529
733 530
734 534
735 531
739 535
740 545
742 546
743 547
747 544
748 539
750 554
753 829
756 555
757 563
758 564
760 566
761 567
763 480
764 568
771 551
799 97
820 1298
876 95
896 955
899 746
900 967
907 971
909 970
912 973
913 469
914 766
915 976
917 760
918 975
920 773
924 776
926 784
927 780
930 786
931 783
932 779
936 988
937 775
940 793
943 796
944 797
947 799
948 800
952 808
953 794
954 805
955 809
956 812
957 813
958 814
959 802
960 803
965 821
966 822
967 823
969 832
970 825
971 826
972 816
974 820
975 836
976 837
977 828
978 559
979 824
980 844
984 827
986 579
1035 335
1064 963
1066 967
1067 961
1068 962
1070 968
1073 974
1075 970
1077 977
1078 984
1079 981
1082 998
1084 993
1085 994
1086 996
1087 992
1089 989
1090 987
1091 1004
1095 995
1097 1005
1099 1100
1100 1000
1101 997
1102 1007
1103 1001
1104 1008
1105 1006
1106 1011
1107 1003
1113 815
1114 806
1115 807
1116 1010
1117 1015
1122 835
1124 838
1125 839
1126 1024
1128 1022
1161 285
1166 1007
1186 1167
1187 966
1188 1087
1189 1168
1190 1172
1191 1089
1192 1090
1193 1088
1195 979
1197 1177
1198 1178
1200 1096
1202 1098
1205 1185
1210 1101
1212 1105
1213 1016
1216 1106
1219 1020
1220 1110
1246 1169
1250 1230
1251 1170
1252 1176
1255 1174
1257 1179
1258 1175
1260 1184
1261 1188
1263 1189
1265 1190
1266 1248
1267 1193
1295 1231
1297 1233
1298 1234
1299 1236
1300 1237
1301 1241
1303 1242
1304 1238
1306 1247
1307 1249
1320 1264
1321 1265
1322 1266
1323 1275
1325 1246
1326 1267
1327 1268
1329 1274
1330 1276
1336 1285
1346 1292
1347 1293
1348 1294
1349 1295
