1.989631 356.873260 1.843700 -4.573783
4.239107 271.521332 1.843996 -0.050626
4.392355 278.492584 2.073709 -0.089111
4.988528 554.381226 1.867620 1.299461
6.919459 343.810822 2.147189 1.424032
10.486269 411.765015 1.964027 -2.458905
11.422607 19.501623 1.780061 -4.063169
11.177668 601.895264 1.986335 -2.206231
13.899466 28.591806 1.986725 1.483021
16.386070 483.701447 1.998089 -1.501577
20.773130 107.747551 1.913938 -2.213408
22.234612 636.068054 1.970037 0.990111
24.622032 116.294960 1.978414 0.305320
25.636442 168.829514 1.856578 -3.388720
30.018808 4.247434 1.815590 -2.513836
30.191263 99.161598 1.824394 -0.767904
29.614147 604.356018 2.012280 0.465824
29.614147 604.356018 2.012280 -1.854456
30.741583 167.974350 1.911865 -3.363740
33.482212 295.230835 2.117689 -3.317492
33.933506 24.034187 1.982753 -2.225103
34.718311 415.421021 1.948581 1.299496
35.371010 463.263062 1.975459 -0.915962
35.793926 276.455109 1.761057 -3.194621
35.566872 368.301453 1.915055 -3.962367
36.582489 633.717773 2.608280 -1.664326
36.582489 633.717773 2.608280 -4.415941
36.567894 472.094147 1.961545 -1.284920
38.480324 220.168762 1.844683 -1.375443
38.480324 220.168762 1.844683 -4.012088
40.537804 124.893784 2.151942 -2.595727
40.338688 458.778839 2.221391 1.151010
42.461575 523.203308 2.003322 -1.953115
44.083061 129.827850 1.948824 -2.563832
46.287365 417.915619 1.844617 1.151616
47.308601 215.451080 2.098922 -1.899858
47.110836 569.031982 2.212032 -4.635838
48.120987 61.178101 1.890572 -1.861641
49.536716 5.918517 2.091459 0.921033
49.536716 5.918517 2.091459 -3.415156
50.388374 524.455688 2.195677 -1.513656
51.842030 249.237167 2.011754 -3.830473
53.720783 1.756958 2.006370 -3.950120
54.215973 628.685364 2.210887 0.692886
54.215973 628.685364 2.210887 -1.153415
55.936436 58.107162 2.044238 -2.544788
56.684322 111.173355 1.868069 0.799056
56.684322 111.173355 1.868069 -2.043898
57.780258 165.658524 1.907733 -0.362636
57.780258 165.658524 1.907733 -2.592773
57.780258 165.658524 1.907733 -3.325465
58.805180 610.346313 1.961499 -4.661669
59.575394 51.125851 1.886158 -2.679401
63.462734 105.827255 1.862463 0.642514
63.462734 105.827255 1.862463 -1.633695
67.073654 268.441772 1.776101 1.565164
67.073654 268.441772 1.776101 -1.346386
69.390846 596.342529 1.788619 0.939522
69.390846 596.342529 1.788619 -2.017331
70.167274 459.384613 1.851353 -1.897882
71.570084 387.633179 2.238961 1.347908
71.938477 404.929108 1.961407 -0.013075
71.938477 404.929108 1.961407 -0.788887
72.973625 222.289124 2.005377 -3.800753
72.713875 602.014343 2.002916 -2.029420
73.811996 83.480812 1.897486 0.476634
73.811996 83.480812 1.897486 -3.542948
76.876648 567.042114 2.198310 -1.859888
77.868240 620.974976 1.933600 1.307103
77.868240 620.974976 1.933600 -2.691936
79.206535 49.905327 1.929468 -3.183994
78.863098 400.023468 1.876928 -2.231219
78.863098 400.023468 1.876928 -4.618537
80.898758 263.157959 2.171127 -1.274594
82.055878 433.091583 1.816520 1.086713
82.055878 433.091583 1.816520 -2.386099
83.294579 207.787445 1.978595 -2.880530
83.179367 256.972290 2.226484 -1.356261
83.527596 218.376205 1.864653 -3.160501
83.806740 280.540619 1.843424 1.297987
85.953766 96.096245 2.078851 -2.758380
85.953766 96.096245 2.078851 -3.546670
87.151093 89.514030 2.285666 -3.597747
91.154083 205.148926 1.900998 -3.039197
91.147713 465.700867 2.213511 -4.222454
93.578201 408.251434 1.865162 -1.886598
93.578201 408.251434 1.865162 -4.628030
94.544319 226.462601 1.735256 -3.607654
95.053986 534.609070 2.169807 -1.544062
95.007690 617.145874 2.136080 -1.875143
98.747383 321.897003 1.837052 -1.964391
101.533798 500.710938 1.834507 -1.526988
102.704987 198.357971 2.135682 0.089757
104.272141 71.710037 2.085256 -1.157463
104.272141 71.710037 2.085256 -3.240679
108.998589 352.587006 2.250772 0.291012
110.414810 441.631256 2.042680 -4.613550
114.291458 274.191467 1.913286 -2.332724
114.291458 274.191467 1.913286 -4.346768
114.809174 346.102570 1.842196 1.079127
115.629837 83.832230 1.868342 -2.700704
117.123032 328.045837 2.094328 0.569493
117.123032 328.045837 2.094328 -1.929765
117.123032 328.045837 2.094328 -4.687025
118.235222 558.286621 2.126823 1.054410
120.984169 59.936340 2.018791 -2.500901
120.987358 66.742279 1.831915 -3.276304
121.888321 164.430786 2.292721 0.288402
122.989777 370.884644 1.792597 1.362609
122.989777 370.884644 1.792597 -2.257434
124.982170 236.289047 2.179448 0.391788
124.727562 611.340332 1.935474 -2.035602
125.857178 33.200394 1.938962 0.000703
126.328369 62.295155 2.060476 0.204985
126.328369 62.295155 2.060476 -1.284716
126.660927 296.028107 1.921300 1.346109
127.270210 321.569092 1.938401 1.308209
127.215111 462.769806 2.026322 -2.136301
127.698708 18.355511 1.911540 0.107082
128.564697 261.249969 2.153177 0.848278
128.564697 261.249969 2.153177 -1.322449
128.564697 261.249969 2.153177 -4.050811
128.642776 268.015717 2.075402 0.308474
128.808090 374.607300 1.865333 -4.693814
130.031067 343.036133 2.069133 1.215682
132.723450 33.268227 1.932289 -0.192877
132.764572 280.603546 1.912544 0.477392
133.764587 580.378662 1.853702 0.933664
133.764587 580.378662 1.853702 -1.215300
134.951859 271.230530 1.962862 0.172793
135.504898 588.145203 1.963024 1.039207
137.267593 312.347076 1.729137 -1.948514
139.219559 458.994629 1.972676 -1.528934
139.761734 99.747284 1.844749 -1.735932
142.775223 64.436310 1.977901 -3.100193
145.115189 134.727066 1.910399 0.072705
153.127579 330.904541 1.986458 -4.667023
154.521820 501.741241 1.683687 -2.049558
161.715866 254.996689 1.939100 -4.640623
163.896805 156.653732 1.988398 -3.034863
164.336426 519.859070 1.847155 -2.097520
164.761597 282.347321 1.901940 -1.055037
164.761597 282.347321 1.901940 -4.436859
165.682785 316.343811 1.853830 1.078099
168.333145 244.149536 2.020139 0.027191
169.180603 301.097778 1.979576 -1.642733
167.988052 446.432648 2.430929 -1.632698
171.252548 549.570496 1.908547 0.634913
172.935150 50.114845 1.917571 -3.411462
172.681946 522.204895 1.957186 -2.190831
172.692535 598.943481 2.253923 1.145563
175.815063 84.198761 1.625319 -0.014632
178.981583 101.369385 1.985349 -3.221471
179.609818 534.983459 1.881393 -1.827475
179.609818 534.983459 1.881393 -4.236239
180.304321 118.660736 1.931363 -0.437620
181.023407 154.997116 1.845597 -0.179523
181.023407 154.997116 1.845597 -3.811431
181.811737 528.599365 2.071548 -1.285455
181.811737 528.599365 2.071548 -3.994529
185.284622 151.260498 1.922072 -0.224263
186.172546 59.837635 1.856979 0.416440
186.172546 59.837635 1.856979 -3.074101
188.378784 49.828976 2.068922 -3.099393
189.125244 598.971069 2.090828 -1.245265
189.780441 109.800934 2.063937 -0.137846
190.955383 118.700844 1.977919 -0.062150
192.904526 173.095520 1.894476 -0.373400
194.544739 45.336670 1.782416 -3.114061
195.690842 112.020798 2.089437 -3.309488
195.935577 231.344681 1.908019 -3.978836
197.346985 102.079079 2.075293 -3.363868
196.708878 457.932434 1.854653 -1.852784
198.726807 278.971802 1.926084 -1.560915
199.919128 159.089066 2.000110 -0.290596
199.809158 176.884155 2.363581 -0.323197
200.115463 338.851746 2.126647 1.516615
200.778885 472.755493 1.872074 -1.169213
204.150787 97.125031 1.909246 -0.191024
204.150787 97.125031 1.909246 -3.085657
205.953018 245.407593 1.717992 -3.601513
207.939377 46.465988 2.170121 -0.295894
210.805374 184.204788 2.232920 -0.463095
211.467026 211.006195 2.040590 -0.417673
210.890915 485.270264 1.962567 -1.844715
213.033386 220.412933 2.228927 -0.113373
218.275681 526.689392 2.193018 -1.472212
221.887375 473.824188 1.889448 -4.461516
225.723740 462.907410 1.769349 -1.597219
226.908585 117.291145 2.112751 -3.041530
227.465073 216.102234 1.923396 -2.811791
228.551971 194.742813 2.035729 -3.248636
230.917542 573.415039 2.104253 -1.063014
236.016510 339.704865 1.952798 1.554276
236.016510 339.704865 1.952798 1.034944
236.016510 339.704865 1.952798 -2.100014
236.894363 352.803894 1.875293 0.956766
237.493439 441.902344 2.098499 -2.605400
244.453827 86.303871 1.880783 -2.950672
243.896439 173.775589 1.818996 0.113783
243.534500 501.965149 2.065263 1.360507
244.157608 507.903748 1.952974 1.447115
244.157608 507.903748 1.952974 -1.638345
245.015762 18.772314 1.882980 -3.141488
248.264084 407.197083 1.890177 -2.882067
248.264084 407.197083 1.890177 -4.485133
248.936172 254.326141 1.923942 -4.364014
248.858871 601.449646 2.189910 1.559360
252.178360 231.814682 1.856042 -1.909538
255.890579 151.914398 2.071495 0.011398
256.934479 475.214264 1.850237 1.332874
257.439209 363.743530 1.743805 -0.358749
257.439209 363.743530 1.743805 -1.436704
259.026520 161.458572 1.939949 0.332635
261.587402 544.902527 1.758479 1.538046
261.587402 544.902527 1.758479 -1.530139
263.205994 353.192139 2.088928 -4.220231
263.965851 263.530243 1.664309 1.226536
264.863678 64.571892 2.279609 -0.264971
266.308044 32.187920 1.998303 0.232127
269.049011 311.795532 2.033685 1.341105
269.149384 593.352539 1.971446 -3.641227
270.435059 260.465698 2.191536 -4.427198
271.895111 466.137054 2.116443 -1.189044
271.895111 466.137054 2.116443 -4.354365
272.415985 494.760956 2.129829 1.554863
274.424255 12.928247 1.887560 -0.897238
275.493652 102.015388 1.828547 -2.168985
275.493652 102.015388 1.828547 -3.767001
277.557220 609.697510 1.851140 -1.799456
280.996704 21.963737 2.057769 -0.651406
280.996704 21.963737 2.057769 -3.861068
280.904816 90.709724 2.037133 -1.335968
281.525818 64.466820 2.249742 -0.198464
281.914642 597.622498 2.068845 0.670867
283.375183 203.371475 2.303551 -1.869820
283.050507 501.773804 2.033470 -1.613010
284.318878 433.696503 2.089712 -3.368583
286.596222 19.257317 1.919597 -0.715013
287.449066 40.649044 1.964783 -3.640834
292.157104 99.003510 2.104148 -0.357081
298.433899 74.623840 2.310200 -2.867125
298.416626 632.047974 1.766834 -0.901218
301.889099 86.342804 1.995450 -3.683436
301.785828 255.429016 2.298086 0.360848
306.840363 499.769684 2.133443 -2.181056
308.174927 66.259598 2.215132 -0.373872
309.183594 78.634315 1.898256 -0.539460
309.501221 97.447136 2.068097 -0.252469
311.212585 8.081951 1.793691 -3.281009
312.148346 208.213318 2.304878 -2.651640
312.920654 593.436340 1.973765 -4.103184
315.481689 508.119629 2.088722 -2.090693
315.780701 96.659256 1.991482 -0.492761
315.780701 96.659256 1.991482 -2.700344
319.796234 214.411743 1.830733 0.767816
319.851624 234.358109 2.328157 0.969907
319.322815 358.190308 1.843270 -1.115285
319.996765 464.260284 2.072850 -2.004234
321.083527 165.557678 2.062644 -0.287342
321.083527 165.557678 2.062644 -3.738960
325.310608 210.195023 1.843508 0.596962
325.814514 230.422226 2.021346 1.076408
326.230804 519.528687 1.779906 0.752636
326.230804 519.528687 1.779906 -1.049391
326.230804 519.528687 1.779906 -3.308528
327.322296 49.912930 1.951026 -0.281519
328.480103 468.952698 1.805764 -1.300593
328.495331 68.068748 2.190905 -2.617619
332.332642 292.298889 1.847001 -1.558754
333.689240 600.115234 1.853945 -0.207645
333.689240 600.115234 1.853945 -2.377983
335.138733 97.858505 2.103238 -0.791116
337.484436 634.173157 1.874026 -1.402893
340.518402 89.755211 1.818427 -1.194999
344.025848 266.825287 1.861696 -1.882358
344.025848 266.825287 1.861696 -4.688393
345.524170 292.125885 2.102465 -1.402922
346.733612 210.066269 1.933126 -1.359411
346.733612 210.066269 1.933126 -2.282018
348.336029 325.225647 1.988593 -1.603071
348.336029 325.225647 1.988593 -4.034393
350.136688 582.065735 2.313751 -1.350612
353.459412 538.205383 2.010448 -4.435131
356.505920 251.002869 2.080486 1.129196
360.229889 269.227173 1.643875 -4.674359
362.137451 474.775208 1.838751 0.636712
362.137451 474.775208 1.838751 -1.299380
362.137451 474.775208 1.838751 -3.212299
362.137451 474.775208 1.838751 -4.581476
369.295776 431.856903 2.275582 -0.067490
369.295776 431.856903 2.275582 -3.774984
368.895386 570.424316 1.887286 -4.711921
371.128052 496.067993 1.872741 1.564303
373.967499 322.625580 1.929018 -1.241548
373.967499 322.625580 1.929018 -4.404356
374.860168 90.335709 2.028992 -1.891806
376.180725 107.773125 2.051888 1.471611
376.180725 107.773125 2.051888 -2.558438
377.527771 190.379211 2.184520 -3.325043
377.775177 582.148865 1.852537 1.146625
377.775177 582.148865 1.852537 -1.544098
379.661377 164.394043 1.848130 -2.713895
379.763245 596.685913 1.801451 -0.927142
380.913818 43.300587 1.868276 -0.075221
381.468414 587.015869 2.136919 1.561016
381.575470 69.001755 1.964922 -1.914602
382.750244 57.073074 2.011429 -0.243106
388.112549 331.376465 2.044099 1.368741
388.775513 151.570343 1.995386 -1.416191
390.622803 231.043427 1.912388 -1.525319
392.657013 38.482990 2.034129 0.918407
399.850616 15.440897 2.226441 -0.113457
399.850616 15.440897 2.226441 -3.450511
402.747314 464.015411 1.932066 1.532856
402.747314 464.015411 1.932066 -1.972347
404.551453 158.557663 2.098281 0.121964
408.523376 205.989975 2.190195 -0.055766
410.698029 237.288406 1.981162 -0.591654
411.172607 543.005066 1.998713 -0.951671
412.961639 300.955109 1.925389 -1.611953
414.385132 153.092255 1.863667 1.088251
414.058167 267.989044 2.277163 -4.620479
413.593781 497.794739 1.999476 1.323841
414.876862 206.008392 2.059816 -0.043950
414.876862 206.008392 2.059816 -3.334977
418.249359 555.106934 1.916115 -0.361722
420.929993 342.656128 1.839983 1.398082
422.921417 151.278336 1.870548 1.251149
424.700958 578.341309 2.258285 -1.829670
425.894562 70.089813 2.178963 1.284622
426.096375 211.851517 1.728291 -0.045916
426.779663 99.481483 1.952447 -0.294569
428.004913 14.962287 1.845043 -4.029032
428.218048 31.135239 1.868778 -2.994814
430.476318 171.290619 1.943372 -0.414330
429.940247 248.275116 2.156207 -0.040657
430.902740 90.962837 2.039253 0.028038
433.202240 272.466980 1.856197 1.555184
433.962860 500.141693 1.966936 -1.560196
435.264191 342.239746 1.887852 1.065915
434.511169 413.370300 2.106408 -1.502723
437.236267 164.457031 1.975655 -2.633287
436.646912 475.402222 1.964896 -1.340139
441.404480 72.500519 2.028347 -2.037399
440.998108 493.653656 1.939891 -1.845628
441.212860 571.114319 2.046438 -2.319403
442.485504 37.607624 1.974789 -0.196684
444.419891 469.893097 2.241641 -1.665288
444.419891 469.893097 2.241641 -4.643105
444.913727 254.216171 1.845263 -2.777716
446.070435 167.989426 1.866705 -2.294999
446.701385 500.965698 2.144968 1.499631
446.701385 500.965698 2.144968 -1.015353
448.052948 412.190613 1.993869 1.378599
448.469849 475.970337 1.911840 1.540996
448.469849 475.970337 1.911840 -1.650408
450.433105 487.134460 2.165178 -1.117487
453.210083 39.836243 1.859389 -1.592761
454.811584 14.565577 1.999381 1.115551
455.045959 533.130920 2.098593 -2.069010
455.045959 533.130920 2.098593 -4.113798
455.846710 112.923950 1.886642 -0.617976
455.651886 219.254669 2.209216 -3.356904
456.794861 193.944153 1.956065 -3.485022
456.784210 228.718079 2.023045 -2.415691
457.043915 462.920349 2.158644 1.442259
457.043915 462.920349 2.158644 -1.558811
458.089447 414.830963 1.876883 -2.173402
458.062042 475.722870 1.988731 1.528629
458.062042 475.722870 1.988731 -1.797546
458.581940 499.345184 2.029096 -2.523954
461.073608 220.200745 2.125205 -3.315582
462.914642 250.490143 1.966777 -2.282350
463.147888 417.898590 1.919862 1.047529
464.762421 55.709816 1.958552 1.183069
465.689301 209.089798 2.001618 0.234184
466.793671 150.523499 1.898575 -1.350318
467.225281 156.289001 2.058974 -1.231251
468.290863 17.230280 1.698996 -3.064016
467.990387 162.653030 2.139244 -0.709457
467.913452 422.242432 1.898192 1.191303
467.913452 422.242432 1.898192 -2.223041
469.803894 113.039139 2.515475 -0.247409
468.935211 229.531494 2.190665 -1.893199
469.517670 558.625427 1.982549 -2.322724
473.802612 199.442047 1.936258 0.318428
474.800354 301.296936 1.901977 0.816577
7.561669 310.469177 2.540802 -1.627730
8.497870 469.561157 2.368266 -0.100451
8.497870 469.561157 2.368266 -2.210521
15.637630 213.193130 2.483388 -2.341511
17.051819 513.073181 2.688183 -1.754592
17.051819 513.073181 2.688183 -4.560586
21.163567 201.929520 2.497347 -1.813370
21.364012 193.887604 2.578291 -1.766102
21.364012 193.887604 2.578291 -3.057565
25.208330 19.411491 2.882125 1.274817
25.188753 389.341827 2.368547 -4.276590
24.866865 561.068970 2.370615 -2.184934
25.011421 580.378601 2.403983 -4.697356
27.210253 294.113678 2.524169 -3.443460
27.210253 294.113678 2.524169 -4.677345
29.771883 35.319756 2.515023 -3.989390
30.027962 205.073990 2.274187 -0.029107
30.027962 205.073990 2.274187 -2.635255
29.744495 512.317017 2.781574 0.684706
31.302664 57.875992 2.343860 -1.838018
36.648979 160.573578 2.389695 -0.290598
39.485004 83.060478 2.342254 -2.998529
40.445328 324.807343 2.656581 1.313275
41.675953 505.170898 2.487126 -3.376951
43.453201 541.998596 2.347191 -4.006901
53.571587 449.578217 2.145924 -2.395940
56.328918 202.731461 2.633503 -3.278464
57.295559 474.016144 3.122798 1.522231
60.787926 529.703186 2.399658 -1.270885
63.892815 541.773132 2.574754 1.081583
65.876396 148.417343 2.566781 -2.631081
68.337532 578.931580 2.588461 -2.088477
69.802338 541.166260 2.464530 -1.819737
72.603302 480.130188 2.443928 -1.874379
75.363503 123.035797 2.337542 -2.636330
75.828163 229.840332 2.390264 -3.132069
81.559479 378.898956 2.988666 -4.522636
84.362267 536.933289 2.426729 1.345521
84.435379 150.305450 2.651271 -2.435454
85.810371 192.832977 2.626969 -3.115070
91.016685 46.967758 2.732197 -3.698334
91.726486 127.205666 2.504117 -3.224800
94.161469 625.635498 2.491425 0.147882
94.161469 625.635498 2.491425 -1.913759
95.068344 39.702209 2.728894 -3.703666
95.467964 194.341339 2.648631 -2.774737
95.467964 194.341339 2.648631 -4.157197
98.771332 245.266678 2.439430 -3.814483
99.023308 412.902557 2.502028 1.280475
99.023308 412.902557 2.502028 -2.183451
100.310631 159.838913 2.641459 -3.023375
99.948616 542.575989 2.886615 -4.336999
102.061630 584.829102 2.264007 -1.519471
101.875603 627.269836 2.412725 0.099918
103.899055 166.593567 2.346235 -2.778427
107.960892 97.979187 2.802286 -0.205702
108.592133 246.400330 2.683174 -3.435083
109.470085 114.313560 2.520587 -2.862122
110.272926 143.060577 2.372850 1.477947
110.272926 143.060577 2.372850 -1.961221
110.978615 196.687637 2.536886 0.139307
112.457832 133.510406 2.561601 -0.037539
114.638786 484.149567 2.281360 -4.181443
119.387444 366.903687 2.376139 1.482829
120.061096 105.346008 2.484933 0.422908
120.061096 105.346008 2.484933 -2.402283
119.950760 621.118713 2.465777 -1.799306
126.339272 127.222229 2.529777 0.521946
126.330696 329.298004 2.562820 1.442006
126.997749 336.539276 2.762068 1.430428
128.453384 269.837585 2.586914 0.401246
130.304825 634.531250 2.673783 0.746401
131.910599 472.608734 2.476646 -4.681605
133.792587 288.275391 2.570501 1.454639
137.463837 117.967888 2.768514 -2.382016
139.141281 443.970917 2.336774 1.102837
139.141281 443.970917 2.336774 -2.993111
140.990875 324.270966 2.327112 -4.646809
141.807953 26.939396 2.359552 -3.362286
142.314453 144.028442 2.494130 -2.996914
141.636002 273.726105 2.705513 -0.304271
143.447968 601.507996 2.693349 -2.455541
144.179840 475.808044 2.393590 -1.663743
144.486389 104.377472 2.549678 -2.310795
146.880188 459.791840 2.309034 1.341283
149.693878 257.637360 2.637136 1.302493
149.573090 544.141724 2.412530 0.052764
154.263794 368.963135 2.314811 -1.599264
155.960724 49.092716 2.343539 -0.214918
157.832565 286.377594 2.375041 -1.629213
159.833008 268.658661 2.518440 -3.140229
162.787506 130.066010 2.316483 -0.303517
167.107147 446.362579 2.485299 -1.650245
169.265549 81.123230 2.442421 -0.318588
169.417038 627.765930 2.375937 1.161905
171.634552 452.736816 2.475978 1.444047
171.634552 452.736816 2.475978 -1.935531
173.180084 119.178253 2.814212 -0.546055
178.496384 149.011642 2.274649 -0.283551
181.825485 72.307945 2.573464 0.086357
182.105789 132.491577 2.435449 -0.263880
181.583618 200.490891 2.452486 -0.183223
184.911255 410.044800 2.391480 -1.627905
184.911255 410.044800 2.391480 -3.475707
188.662323 72.847084 2.747607 0.068092
188.662323 72.847084 2.747607 -3.328026
189.820435 393.138000 2.449900 -1.495860
193.548935 350.504425 2.697308 -2.130325
195.034195 268.313385 2.575362 -0.308869
196.583130 120.428665 2.549358 -0.025237
196.583130 120.428665 2.549358 -3.301462
199.343842 226.428406 2.356776 -3.938010
203.966995 530.744568 2.348644 -4.122681
207.082077 402.273041 2.526097 -1.993801
208.498001 433.097168 2.354569 -2.265603
208.498001 433.097168 2.354569 -4.382050
209.955246 550.285217 2.268303 -1.769974
210.262085 633.947327 2.354666 0.859038
210.262085 633.947327 2.354666 -2.161377
218.095657 266.385132 2.255975 0.269996
222.099991 19.414545 2.442138 -0.508404
221.931808 167.880386 2.636322 -3.328631
221.715286 289.698181 2.754273 0.044407
221.715286 289.698181 2.754273 -2.745782
221.444717 359.201904 3.103097 1.004033
226.233963 147.457520 2.870638 -2.297442
225.887390 391.758636 2.632775 -1.054386
227.467010 483.938538 2.343667 -1.764724
229.082443 10.302578 2.816422 -3.894113
228.574509 291.219574 2.296238 0.038663
231.490036 358.143768 2.267760 -1.787471
234.325058 378.325073 2.530785 -4.559963
241.059326 225.140121 2.598862 -2.834076
242.144119 357.230713 2.646517 -1.683578
241.906937 610.775330 2.680490 -0.468978
244.747971 443.359375 2.352638 0.608299
246.538635 630.214539 2.660352 1.121166
246.538635 630.214539 2.660352 -0.420092
248.280533 226.151978 2.342458 -2.833709
256.970154 468.453949 2.663132 1.330736
259.291931 259.322968 2.571456 -3.589396
264.024261 587.505798 2.791602 -1.688600
269.112305 222.866455 2.476243 -1.901304
270.552460 71.898178 2.366467 -0.581308
272.161469 379.046906 2.449831 1.221468
274.129120 359.710480 2.486838 -2.208159
274.180298 395.107239 2.443148 -1.094149
274.180298 395.107239 2.443148 -2.413796
274.180298 395.107239 2.443148 -4.708297
275.286865 6.467268 2.725409 -0.708925
279.514923 35.791557 2.761436 -3.789033
278.560822 460.323700 2.277262 -4.451206
278.555481 555.736084 2.235666 -1.482707
286.286438 30.804703 2.679199 -3.790247
287.162292 109.763931 2.461469 0.253814
287.162292 109.763931 2.461469 -3.918742
289.910187 87.494507 2.444010 0.372288
289.910187 87.494507 2.444010 -3.621746
297.479279 56.223892 2.363256 -3.489159
298.077026 290.746124 2.162648 -1.513132
298.497681 494.352600 2.286250 1.204657
298.666138 17.163265 2.395173 -0.763278
299.279358 190.409012 2.552758 -2.990628
300.266602 135.443954 2.723875 -0.874912
303.539459 41.437725 2.712485 -0.028066
305.301117 24.248375 2.309280 -0.094939
304.897125 104.057556 2.472307 -2.806231
305.412140 382.180542 2.338350 0.800399
306.501343 577.268250 2.122930 -1.681180
308.785370 137.842087 2.417694 -3.181332
309.021881 479.219086 2.753861 -1.955529
309.021881 479.219086 2.753861 -2.588006
311.218719 612.803284 2.744294 -2.730432
311.866119 24.496542 2.468750 0.000650
311.599121 564.818054 2.493173 -1.522217
311.599121 564.818054 2.493173 -4.682377
314.000763 132.397171 2.486956 -3.162318
315.488708 17.051035 2.266559 0.010472
315.488708 17.051035 2.266559 -3.840140
315.940887 48.999138 2.388885 -2.870753
315.580200 73.694138 2.384161 -0.696442
315.580200 73.694138 2.384161 -3.268237
316.817993 9.294204 2.637573 -0.057736
323.098114 186.903488 2.502926 -2.424850
323.565033 6.878472 2.590758 -0.051495
323.565033 6.878472 2.590758 -3.771454
326.090881 293.188934 2.439980 -1.545255
327.408661 252.240051 2.413065 0.868266
327.408661 252.240051 2.413065 -2.147366
327.518127 434.266785 2.348794 -1.619922
327.747437 442.190918 2.746502 -1.683803
328.865265 168.902405 2.509654 -1.961372
331.450928 114.179367 2.577874 -3.287452
330.834137 161.202377 2.561850 -4.273254
334.355103 73.343369 2.563806 -0.573818
334.010529 566.109558 2.424243 -1.733903
334.010529 566.109558 2.424243 -4.476734
333.640167 619.715820 2.327115 1.244229
333.640167 619.715820 2.327115 -1.455975
339.643799 540.398743 2.362580 1.446483
340.808411 69.505638 2.587500 -0.608153
340.808411 69.505638 2.587500 -3.090180
344.698273 3.963477 2.653176 -0.122541
347.584717 259.289154 2.721272 -4.710460
350.837982 25.185080 2.413777 -3.292441
353.445953 512.487976 2.621079 -2.216663
357.462128 371.706116 3.043720 -0.410569
360.719757 153.573700 2.375055 -0.300759
373.567047 152.804474 2.679689 -3.033219
373.715851 488.033722 2.642289 -2.042499
375.017456 83.619652 2.547002 -2.029432
377.450012 102.246330 2.583002 -2.487751
380.080444 25.435375 2.473414 0.192703
382.816895 185.680191 2.350587 -3.491788
382.946533 500.393829 2.722405 1.210187
384.955902 550.964722 2.267012 -1.404620
388.082245 107.444946 2.158051 0.116456
396.171021 5.926144 2.448865 0.197763
395.700775 397.939697 2.429206 -1.465146
397.536987 355.069519 2.748396 0.948216
400.177277 510.809662 2.656006 1.031475
400.177277 510.809662 2.656006 -1.773546
401.373962 24.671314 2.320343 -3.050527
400.989136 130.739426 2.778495 -1.212841
400.849457 449.498779 2.584302 -1.309172
400.849457 449.498779 2.584302 -2.562514
403.051849 138.957672 2.737395 -0.112263
403.051849 138.957672 2.737395 -1.180544
408.019073 381.444641 2.672898 -1.636224
408.019073 381.444641 2.672898 -4.665432
410.470886 132.401443 2.709869 1.236173
411.653717 140.579926 2.829657 -1.499090
410.636200 221.656876 2.574545 0.377186
414.726257 603.261292 2.555738 -1.068156
417.068451 146.911270 2.743406 -1.584414
417.859680 370.538879 2.571949 -2.181110
425.221680 145.919098 2.417192 1.167446
425.221680 145.919098 2.417192 -1.544393
426.716736 297.875641 2.318392 -1.542252
429.022064 239.832626 2.758444 -0.580939
432.779449 542.053162 2.256629 -0.757390
432.779449 542.053162 2.256629 -2.567838
436.039276 637.358398 2.481002 -2.883793
441.286530 143.697342 2.436173 1.464827
441.286530 143.697342 2.436173 -1.766765
440.691498 238.260925 2.455837 -1.748588
441.181732 417.267456 2.544096 -0.947316
447.035370 462.818787 2.546513 -1.585261
447.035370 462.818787 2.546513 -4.530417
448.510864 508.334656 2.483315 1.315929
450.592407 327.015106 2.432398 -1.202075
450.592407 327.015106 2.432398 -4.419757
454.044678 549.201904 2.454408 1.393068
454.044678 549.201904 2.454408 -1.062336
455.885712 541.717957 2.580717 -1.935286
457.032745 157.038330 2.390416 -1.318968
457.619019 482.500916 2.525262 -4.711572
460.371155 5.510492 2.746953 1.320192
463.305969 635.520935 2.424926 0.128893
463.305969 635.520935 2.424926 -1.849162
464.745270 168.008621 2.555431 -0.537175
471.250549 181.188492 2.347285 -0.009835
472.794739 443.293304 2.512030 -1.859584
472.794739 443.293304 2.512030 -3.808062
478.129333 178.375748 2.715568 -1.899284
478.129333 178.375748 2.715568 -3.434904
478.076752 448.075378 2.392498 -1.519388
4.078856 526.472778 3.269611 1.124949
6.801612 545.248535 3.003703 -1.594298
12.898407 577.200928 3.145134 -0.989031
12.898407 577.200928 3.145134 -4.601495
14.373857 128.711121 3.178050 -3.900564
17.474751 6.041608 3.288637 -2.026582
19.176884 79.290581 3.115065 0.798466
19.176884 79.290581 3.115065 -0.639274
26.007025 73.117569 3.406622 1.164416
27.284880 531.397705 3.165002 -1.174016
30.165916 218.160812 3.279719 -2.643405
38.111851 624.061462 3.569181 1.251103
42.785793 554.961731 3.564462 -1.275940
45.978226 577.270752 2.994264 1.319187
47.017620 161.720779 3.242898 -3.243449
46.884781 194.638489 3.127410 -2.559928
49.864681 136.013657 3.136548 -2.965871
53.229015 33.836746 3.193810 -3.090578
53.196583 88.341057 3.202046 0.458610
58.628498 80.684174 3.241926 0.641050
58.757946 554.773376 3.327139 -1.067264
65.869141 171.545807 3.064780 -2.528602
67.703957 62.226837 3.186794 0.229588
67.726372 567.503967 3.236867 -1.758809
73.967224 548.773132 3.428122 1.492641
77.668373 240.115402 3.679811 -0.211852
82.758415 10.416218 3.210448 0.604849
82.902763 610.107361 3.039741 -1.923960
88.888123 65.664001 3.022254 -2.795254
89.061165 104.274841 3.177435 -2.848960
99.793480 377.379791 3.355944 1.461248
100.675362 296.441803 3.346837 -4.696387
102.672829 15.502433 3.218383 -3.271040
107.911308 397.034424 3.360933 -1.784654
109.774803 261.179932 3.391463 -2.431129
115.015137 586.947815 2.952377 -1.900000
121.430031 548.768616 3.530960 -1.736297
123.901039 219.561539 2.977182 -2.980544
126.262428 7.604045 3.316355 -0.325039
127.865334 271.743988 3.032569 0.531446
135.892014 196.233185 3.177566 -0.306322
135.892014 196.233185 3.177566 -3.681504
136.404007 330.961456 2.934358 1.074992
137.197662 242.528534 3.101892 -2.923021
140.546707 127.810692 3.230109 -0.302084
140.546707 127.810692 3.230109 -2.468032
140.546707 127.810692 3.230109 -3.605079
144.977554 181.798782 3.249225 -0.410360
150.565903 607.474854 3.131261 -2.407290
156.053513 151.016266 3.089567 0.562659
156.053513 151.016266 3.089567 -2.991968
167.245255 88.674278 3.375793 0.230249
176.730774 110.093964 3.168919 -0.390800
181.883652 67.662209 3.104342 0.042369
182.863953 19.429577 3.445121 -2.058832
183.496674 83.865936 2.899422 -0.335295
188.505264 188.359909 3.481642 0.266174
188.505264 188.359909 3.481642 -3.542947
188.716675 447.554504 3.006181 -1.552072
189.288681 385.506134 2.954962 -1.527413
190.495087 236.546387 3.044272 -2.686516
193.189209 149.984253 3.111638 -0.230938
200.593460 251.804123 2.918486 1.087307
201.221115 396.819000 3.264290 -1.931336
204.161606 259.821747 3.173845 1.087571
204.161606 259.821747 3.173845 -2.910792
205.509399 325.223328 2.951591 1.318845
206.685898 303.763763 3.187764 -2.103623
207.408539 367.195007 3.571383 1.269645
210.448105 376.547119 3.223870 -1.488669
210.448105 376.547119 3.223870 -4.406678
210.224518 569.841553 2.852367 -2.082462
211.459244 265.540619 2.894502 -2.853371
212.636047 242.258881 3.110532 0.125578
213.416077 559.365601 3.566067 -1.832846
217.598862 229.694016 3.541057 0.557151
219.242386 212.145660 3.117960 -0.439888
220.373520 29.692329 3.477650 -0.518924
220.609329 299.478668 3.097031 -0.110839
220.609329 299.478668 3.097031 -2.896547
221.883514 246.851852 3.473548 0.105114
224.782013 63.457825 3.519781 -3.292086
226.523865 505.825562 3.637506 1.261749
226.523865 505.825562 3.637506 -2.524215
229.698929 99.022034 2.831536 -3.230028
230.402573 164.823257 3.289807 -3.285706
232.067856 34.724571 3.277341 -0.536796
232.067856 34.724571 3.277341 -3.038199
234.092499 234.672775 3.091600 -3.334038
234.136139 556.907104 2.877680 -1.885586
236.300461 488.993958 3.076834 -1.857639
241.220596 138.336685 3.051777 -3.273722
240.834335 147.977249 3.361152 -0.229614
240.834335 147.977249 3.361152 -3.162116
244.460205 581.740784 2.952482 -0.383673
255.513184 633.889404 3.218758 -2.458717
260.697205 275.828949 3.230263 -2.829432
270.007446 122.737900 3.104606 0.268931
270.007446 122.737900 3.104606 -4.480070
270.690979 50.755527 3.534568 0.056174
270.147614 403.571594 2.931632 -0.871592
270.147614 403.571594 2.931632 -4.613524
277.442780 264.672241 3.437995 -4.654435
277.071991 538.501953 3.049220 -1.702368
279.017242 548.307251 3.203330 -1.515539
285.551331 333.143188 3.024887 -4.586856
287.115021 210.019211 3.091409 -1.700061
288.492523 261.170471 3.509592 -3.792996
289.093109 182.619751 3.116959 0.460838
300.699402 68.093414 3.132211 -3.003355
301.466064 472.867645 3.899539 1.427871
301.466064 472.867645 3.899539 -2.336477
305.779510 395.738678 2.866440 -1.488001
308.345551 599.070435 3.064635 -2.016404
327.046112 238.796127 3.291744 1.107582
330.988495 193.393539 2.952690 -2.397738
330.678345 301.298370 3.575498 1.286384
332.066864 215.217148 3.246642 -1.757313
332.382294 476.082367 2.782873 -2.196986
341.527191 340.777405 3.372358 -4.614681
343.185760 434.661835 3.072726 0.435542
344.225891 194.943176 2.995575 0.805456
345.361725 565.477905 3.199631 -1.391005
345.832428 11.342052 2.885578 -2.694876
347.134827 232.099655 2.999891 -2.113366
351.171051 40.474762 2.997149 -3.175554
353.074738 243.412247 3.203161 0.787853
354.783386 197.354706 2.944915 0.662452
356.795288 408.811798 3.531758 -2.161060
359.703674 596.492737 3.123558 -0.743553
373.673096 469.427826 3.243473 -2.361808
377.839508 529.115540 3.103659 -0.581000
383.057861 118.978340 2.955164 -1.118711
382.575256 438.209198 3.228483 1.470993
387.156860 230.883224 3.409369 -3.225730
392.656738 119.786346 3.511965 -0.939490
410.903717 86.674553 3.315715 -1.789547
413.152466 195.221497 3.033753 -0.155950
412.704773 308.784210 3.462330 -1.541612
413.797729 543.750549 3.221128 -1.631988
422.698090 246.955536 3.364894 -0.161366
431.750702 9.926231 3.160870 -3.926282
433.716736 292.134827 3.180280 -1.666494
445.451965 95.454140 3.529715 -2.929772
446.071869 107.532310 3.256895 -0.611660
446.071869 107.532310 3.256895 -2.852900
448.085938 9.088411 3.221439 1.135070
448.489288 67.134209 3.545996 1.358668
455.035156 140.183151 3.230407 -1.390153
460.820160 131.287216 3.364409 1.042882
460.820160 131.287216 3.364409 -1.468229
465.189606 64.264915 3.344346 1.060310
466.173157 448.519531 3.074987 -1.791086
467.938629 526.245728 3.256258 -0.795720
467.938629 526.245728 3.256258 -3.169330
473.018799 208.323563 2.920316 0.226008
6.226518 474.480774 4.212108 0.097472
6.226518 474.480774 4.212108 -1.892252
8.865434 313.175598 4.098888 -1.672888
12.863990 102.484375 3.689168 -1.207767
16.221493 147.713455 3.904076 -2.033550
21.885731 78.110298 4.433462 1.024412
25.629412 226.176926 3.638735 -2.502140
73.252495 515.367798 3.668423 -1.912186
74.137306 129.153488 3.740849 -2.759927
77.410156 240.492752 3.764317 -0.306761
75.966316 583.461853 4.035373 -2.048004
85.336517 590.469482 4.100152 1.102808
87.863335 234.066895 4.331951 -3.599807
91.995049 50.653641 3.772494 -3.136434
89.984512 545.184265 3.759435 -4.322846
112.344887 547.243896 3.751101 -1.856380
126.932060 98.028694 3.776619 0.703672
126.932060 98.028694 3.776619 -2.223503
126.829445 418.711060 4.368731 -2.331764
145.540329 147.654266 4.198785 0.591776
145.477554 419.572327 4.125296 -2.311261
147.416626 35.373180 4.555449 -2.956057
158.341782 63.411808 3.941377 -0.239522
159.968216 621.204712 3.455575 1.270416
159.968216 621.204712 3.455575 -0.600546
162.166397 518.814453 4.533003 -4.682736
169.091187 159.633057 4.035419 -0.221247
169.091187 159.633057 4.035419 -3.096580
169.645187 364.778137 3.732736 1.293170
171.984802 226.830841 4.231533 0.175928
175.230286 182.684280 4.262544 0.270931
178.782928 7.828705 4.076055 -3.240882
180.983200 233.703568 3.641889 0.257391
193.271515 405.227753 3.837927 -3.457050
193.271515 405.227753 3.837927 -4.681360
192.736069 589.358398 3.962540 -1.734523
197.993271 251.323547 3.806633 1.090525
203.687271 157.994659 4.134694 -0.300835
203.687271 157.994659 4.134694 -3.416390
209.878021 403.321320 4.294245 -1.922986
210.352036 316.579010 3.920570 1.374804
216.555649 70.189682 4.403156 -0.128373
216.555649 70.189682 4.403156 -3.327466
218.488174 325.884308 4.213768 1.356923
222.224243 246.824173 3.740715 0.189099
222.224243 246.824173 3.740715 -3.268169
227.497375 150.116898 4.949063 -2.214312
227.497375 150.116898 4.949063 -3.383775
226.309631 505.945892 3.472943 1.336934
226.309631 505.945892 3.472943 -2.388895
232.967590 215.350235 4.125539 -3.016138
242.848709 317.962616 3.978631 1.353282
245.324478 455.907288 4.289237 -2.396281
252.950195 146.941330 3.852401 -0.149504
256.914490 614.816223 4.358021 -1.096905
260.361969 531.186279 3.955303 -1.807572
272.164154 286.620544 3.845726 -4.647617
272.911377 527.954041 4.445092 -1.864819
276.132263 407.217255 3.979702 -1.185744
278.686127 206.547577 3.665586 -1.480767
285.840759 215.135574 4.111094 -1.516580
290.987091 68.425377 4.122983 -2.964096
291.605225 284.276184 3.553808 1.476052
293.669403 355.531372 3.716306 -2.239443
293.669403 355.531372 3.716306 -4.414042
294.220978 243.462860 3.922105 -0.283104
298.903809 293.344299 3.762799 1.480815
301.213837 472.841370 3.655124 -2.380943
305.221497 114.898285 3.984007 -3.000457
306.453888 384.401215 4.201349 -1.478628
309.940033 187.966919 4.351614 -2.876273
313.186493 41.760708 3.976202 -0.088761
312.806305 169.317490 4.525007 -2.948196
316.391907 148.033005 3.942609 -2.811765
321.383301 211.097656 3.862640 -2.324222
327.817474 283.683411 4.481412 1.519736
326.976715 337.802368 4.401390 1.485107
336.534088 313.142883 3.678664 -4.687318
340.103394 283.576569 4.476435 1.535284
374.560944 546.115417 3.668356 -1.867039
382.779602 438.454315 3.443101 1.477658
387.446350 137.973953 3.975613 -0.974774
401.978119 622.542542 3.560888 0.899366
415.522552 159.853317 4.476147 -1.188864
416.468781 623.414429 3.694515 1.042701
419.498260 35.036625 4.330366 -2.262590
428.998627 61.449387 4.212578 1.285310
443.254761 600.468750 4.005818 0.946956
446.702301 113.880478 3.816921 -3.001701
447.920959 208.594513 4.347449 -4.592538
452.705933 365.527130 3.903423 -4.012207
452.318390 452.725372 3.934603 -1.606783
456.607391 306.705566 4.291039 1.029288
456.607391 306.705566 4.291039 -1.521539
460.642578 120.396965 4.078182 0.782972
465.403442 13.750945 4.528153 1.418961
465.403442 13.750945 4.528153 -3.225652
464.961517 36.852478 4.269691 -2.981977
465.790253 81.488167 3.915752 0.545875
469.445984 149.170853 3.681062 1.224882
14.811762 294.402710 4.594568 0.944539
39.388000 521.646912 4.802639 -1.782801
48.412811 139.613937 5.396269 -1.621494
64.489258 44.080589 4.854823 -2.978360
76.358337 186.364807 5.027625 -3.222434
94.939728 349.789581 5.326724 1.479681
100.310501 232.073105 4.903601 -3.689685
109.446327 575.218628 5.521268 -1.780848
113.392097 222.853363 4.906763 -2.977055
132.172485 363.712646 5.244724 -1.804448
132.172485 363.712646 5.244724 -4.442757
149.362961 268.359650 4.845660 1.061269
149.362961 268.359650 4.845660 0.297467
166.993301 468.222076 4.720254 -0.855024
166.993301 468.222076 4.720254 -1.918152
172.652039 24.369839 5.197617 -0.847774
183.417923 286.841797 4.775839 1.509326
187.651306 485.878784 4.306214 -1.298222
187.651306 485.878784 4.306214 -4.711793
196.290558 39.490532 5.620068 -0.069844
203.915070 87.829170 5.705725 -0.116258
204.639038 391.061279 5.345339 -1.800382
215.474945 590.693481 5.193269 -1.751404
220.497620 104.407181 5.272994 -0.136185
220.497620 104.407181 5.272994 -3.140468
224.703384 617.305054 5.448144 -2.139496
231.243256 27.588036 4.536030 -3.162845
232.733917 257.579132 5.060639 0.387389
255.494553 180.182144 4.837543 0.058884
259.562378 574.193970 5.444302 -1.700000
283.912170 384.100250 4.764508 -1.000663
283.912170 384.100250 4.764508 -4.477774
302.482208 227.940353 4.847190 -2.174336
330.755371 398.637604 4.562438 -1.408446
341.887024 386.365631 5.261202 -1.313245
343.324280 511.230286 4.549070 -1.126408
344.195068 357.983093 5.395534 -1.239496
346.880219 4.209779 5.385840 -2.905994
347.170105 270.565613 5.525181 1.510732
351.621643 132.093903 4.756352 -0.484032
360.272766 338.434052 5.542910 1.487844
360.402466 283.403900 5.461639 1.508856
370.651337 269.625305 4.926447 1.482386
375.756470 327.704254 5.241436 -4.606566
393.871490 267.042603 5.700864 1.555084
398.332184 106.672897 5.176912 -0.297608
403.388611 366.427673 4.795929 1.174859
404.606964 341.533173 5.215102 -4.671734
407.627899 522.431213 5.115907 -1.911152
408.030365 522.284363 5.179745 -1.904195
420.387604 173.645035 5.120161 -0.938828
421.352448 225.023087 5.024464 0.432260
423.436340 201.535706 4.431608 0.057274
427.331024 73.496185 4.662181 1.252249
434.299591 92.581726 4.783328 -0.310422
435.056702 118.115135 4.818338 0.021623
435.762054 200.492340 4.722131 0.065069
438.794464 438.588715 5.004051 -2.030774
443.162689 268.102295 5.054880 -2.190977
443.162689 268.102295 5.054880 -4.635176
450.337280 222.900101 5.514831 -4.530363
21.426888 355.864624 6.183338 1.428197
39.308056 120.112747 5.704559 -3.997593
39.779240 547.633911 6.477743 -1.032372
49.213593 43.576977 6.323959 -2.950975
47.983292 453.185577 7.042808 0.869756
59.361774 300.024506 6.197941 1.518884
62.726372 620.313293 6.939017 -2.063209
74.632217 339.833984 5.810785 1.556013
76.558388 93.590492 6.467490 -2.931412
92.088142 22.103588 6.361984 -3.000741
97.483994 253.373062 6.244642 -2.036469
97.483994 253.373062 6.244642 -3.432104
114.520081 244.303238 6.310007 -3.417521
118.560478 348.528992 6.472474 1.462693
128.428894 139.779846 6.469729 -3.505818
131.173019 411.202667 6.558880 -2.278701
145.297333 342.828674 6.893160 1.370083
150.436234 59.789639 7.213868 -0.160043
154.005005 448.650513 6.203026 -1.327739
159.158981 426.557037 6.704496 -1.313326
166.999985 575.286621 5.851264 -1.326323
171.154877 202.635269 5.747760 -0.059320
188.058853 199.368073 6.343879 0.005900
195.646744 423.212097 6.644161 -2.094001
211.673172 42.805073 5.705276 -0.158839
218.005569 572.645813 6.605399 -1.794995
221.553085 448.359772 6.890746 -1.589741
257.244324 591.697815 6.675036 -1.794758
257.244324 591.697815 6.675036 -4.420070
259.041260 388.047333 6.317212 1.413778
259.041260 388.047333 6.317212 -1.383515
264.866730 141.792831 6.949220 -0.031753
278.933044 160.408920 6.063512 -2.313866
284.989685 454.205627 6.277560 -1.486554
322.776764 270.077362 6.383420 -4.708710
331.416046 84.967148 5.835515 -2.307653
357.195343 82.839096 6.746087 -2.475492
367.269745 227.897507 6.596120 -1.435289
381.831726 563.325623 6.259689 -3.716994
383.630157 98.235352 5.834968 -0.334251
391.910309 48.765911 7.381195 -0.113768
391.910309 48.765911 7.381195 -2.071102
395.345184 443.586426 5.958354 -1.482798
398.504211 87.799919 6.095352 0.961779
398.504211 87.799919 6.095352 -0.214712
398.504211 87.799919 6.095352 -2.844440
410.433258 280.135406 6.034501 1.481653
416.974823 486.610138 7.142358 -1.573715
434.437378 36.494797 5.907479 -2.221694
440.270233 298.502869 6.004876 1.512358
440.270233 298.502869 6.004876 -1.825188
456.405212 53.211670 6.582322 1.143267
456.405212 53.211670 6.582322 -1.446144
7.031226 530.741455 8.282354 -1.755701
22.440592 609.631897 8.958323 0.833419
60.743473 361.766876 7.852490 -4.668284
98.108681 83.903076 8.521680 -2.929093
94.889023 215.069427 7.935048 -3.353589
146.142288 343.554840 7.621803 1.387604
161.415176 244.698715 8.730324 1.258540
169.401062 501.548676 7.442241 -1.017624
181.918503 343.863953 7.672120 1.462095
183.232376 379.528351 7.199869 1.425767
197.835327 14.958949 8.512898 -0.485524
296.817566 35.895359 7.387942 -0.202137
315.842285 322.053497 8.197554 1.514463
329.070984 520.646484 7.489632 -1.545861
332.904449 547.174622 8.294603 -1.466270
335.844208 44.952034 8.493461 -3.042454
346.963501 484.852356 8.050734 -2.098891
392.659363 47.971947 7.670095 -0.194479
392.659363 47.971947 7.670095 -2.016323
408.886536 581.350281 7.479837 -1.618071
415.531311 55.992180 8.940351 -2.115324
446.941162 618.142883 9.041942 0.909524
453.414215 118.020721 7.702270 -0.533225
457.800140 198.827789 8.687783 0.284490
460.306335 263.137665 7.783316 -2.346021
460.306335 263.137665 7.783316 -4.586132
72.269989 11.878934 9.487968 -3.361779
85.164070 56.337593 9.035688 -3.027464
156.621140 318.187347 11.036069 1.447088
187.209442 314.946564 10.053857 1.405516
187.209442 314.946564 10.053857 -1.685186
187.334900 428.056458 10.391704 -1.477095
235.588531 175.361481 10.429228 -0.046018
253.629211 41.603062 10.190785 0.106296
279.055603 52.298691 10.228683 0.000091
354.289062 314.405945 9.193029 1.460156
383.092224 321.160980 10.146211 1.485357
413.748016 257.951416 10.591478 1.419965
413.748016 257.951416 10.591478 -0.324948
416.073486 319.656097 11.366165 1.507968
429.138885 157.964111 9.795716 -0.751355
459.175507 24.727440 10.021755 -3.291917
459.175507 24.727440 10.021755 -4.416230
48.004578 275.574768 11.697423 -1.740203
48.004578 275.574768 11.697423 -4.526334
52.306797 133.005295 12.247737 -2.587926
121.025215 267.732727 13.388247 1.033507
236.345932 301.549042 11.939584 1.318179
236.345932 301.549042 11.939584 -1.265310
232.057388 479.112793 13.641997 -1.601476
236.295929 148.152664 13.415619 -0.097938
259.136383 517.363586 14.957904 -1.897251
332.223877 42.961666 11.779572 -2.967504
370.032074 592.193481 11.461068 -1.477147
259.866180 518.582886 14.119242 -1.878322
270.624390 237.583344 15.798226 -1.804640
270.624390 237.583344 15.798226 -4.006514
300.526611 489.201172 14.931610 -1.807182
404.999573 23.974010 16.519127 -0.183869
404.999573 23.974010 16.519127 -1.984257
407.845978 190.593109 16.571482 -0.635770
153.131760 477.449768 21.490992 -1.675711
340.697296 105.964577 21.267881 -2.320839
311.680328 42.710217 25.650665 -2.198431
354.586365 113.209160 29.836050 -2.006478
367.599701 191.401077 55.439400 -1.553669
