7.622341 92.360107 1.723296 -3.832655
11.276411 179.076859 1.891582 -0.035293
11.409723 561.552673 1.911198 1.021777
11.409723 561.552673 1.911198 -1.441582
14.506838 342.394165 1.907557 -3.588348
14.924385 352.961639 2.055062 -3.141376
17.890011 326.092163 1.830992 -2.629515
18.530258 317.757996 2.145353 -3.793930
22.859472 18.916739 1.878066 -0.802006
23.127386 518.911438 1.922578 -1.629966
23.127386 518.911438 1.922578 -4.679925
23.972395 402.498718 1.863322 0.138892
24.991217 136.029221 2.000446 -4.565772
26.704893 88.679886 1.945217 -2.362044
26.956554 234.579147 2.057284 -0.294462
29.108086 355.859955 2.121928 0.266956
30.425070 10.454532 2.249463 -1.535478
31.500788 249.847534 2.454099 -0.224231
31.795435 205.239792 1.795503 1.355615
32.371189 263.642120 1.975750 -0.109054
33.257572 103.505135 2.135999 -3.978626
34.444324 526.358765 1.792878 -1.339917
35.134956 124.762810 2.281310 -3.149252
35.095646 316.056946 1.961721 0.758397
34.958748 367.250885 2.177949 0.154182
36.004128 270.937744 1.857086 0.631245
37.361645 410.616241 1.896252 0.290539
37.156883 450.829620 1.941368 -1.335890
38.206146 115.864838 1.917296 0.105064
38.206146 115.864838 1.917296 -4.678244
38.930027 381.231140 1.896003 -0.093316
39.468163 202.302383 2.155588 1.293888
39.660641 576.158508 1.949037 -1.819392
41.428696 546.493774 2.359523 -3.652967
40.630939 581.232117 1.885991 1.299665
40.630939 581.232117 1.885991 -1.997751
42.081657 52.210575 1.916227 -3.838673
42.717407 157.986313 1.820301 0.038513
42.717407 157.986313 1.820301 -3.356566
44.137733 476.731018 2.171415 -1.387469
45.091721 187.663483 1.829042 0.084741
47.188068 362.153778 2.001978 0.961452
47.188068 362.153778 2.001978 -3.316184
48.587360 368.083252 1.929997 -3.146472
49.413158 440.809448 1.794074 -1.472909
49.087700 573.263855 1.887946 -1.941898
51.401363 214.046432 2.025065 -3.575186
52.212654 66.284859 2.129857 -0.743103
52.898342 111.695740 2.218553 -4.025641
53.241512 149.108032 1.873692 -2.852568
55.764896 211.012726 2.237965 -3.651793
54.830704 503.107483 1.822471 1.035147
55.891151 378.280365 1.950604 -3.571894
56.392044 545.059937 1.876209 1.398774
56.392044 545.059937 1.876209 -3.092063
57.392208 34.854942 1.895214 -1.458114
58.884304 40.976830 1.964363 -1.479825
60.985748 45.734913 1.777086 1.298043
62.187515 550.227539 1.987078 1.457652
64.047806 596.308105 1.911707 0.954518
66.987984 518.866089 2.111124 -4.595747
70.584282 608.595276 2.064745 1.553120
70.584282 608.595276 2.064745 -0.786498
71.008110 358.270905 2.045583 1.191375
71.666023 102.111092 2.169347 0.610855
71.666023 102.111092 2.169347 -3.680598
72.268730 80.675682 2.178449 1.252091
73.601936 241.119003 1.799028 1.494106
72.696358 543.256897 1.908666 1.395782
74.035690 19.786154 1.889971 0.403753
74.035690 19.786154 1.889971 -4.127702
74.921761 119.622849 1.892486 -0.674953
74.921761 119.622849 1.892486 -3.189472
74.505844 312.765594 2.318282 -0.618939
75.955696 98.889771 2.084231 0.898072
77.539703 49.203590 2.200186 0.635996
77.539703 49.203590 2.200186 -4.092227
77.172623 501.161499 1.896266 0.834252
82.060799 94.964584 1.954384 -1.269804
81.859756 197.046646 2.005764 0.537009
82.360977 31.117456 2.288726 -3.801487
82.604240 77.976921 1.941887 1.036785
82.604240 77.976921 1.941887 -0.735823
82.856995 85.207741 1.895358 0.634423
84.035133 477.176392 2.183096 1.383628
84.035133 477.176392 2.183096 -1.619819
84.833076 412.239716 2.235654 -4.695883
87.207291 130.322617 1.893828 -4.091139
87.144318 497.222809 1.895644 -1.604420
87.144318 497.222809 1.895644 -4.350067
88.117004 48.583576 2.128894 -3.675705
89.945908 451.464020 1.769138 -1.548711
91.897057 526.775818 1.903547 -4.657642
92.798996 178.597763 2.091291 0.824138
92.783997 242.235123 1.817026 -3.495203
93.902428 588.311218 1.978192 -1.606661
95.479362 317.365601 2.231180 1.276750
95.479362 317.365601 2.231180 -1.844474
98.309067 575.932739 1.863925 1.412909
98.084557 543.739319 2.234100 -0.950191
100.427010 59.617546 1.954825 -0.355328
100.618324 155.705505 1.830772 -3.599206
101.321754 278.428101 1.989158 -0.429822
101.321754 278.428101 1.989158 -4.184223
101.138405 349.526855 1.967425 -1.540626
100.809883 354.794312 1.866430 1.549490
108.861008 41.606525 2.143744 -0.947005
109.639732 155.911285 2.117464 0.347510
110.168884 340.113312 2.143636 0.732641
111.548309 151.845444 1.828683 0.507929
113.101959 316.361786 1.872220 -0.523779
114.987602 39.229527 1.918428 -3.293969
116.074043 472.769592 1.928690 1.508152
117.956009 98.063538 2.068715 -3.406783
117.645988 315.217163 1.755899 -3.246330
117.913994 610.636230 1.872981 -1.552133
117.463814 618.873840 1.880198 1.127523
119.825554 169.184616 2.127108 -2.098644
119.615234 503.420288 1.793709 -4.576965
121.465454 55.427670 2.188085 0.788979
120.808907 123.362465 1.831658 -3.432768
121.543007 3.527910 1.918486 -0.356599
121.753250 141.995544 1.889649 0.538334
123.724785 239.411041 1.891377 0.038327
124.784737 60.732643 2.026520 -2.630727
125.156349 249.386353 1.963860 0.645386
125.156349 249.386353 1.963860 -3.382607
125.788971 16.959791 1.823855 -3.549239
126.171577 22.749649 1.964332 -2.663591
125.977196 466.173126 2.259707 -1.591068
131.535934 61.010849 2.235627 -2.818444
132.793213 31.588291 1.913630 -0.180859
132.884018 116.635536 1.892661 -1.240152
133.445404 587.271057 2.265724 -1.150164
135.146255 413.016449 2.069939 0.080150
136.214172 466.673065 2.125858 -1.771118
136.214172 466.673065 2.125858 -4.554729
136.941574 162.624878 1.913704 0.771934
136.941574 162.624878 1.913704 -1.550857
137.049500 221.511536 2.237384 -3.376062
136.988403 517.596680 1.986731 0.350255
136.988403 517.596680 1.986731 -4.665317
138.993469 327.087372 1.876691 0.224634
138.993469 327.087372 1.876691 -2.837193
141.298157 246.409409 2.013947 -2.980129
142.428696 467.047058 1.856124 -1.588208
142.428696 467.047058 1.856124 -4.668593
144.393906 328.230286 2.113472 0.261069
144.393906 328.230286 2.113472 -2.311553
143.869293 539.200989 2.049766 -4.176484
144.575638 24.724882 2.316755 -0.054550
145.064423 527.221069 1.840313 -4.633693
149.333588 110.850159 1.864489 1.144506
149.325348 242.940704 2.053684 0.419249
150.588379 171.249893 1.902064 -1.566459
153.720367 390.508972 1.861954 0.140857
154.703827 13.893352 2.121496 -2.153437
154.478409 290.412445 1.983897 0.164133
154.575241 395.540863 2.195688 0.168298
154.575241 395.540863 2.195688 -3.359465
157.565308 156.004196 1.733247 -0.546913
158.809097 90.406700 1.927590 -1.160754
158.809097 90.406700 1.927590 -2.286534
157.700241 412.409882 2.224034 1.512792
158.385223 193.408279 1.872987 0.711634
159.314774 358.867218 2.224933 -1.794226
159.314774 358.867218 2.224933 -3.166580
159.296875 462.119507 2.005589 -1.404924
161.377808 246.293182 2.040346 -1.769922
161.719543 495.648773 1.872674 -1.515054
162.203323 634.634033 2.001794 -1.453761
163.578445 196.425339 2.300983 0.715867
163.578445 196.425339 2.300983 -1.173282
165.323624 526.891052 2.271878 1.568836
166.275238 268.939972 1.881291 -2.707883
168.035995 145.720444 1.926892 1.354185
168.035995 145.720444 1.926892 0.170377
168.865753 90.000473 2.148154 -2.212683
170.128342 161.816650 1.969812 -0.380101
171.029053 305.127899 2.032961 1.036993
175.432083 98.738037 1.926636 1.351614
175.432083 98.738037 1.926636 -3.376178
175.977966 386.161285 2.185561 -3.019361
176.711075 36.416691 1.978278 1.342809
178.445038 203.415894 2.129507 -1.261872
178.141632 283.584869 1.934825 -3.477205
178.400986 548.008667 1.920156 -4.450590
180.170456 536.897766 1.942523 -1.412673
182.036591 577.050476 2.010975 -4.683949
186.208099 317.515442 1.975174 -1.394013
188.399567 587.669556 2.071763 -4.216448
188.504990 276.574860 2.181554 0.719124
188.504990 276.574860 2.181554 -1.520262
190.414322 90.025734 1.881944 0.690585
192.209412 200.998734 2.127630 -3.996909
191.794907 208.245560 2.031950 0.124765
191.794907 208.245560 2.031950 -2.528348
194.846252 290.928741 1.837377 -0.987273
194.846252 290.928741 1.837377 -2.600391
196.401428 154.987350 2.093386 -4.577978
197.232849 278.887695 2.088202 -3.010113
197.577515 229.857071 1.934142 -1.886593
197.746597 342.060364 2.111097 -0.598927
199.414139 125.815559 2.098315 -0.729101
198.494156 601.717834 1.859560 1.457895
199.620148 427.199768 2.143644 -1.505952
200.566864 234.129227 1.943747 -1.888935
206.467194 511.045532 2.118517 -4.662648
206.977692 228.885895 1.958684 -2.316168
207.201721 457.950226 1.813043 1.387517
207.201721 457.950226 1.813043 -1.314764
208.025131 481.455536 2.159022 -4.638523
208.744110 72.120781 2.012787 0.142480
211.562439 249.144165 2.298830 -0.701425
211.562439 249.144165 2.298830 -4.075577
214.925491 134.329102 2.275746 -3.316988
216.721542 28.901402 2.260455 -0.940221
217.444672 234.072632 1.808930 -3.908390
216.672821 364.568329 1.975214 -0.794672
216.379242 395.204926 1.864831 -2.146810
221.414429 294.457794 2.100422 -0.351648
222.405975 189.224792 1.840975 -3.596110
221.458801 303.548340 1.983673 -4.704113
222.058868 372.819824 1.919424 0.184300
222.088196 621.050232 2.010661 -1.275762
224.443115 73.207161 1.964981 0.517004
224.443115 73.207161 1.964981 -2.987230
224.011093 148.949432 1.918473 -0.148597
226.127457 41.534443 1.874205 -4.539262
226.598068 299.989136 1.904842 -4.553208
228.835739 101.656837 1.829883 -0.988631
230.120117 96.066147 1.907376 -0.583315
230.200089 572.290161 1.814706 -0.741174
230.824677 617.171875 2.127212 -3.498790
232.877335 89.894447 2.134813 -0.672930
232.791672 256.561493 2.023454 -0.656573
232.981995 581.023804 1.808610 0.486907
233.865356 170.118622 1.972797 -0.857389
237.005356 4.206503 1.965785 0.093742
237.581223 106.147675 2.163924 -1.010832
237.501633 566.205994 2.010012 1.565684
239.252121 179.084045 2.224924 0.102331
239.952728 445.693054 2.245167 -4.689988
241.952377 172.843216 2.133756 -2.033288
243.417358 452.358368 1.952385 -1.303079
243.755035 509.833496 1.892434 -1.751580
249.017105 161.746292 1.767704 0.327624
249.017105 161.746292 1.767704 -2.866499
252.412704 276.922241 1.931160 -4.317011
255.155273 427.059052 2.119276 -1.553048
255.283600 481.540070 2.316791 -1.849448
255.283600 481.540070 2.316791 -4.344003
255.028137 632.445190 2.143789 -1.489320
255.028137 632.445190 2.143789 -2.903905
259.266083 171.609451 1.986738 -0.211192
259.266083 171.609451 1.986738 -1.871649
261.941833 481.624054 1.786441 -2.114888
261.941833 481.624054 1.786441 -4.646543
264.061493 102.649086 2.040510 -2.536360
263.940552 243.456375 2.029191 -1.399159
265.331116 635.431152 2.071379 1.379844
268.621979 284.485870 1.870901 -0.902455
269.235870 333.344788 2.117722 -3.154495
271.074280 259.317108 2.041514 -4.651370
270.918945 359.727173 2.191681 -2.948040
272.089142 373.734009 2.450155 -1.765994
272.558960 388.638855 1.948713 -1.569980
272.547302 613.202087 2.285763 -1.718496
273.780304 304.829926 1.927411 -2.439230
275.809235 461.731110 2.102298 -1.610317
277.017029 370.126617 1.822693 -0.192710
279.176758 259.105896 2.033330 1.543921
278.486694 471.007355 2.105783 -1.751979
279.733032 282.341492 2.130806 1.427624
279.827057 588.994324 2.171829 -1.768385
282.709930 192.892349 1.708501 -0.867989
282.962616 226.662674 2.045452 -1.663851
282.962616 226.662674 2.045452 -3.908647
285.585449 51.139771 1.829967 -0.656630
286.749512 460.686584 1.890158 -1.816368
288.231110 160.481110 2.330118 -1.362557
288.463867 543.550049 2.221480 0.121804
288.463867 543.550049 2.221480 -4.346078
289.102448 353.506165 2.285903 -0.361253
289.102448 353.506165 2.285903 -3.019270
289.276062 359.522644 2.244230 -0.319194
289.276062 359.522644 2.244230 -3.108363
291.660950 328.339142 2.356409 -1.816872
292.892548 59.928360 2.165816 -0.998926
292.851837 236.252243 1.978571 -4.540650
294.056396 159.385605 2.130543 -1.806300
293.887207 265.525726 1.806632 -1.958552
293.887207 265.525726 1.806632 -4.546098
294.553192 381.886505 2.163788 -3.367045
294.959686 294.798370 2.082008 -1.626661
301.341431 306.381073 2.116790 -1.756492
306.105011 346.496216 2.196097 -0.203640
306.105011 346.496216 2.196097 -2.874520
307.256775 142.119354 1.811981 -1.468939
310.157379 253.774780 1.977146 -1.116028
313.137482 378.083374 2.002609 -0.390995
312.973267 600.032349 1.944237 -1.918214
312.973267 600.032349 1.944237 -4.407848
313.488098 626.854980 2.152352 0.875375
313.488098 626.854980 2.152352 -1.533169
315.554962 89.327301 2.120599 -4.247928
314.863922 129.899536 2.011910 -1.470407
314.863922 129.899536 2.011910 -4.255896
315.634186 5.422557 1.956778 -3.857358
315.565491 52.788200 2.095874 -0.584045
317.571136 631.459961 2.178041 0.894691
318.333740 173.559769 2.178147 -1.539417
318.333740 173.559769 2.178147 -4.492982
321.330933 14.172351 2.062830 -0.708373
321.330933 14.172351 2.062830 -3.570193
322.540405 375.909576 2.118507 -1.865807
323.234070 431.898102 1.848507 -4.340681
323.578644 312.139740 1.923090 -4.377780
329.652985 531.871704 1.891355 -4.652530
332.393158 255.504440 2.099831 -1.993291
332.410675 583.186218 1.964810 -1.632224
334.541809 35.222687 2.231071 -0.581761
334.541809 35.222687 2.231071 -4.036873
334.217957 294.316132 2.190106 -2.104639
336.023926 132.732300 1.962742 -0.580182
336.023926 132.732300 1.962742 -4.262874
338.210175 40.242172 1.912836 -0.713002
339.101105 82.914230 1.989723 -3.960932
339.580658 90.195526 2.029439 -3.823905
340.199036 271.869293 2.052471 -1.064986
341.390808 45.459728 2.161730 -0.473944
341.463165 391.988007 1.997115 -1.537642
341.463165 391.988007 1.997115 -4.307632
342.389801 346.731934 2.349232 -3.049812
343.298981 183.211899 1.879080 -1.924874
343.434937 354.661560 2.178985 -3.007147
344.043762 4.420132 1.851356 -4.141118
344.580505 288.914124 1.905416 -1.634555
343.888031 635.141785 1.797128 -4.364225
344.719696 606.324219 1.939158 -1.278937
346.606750 54.922474 1.960530 -0.977170
348.745514 316.521240 1.830280 -0.537322
351.303101 80.534294 1.972489 -0.362963
352.277161 426.902252 2.145958 -4.570282
352.291077 532.582031 1.740112 -4.490311
353.083649 41.728294 1.852311 -3.434879
354.124603 279.834045 1.994271 -1.679767
353.603790 603.322937 2.024778 -1.256222
355.894592 148.327866 2.185917 -1.115341
355.993683 252.748871 2.176780 1.207660
357.271637 8.473206 2.038248 -1.079498
357.917175 598.499268 2.176571 -4.013564
359.230347 70.123718 1.942217 -4.188461
358.335754 100.978027 2.172329 -0.642932
361.178589 359.841248 2.141729 -0.211627
361.178589 359.841248 2.141729 -2.820251
360.788239 498.825684 1.863009 -4.547073
363.329742 477.032745 1.924748 -1.808174
363.329742 477.032745 1.924748 -4.477106
363.906555 12.051459 1.918603 -4.358933
364.057892 152.410355 2.122234 -1.396708
364.224304 169.203430 1.934675 -1.146748
364.224304 169.203430 1.934675 -3.734157
364.000031 324.955566 1.963681 -1.990161
364.306458 336.149567 2.002916 -3.855763
364.374756 560.103821 1.875939 -4.584478
366.821411 35.163967 2.014055 -0.688393
366.821411 35.163967 2.014055 -3.533482
367.629456 120.893600 2.183151 -0.517845
368.797882 57.108761 1.903094 -0.305551
369.785980 392.078979 1.969264 1.374395
372.208862 398.800171 1.824516 -0.530959
372.208862 398.800171 1.824516 -3.900104
373.128632 608.417297 1.903590 -1.762921
375.232635 256.077209 1.988827 -2.295194
375.232635 256.077209 1.988827 -3.609156
375.334167 540.534607 2.159527 1.559984
376.214233 426.793457 2.155630 1.530823
378.137085 358.209259 1.955354 -2.474119
379.186523 243.944550 2.087710 -3.887393
379.693909 69.875031 1.808826 -3.739686
379.472321 465.343475 1.733664 -3.488083
381.558136 545.344116 2.046674 -2.363239
381.696411 138.080017 2.097463 -0.513455
381.696411 138.080017 2.097463 -3.327629
383.468933 478.384613 2.097065 -1.866506
383.468933 478.384613 2.097065 -4.682356
384.091278 52.848335 1.897562 -0.461768
383.480835 128.572067 2.119395 -3.365084
385.242645 599.461487 2.089537 -3.868689
385.951385 150.029556 2.092956 -3.470643
386.915833 238.152756 2.101892 -3.767185
388.564056 10.950547 2.077568 0.343398
388.564056 10.950547 2.077568 -3.161518
389.808563 128.240189 2.243305 -0.224835
389.808563 128.240189 2.243305 -3.277085
391.578125 445.130432 2.093728 -1.434907
393.729980 219.145004 1.962926 -1.280936
393.924927 563.672668 2.040075 -2.792676
395.397522 145.635147 2.034485 -0.565134
395.234711 187.185501 2.263843 -0.364936
396.469208 516.581665 2.008816 1.218831
396.469208 516.581665 2.008816 -4.188921
398.939270 273.726807 1.812189 -1.453410
401.141357 71.099281 1.821894 -0.492113
401.580933 78.510300 1.966293 -0.631011
401.580933 78.510300 1.966293 -3.508183
401.483734 112.479141 2.143337 -3.115878
401.686859 166.555618 1.847093 -0.677028
405.254272 615.052856 2.147113 -1.168135
405.749359 150.765503 1.961954 -2.497850
410.345856 32.478115 1.932601 -3.772118
411.507660 516.036560 2.555935 0.785576
411.507660 516.036560 2.555935 -3.023049
413.953156 269.134796 1.857798 -0.543951
413.953156 269.134796 1.857798 -2.523998
413.275574 457.641205 1.627994 1.516657
413.275574 457.641205 1.627994 -1.445667
415.800568 427.281525 1.935881 1.530969
415.800568 427.281525 1.935881 -1.586511
417.062592 5.124748 2.059652 -3.323772
418.789032 131.880981 1.939184 -0.720738
418.789032 131.880981 1.939184 -3.747034
419.032654 154.929276 2.161789 1.006183
419.032654 154.929276 2.161789 -1.305625
418.775421 530.219971 1.850901 -1.158596
419.699738 198.202042 2.042942 -3.651296
419.699738 198.202042 2.042942 -4.055594
424.838226 152.121323 2.195608 -2.726724
425.617981 221.205521 2.054246 -3.455888
426.090790 100.654999 1.882442 -1.360339
426.090790 100.654999 1.882442 -4.450921
429.493408 566.477783 2.257612 -4.628830
432.352509 36.158199 2.215788 -2.402345
431.624420 506.869568 1.760130 -4.591087
434.426666 29.346819 2.013438 -3.416428
433.954712 453.107880 2.127002 -4.483393
435.068207 119.537674 1.883202 -2.934043
438.203857 176.731247 1.968050 0.506166
440.644318 394.998688 1.965270 -0.081357
441.995605 438.475983 2.081595 -1.304519
441.995605 438.475983 2.081595 -4.513824
442.574738 179.194336 1.687969 0.395256
442.574738 179.194336 1.687969 -3.163914
446.084778 228.703995 2.696150 -2.401874
445.721436 364.026184 1.958299 -1.963228
445.721436 364.026184 1.958299 -4.071500
448.384552 557.930420 1.772583 -4.683200
453.761169 97.151711 1.955317 -2.654346
454.284088 420.145355 2.049376 1.547466
456.415955 319.116028 2.068480 -3.891843
457.215485 161.720459 2.016792 0.823463
457.266602 239.350464 1.935470 -2.927511
456.961639 259.205383 2.257607 -3.048562
458.115784 342.064178 1.892848 -0.264587
458.997803 93.548187 1.927665 -2.163211
458.707855 509.345642 2.173330 -4.544283
462.985504 482.993866 2.022894 -1.261151
463.088165 568.417542 2.118659 -2.999980
465.573029 460.897583 1.852188 -4.518318
466.784515 573.062195 1.927001 1.372539
469.308533 536.957214 1.807347 -4.591255
470.440552 96.090607 2.183473 1.269444
469.437958 633.906067 1.824108 -1.708092
475.114105 166.387650 1.813773 -3.416317
1.610524 611.171631 2.635882 -1.924806
5.559978 148.070694 2.450277 0.453882
5.559978 148.070694 2.450277 -1.462857
6.277806 276.664856 2.424348 -1.166188
5.733085 526.100281 2.401196 -1.467385
7.739715 14.726269 2.651705 -1.921948
7.739715 14.726269 2.651705 -3.864676
8.687826 400.009399 2.885062 -3.283646
10.054647 7.375867 2.187936 -3.806920
12.197973 164.826416 2.406821 -0.200524
12.089158 433.494568 2.653777 -2.875721
13.367791 525.467102 2.818783 -1.790940
16.470552 154.647400 2.654768 -0.554167
16.470552 154.647400 2.654768 -4.153506
24.226730 48.319332 2.526782 -1.718451
28.127033 164.446533 2.413998 -0.931164
31.062946 243.542908 2.756558 -0.158764
32.103271 115.848373 2.450382 -3.772432
32.567856 381.292023 2.289895 -0.028380
33.165447 18.435583 2.697543 1.100568
33.165447 18.435583 2.697543 -1.717404
32.403622 285.550781 2.454172 -0.564147
36.033001 54.246906 2.544449 -4.048628
36.452320 434.848450 2.617097 -0.056416
35.844429 512.039429 2.399910 -4.645147
36.619316 536.417114 3.040043 -4.694224
38.599869 107.961021 2.351111 -0.457186
38.599869 107.961021 2.351111 -2.468163
38.946499 252.912018 2.285260 0.118451
41.125484 28.568260 2.769028 1.434053
41.652672 315.140533 2.855803 -2.759050
42.810925 274.104492 2.384278 -3.123810
44.388733 488.107452 2.368605 -1.247396
48.373352 158.820038 2.338933 -2.734902
48.827728 54.607056 2.468845 -0.210570
49.003300 507.155975 2.334901 1.197434
59.156715 495.682739 2.705967 -1.494765
60.966805 133.587753 2.445292 -2.682501
61.155220 325.516846 2.841244 -1.203156
62.248707 75.146461 2.494053 -1.429919
63.014881 356.939789 2.553660 0.852218
64.069534 156.040726 2.465671 0.645474
63.714272 240.916885 2.332734 0.142495
65.381760 29.403154 2.611853 1.508776
65.911278 207.322021 2.724874 -2.573914
69.509087 580.496399 2.477724 1.514754
69.509087 580.496399 2.477724 -1.616622
73.847412 293.312378 2.594552 0.218513
79.556778 187.331329 2.391820 -2.863057
79.620041 236.659943 2.527995 1.401916
80.257530 519.325500 2.341533 -4.565840
82.013947 260.534058 2.087658 -1.673763
82.681961 308.949066 2.573115 -0.730355
87.111229 25.456404 2.689037 0.209645
87.111229 25.456404 2.689037 -3.832234
86.497536 104.660713 2.226710 -2.378513
86.861816 207.758911 2.569396 -1.719831
86.661926 293.797089 2.543986 0.345829
86.661926 293.797089 2.543986 -1.407906
86.661926 293.797089 2.543986 -3.374337
87.718727 118.253967 2.469746 0.938187
90.163315 180.656570 2.445093 0.792335
90.844353 124.521332 2.349578 0.827618
91.408134 581.991211 2.247892 -3.297030
92.745628 136.771591 2.330767 -0.463470
92.745628 136.771591 2.330767 -3.581606
95.775703 48.708214 2.476827 -3.400997
95.496651 158.439316 2.538930 -0.810434
95.496651 158.439316 2.538930 -3.583814
96.761292 507.082245 2.286833 -1.660054
96.761292 507.082245 2.286833 -4.203356
97.782288 210.876358 2.433063 -0.710495
97.782288 210.876358 2.433063 -4.326694
98.803261 98.924904 2.398013 -2.521631
98.771423 121.927254 2.714055 1.178696
98.594994 226.750305 2.763717 -4.025165
101.219994 69.665611 2.435838 -3.352258
102.725189 21.132025 2.579360 -3.644981
103.201035 49.069305 2.620344 -0.339977
106.189011 334.868958 2.422097 -1.664834
107.400467 197.841309 2.370787 1.389918
107.400467 197.841309 2.370787 -1.433754
106.790565 307.646362 2.749375 -2.912116
110.222168 507.229828 2.545718 1.360513
113.432747 164.732727 2.512659 0.114567
114.305954 145.988602 2.367226 0.410809
114.305954 145.988602 2.367226 -2.622871
114.993629 427.360138 2.451746 -1.744392
114.744629 25.985172 2.432208 -4.109487
117.048981 63.094315 2.691526 -3.505021
116.554062 139.394806 2.231612 -2.731908
119.082413 133.430130 2.759550 -2.719409
118.821472 346.319885 2.388709 -3.449467
119.929092 362.014557 2.589577 -3.591512
121.779259 283.867279 2.482565 -2.263618
122.218559 592.707886 2.461630 -4.013259
123.304398 325.430298 2.643574 -0.025331
124.446823 316.176849 2.850139 0.172728
124.125427 472.705994 2.486683 1.451847
128.521729 443.889496 2.759862 -1.466027
128.059402 616.487366 2.493353 -1.396257
130.301590 245.180099 2.258393 0.882851
130.301590 245.180099 2.258393 -0.193876
130.906555 48.871552 2.440039 -3.273460
131.267517 286.269531 2.461263 0.560460
130.873840 328.291168 2.565406 -0.144741
135.226608 233.319504 2.573102 -4.453038
136.423615 216.040848 2.389735 -3.374619
138.192581 339.616272 2.430351 0.163346
138.192581 339.616272 2.430351 -2.751413
141.002930 358.507782 2.746214 0.193515
141.832840 459.463959 2.436699 -1.597713
142.648865 490.576263 2.923990 -1.446869
143.905624 52.460358 2.502621 0.541366
146.843399 314.372650 2.683319 0.935695
146.843399 314.372650 2.683319 -2.391225
149.574387 180.867569 2.555045 0.946041
149.500854 412.981140 2.780390 -4.702548
151.555634 134.566315 2.635785 -1.287835
151.707321 195.385025 2.625828 0.557424
151.707321 195.385025 2.625828 -1.202856
152.798126 26.779776 2.297506 0.415147
152.798126 26.779776 2.297506 -2.990986
153.935211 274.695068 2.505239 -2.239886
154.357300 317.336548 2.566254 1.147986
152.959549 521.134216 2.836756 1.493286
154.290985 528.266113 2.378352 1.440994
155.825745 258.294708 2.720128 1.328148
155.947723 557.031311 2.585535 -1.333209
159.812454 20.297718 2.451373 -2.204080
162.046448 292.220367 2.548440 -2.248822
163.930542 117.381638 2.727859 -4.468928
163.914993 253.969360 2.688012 1.204639
163.914993 253.969360 2.688012 -1.814867
167.024612 300.365326 2.336959 0.937335
167.024612 300.365326 2.336959 -2.177402
167.987915 572.865295 2.445596 -1.559453
169.467422 20.165604 2.434431 -1.661527
168.589386 27.311569 2.703117 -1.596596
170.630692 12.817455 2.452466 0.845058
170.630692 12.817455 2.452466 -2.933785
171.605850 237.004684 2.547292 -0.096639
172.686264 181.059738 2.714422 0.921540
174.487747 44.259972 2.814161 1.247847
175.051605 147.361847 2.278151 0.508806
176.006439 611.436523 2.753642 1.536656
178.598007 70.141869 2.681617 -2.104543
178.729187 210.764603 2.664110 -1.194483
179.233124 494.325470 2.659085 -1.415270
179.233124 494.325470 2.659085 -4.610788
181.245041 379.402954 2.714033 -1.703226
182.827652 344.373901 2.885791 -0.680958
183.174927 47.576519 2.770166 -0.979336
183.174927 47.576519 2.770166 -4.356379
184.924347 7.293200 2.688891 0.398464
184.924347 7.293200 2.688891 -3.085806
185.842743 241.709641 2.663273 -2.284165
186.883026 40.339355 2.726349 -0.954619
187.164520 514.454407 2.558092 -4.700777
188.498032 496.453186 2.762968 -1.462933
189.808105 141.571274 2.308952 -1.518120
193.316589 427.669922 2.475772 -1.549883
196.712219 58.817535 2.637308 -1.073832
197.826233 365.355865 2.755316 -3.618753
198.468369 177.596741 2.541409 -1.279254
199.862305 189.936966 2.662960 -0.740367
199.862305 189.936966 2.662960 -3.077765
199.906860 473.441223 2.765897 -1.442795
201.523468 81.435028 2.491034 -3.826519
203.977737 140.582962 2.812970 -2.168057
205.291229 589.498779 2.576809 0.946744
210.301559 428.076813 2.607078 -1.512710
211.611923 94.285065 2.391524 0.097252
211.611923 94.285065 2.391524 -3.694823
215.049454 294.098480 2.484528 -0.376816
215.332794 354.162109 2.588382 -0.792218
215.582123 535.881775 2.679545 1.315918
218.073685 72.374710 2.544945 -2.978916
218.405670 636.015320 2.490738 -0.955066
221.651672 293.418976 2.450164 -0.383426
222.994415 20.283781 2.674974 0.289440
227.434021 209.943909 2.499682 -2.340827
230.391129 150.292908 2.494193 -0.069884
230.859909 183.084122 2.741635 1.363953
230.859909 183.084122 2.741635 -2.508855
233.636993 213.419769 2.760607 -2.353610
232.715515 296.565125 2.505244 -0.698975
232.715515 296.565125 2.505244 -3.722907
234.050430 26.820415 2.300654 -1.760138
235.034042 70.037056 2.529588 1.373077
236.774124 226.056107 2.901820 -1.101908
236.774124 226.056107 2.901820 -4.561014
237.494675 239.927322 2.782274 -3.966323
241.057587 415.991180 2.389293 -1.587491
241.057587 415.991180 2.389293 -4.674864
241.890823 618.541504 2.553742 -1.425472
248.554962 604.439697 2.594287 -1.477249
249.493591 452.880554 2.402819 -1.419096
251.510422 340.432648 2.260709 -3.222071
254.750122 139.902496 2.432271 -0.805514
254.750122 139.902496 2.432271 -1.758469
257.264984 296.071930 2.818465 1.122804
257.264984 296.071930 2.818465 -4.180138
263.172760 427.873138 2.306007 -1.583502
263.618988 139.152725 2.365359 -1.998885
267.412842 394.716248 2.645064 -1.705311
266.808899 582.783569 2.582865 1.549326
267.375183 319.566986 2.089322 -1.757703
268.927002 118.445663 2.341481 -1.273130
270.233826 606.917603 2.455686 -1.784857
271.390381 51.046120 2.559793 -1.054981
276.311279 379.796478 2.510022 0.022711
277.952606 488.844482 2.412341 -4.330125
281.998322 226.294739 2.269092 -1.720264
281.998322 226.294739 2.269092 -3.850681
280.520813 482.544434 2.600325 -1.618466
280.520813 482.544434 2.600325 -4.331128
285.294220 499.166870 2.352974 1.500510
285.926056 166.898453 2.486167 -1.340017
288.505829 336.453033 2.544578 0.012649
292.251678 566.240295 2.632509 -1.547730
292.251678 566.240295 2.632509 -4.349056
292.509979 35.939899 2.404886 -4.042580
292.481201 172.710083 2.482700 -1.018439
294.583923 11.302199 2.608241 -0.467121
298.103027 165.110535 2.394240 1.353155
298.706665 74.660233 2.746646 -0.847866
303.201721 583.142761 2.487723 -1.314983
303.425385 284.467255 2.408384 1.493376
305.456177 79.545258 2.484001 -0.849748
307.094360 461.961700 2.490638 -1.816980
307.894073 154.056793 2.427262 -4.184392
308.137390 427.142761 2.365554 -1.611566
310.805237 326.309692 2.475339 -1.218167
310.805237 326.309692 2.475339 -2.119253
311.877625 10.793245 2.694989 -3.763917
312.451996 95.510361 2.549721 -4.352090
312.849121 120.390556 2.539481 -4.164101
314.345184 292.789795 2.549654 -1.576920
316.423859 356.767365 2.643160 0.802033
316.423859 356.767365 2.643160 -1.388366
316.423859 356.767365 2.643160 -4.023204
317.750549 173.664642 2.271751 -1.507328
317.750549 173.664642 2.271751 -4.465645
316.539978 390.834564 2.315824 -4.668201
322.894440 133.300903 2.770108 -4.046693
327.192017 635.988098 2.597919 -0.462556
328.204651 244.597092 2.678448 -2.101287
328.204651 244.597092 2.678448 -4.396414
327.802399 306.729431 2.672206 -1.958262
329.440460 48.074329 2.832064 -3.581454
330.403259 117.813782 2.451343 -0.850075
331.981903 218.382721 2.195354 -4.212536
331.733917 483.134186 2.686112 -1.787856
334.567902 590.125610 2.809554 1.348321
334.567902 590.125610 2.809554 -1.562567
337.102448 282.916840 2.320205 -1.813091
340.214142 102.988525 2.593949 -1.321247
340.214142 102.988525 2.593949 -3.297539
339.753113 126.382446 2.437394 -0.620336
340.099030 159.613297 2.801435 -0.879073
343.824829 364.926025 2.627739 -1.813321
343.824829 364.926025 2.627739 -2.764091
345.248566 223.966217 2.822986 -1.273002
345.248566 223.966217 2.822986 -4.008687
345.056366 567.270203 2.640096 -1.496285
345.056366 567.270203 2.640096 -4.506883
356.529968 172.134033 2.313970 -1.203811
357.900574 186.992279 2.825158 -1.091511
360.507660 318.327911 2.362233 -1.951597
360.507660 318.327911 2.362233 -4.244616
360.069183 342.257355 2.466418 -3.709860
359.792389 427.114655 2.355400 -4.623707
362.038391 105.007042 2.438105 -0.382348
363.442444 176.514450 2.553084 -1.168433
363.442444 176.514450 2.553084 -4.236496
364.021698 570.417603 2.326946 -4.573836
366.716888 493.373779 2.719776 -1.389158
366.716888 493.373779 2.719776 -4.574748
366.840485 630.681580 2.531959 -3.941321
369.468719 252.150436 2.509024 -2.503742
369.468719 252.150436 2.509024 -4.267565
370.418152 92.942375 2.764773 -3.392940
371.809753 78.232666 2.627111 -3.645311
375.824310 292.237701 2.390653 -2.065995
378.529144 161.395203 2.519968 -3.877772
381.062988 336.586273 2.606359 -4.142422
382.263000 168.240677 2.489759 -0.375358
382.263000 168.240677 2.489759 -3.478530
382.639954 399.340271 2.508063 1.235505
382.639954 399.340271 2.508063 -1.943310
384.321167 532.259827 2.544594 -4.465042
385.807922 635.129456 2.234196 1.135871
385.807922 635.129456 2.234196 -2.678011
387.353607 85.821815 2.426137 -3.827541
386.574860 108.988770 2.638906 -0.503765
388.028503 185.033890 2.566451 -0.082596
389.098633 351.891113 2.449032 -3.101962
389.798950 206.229202 2.670165 -3.481908
389.568390 267.163330 2.783030 -3.121847
392.613312 82.823708 2.318886 -3.783394
398.438568 313.128082 2.482492 -2.188101
398.438568 313.128082 2.482492 -4.391277
400.660248 180.715836 2.656039 -3.740484
400.803314 210.228760 2.514450 -3.509806
406.206238 189.993515 2.740689 -3.541637
407.557404 116.855324 2.918229 -3.116241
407.472260 128.943359 2.357080 -3.000004
412.396606 164.007019 2.716588 0.581006
414.383270 40.129612 2.567703 -3.722682
417.908173 537.765320 2.313134 -4.611007
418.537720 84.347153 2.306395 -0.454061
419.060486 112.278076 2.291576 -0.620162
419.474091 302.542633 3.028074 1.470089
419.338684 411.924774 2.610365 1.396093
419.950104 444.463531 2.521487 -1.646011
421.221344 499.082703 2.817596 -1.519924
421.221344 499.082703 2.817596 -4.641516
421.980194 548.577759 2.207437 -4.576456
426.210846 167.213547 2.300563 0.929664
426.210846 167.213547 2.300563 -2.582798
428.512054 490.373932 2.722858 -1.516826
431.622650 307.493378 2.377437 0.508234
431.622650 307.493378 2.377437 -3.419810
431.950623 318.186127 2.380715 0.285985
432.708679 190.315079 2.317535 -1.928007
440.030304 156.957214 2.483914 -3.197260
441.521729 408.250793 2.438412 1.075554
441.521729 408.250793 2.438412 0.133608
443.484833 311.433685 2.553552 -3.348944
443.228027 452.751984 2.302720 -4.618731
444.981201 7.660722 2.510991 -1.096251
447.984192 43.913750 2.646520 1.088047
448.243988 294.398468 2.478686 0.467903
448.243988 294.398468 2.478686 -2.555578
448.243988 294.398468 2.478686 -4.137693
447.527130 627.839050 2.747463 -1.609312
449.211029 501.184357 2.588755 -1.036311
452.700104 588.150085 2.515504 -3.398961
452.372131 611.530029 2.300132 -1.298550
454.258911 81.124687 2.420552 1.206036
457.895294 333.079315 2.506831 -0.215948
457.895294 333.079315 2.506831 -3.837191
457.981384 396.404449 2.334298 -4.621690
458.480469 623.268127 2.344843 -0.978746
462.479126 135.865417 2.553550 -2.193516
465.048645 236.489639 2.721886 -2.930332
464.584808 402.574890 2.926871 -3.381905
466.221527 291.118042 2.502050 -3.427860
466.027771 600.577087 2.440711 -1.387369
470.023010 32.854073 2.700467 -2.402754
471.984100 512.779419 2.237045 -4.683946
473.211853 12.439410 2.366262 -3.358802
472.296509 82.558594 2.800370 -1.588961
2.757676 372.898743 2.965790 -1.043056
2.449003 189.299500 3.637226 -0.654617
8.279334 197.176620 3.196958 -0.644452
14.466051 57.586151 3.114265 -1.716162
17.599188 400.920288 3.260288 -3.265093
23.498686 56.558029 2.798937 -1.560674
24.865179 475.810913 3.435315 1.562710
25.045811 603.695251 3.047812 -1.476145
30.682213 613.436035 2.992472 -1.396208
31.591343 245.083359 3.247039 -0.198036
33.163845 295.525696 3.099864 -0.218995
34.046734 519.500183 2.877745 -4.645436
34.978447 45.824562 2.997427 -2.702388
34.978447 45.824562 2.997427 -4.171420
34.783955 132.485809 3.524059 -0.340933
34.783955 132.485809 3.524059 -3.714245
34.711193 324.498230 3.438898 0.488451
34.711193 324.498230 3.438898 -2.495365
37.672153 96.742973 3.396834 -4.238101
39.310410 495.899139 3.431311 -1.393632
40.572186 237.895950 3.322890 -2.494865
40.572186 237.895950 3.322890 -3.682494
46.279015 250.342957 3.241284 -3.043087
51.245869 273.979370 3.529246 -3.058251
51.497532 450.360413 3.257813 -1.551807
59.324051 126.032394 2.644641 -2.885302
59.324051 126.032394 2.644641 -3.694194
59.797077 600.023560 3.271086 -1.952019
60.606152 315.394867 3.220744 0.169490
64.425713 21.091137 3.105586 1.391307
64.125259 117.825676 3.556700 -3.565195
64.259933 188.481400 3.125525 -2.368388
67.216743 140.071594 3.436994 0.659866
68.805519 311.140656 3.121479 -0.603985
71.090355 213.996826 2.867256 -2.551867
71.385193 571.996216 3.396079 -1.680835
74.534752 550.301086 3.348060 -2.369404
74.534752 550.301086 3.348060 -4.683570
82.548889 135.596924 3.410716 0.909140
82.703331 276.067932 3.170125 0.973669
82.922760 528.118591 2.981115 0.945915
86.900375 140.694992 3.148303 -3.368512
88.758583 7.849386 3.390420 -2.083760
88.758583 7.849386 3.390420 -2.767310
87.513977 164.993332 3.991285 -2.743534
94.603539 89.195297 3.291159 -3.034749
95.777512 146.547623 3.455433 -2.921374
95.749786 196.047119 3.233816 -2.171590
95.749786 196.047119 3.233816 -3.217364
97.750664 555.625305 3.368745 -1.213214
99.595688 566.467834 3.077640 -1.417671
99.767639 427.580811 3.226074 -1.589416
100.653854 404.114563 3.121868 1.544184
103.105576 255.766479 3.242877 -1.735898
107.348923 224.556305 2.897495 -3.810543
111.218300 11.753855 3.281215 -3.672926
110.916298 34.212955 3.047913 -0.612175
110.916298 34.212955 3.047913 -3.955485
111.726151 238.762115 3.092804 -4.040196
112.742043 122.841843 3.555444 -4.181448
113.694016 269.930847 3.026026 -4.025816
124.471298 315.463409 2.934149 0.165974
124.942589 354.459259 3.526504 -3.513320
126.744751 499.435272 2.836316 -4.651642
132.446411 632.684692 3.299701 -0.648701
135.115128 142.962112 3.142354 -1.254520
135.005386 293.795105 3.431519 0.191999
135.465118 611.062927 2.941634 -4.631470
136.896515 96.405853 3.224646 -1.036427
136.896515 96.405853 3.224646 -3.059007
140.977203 449.955872 3.331158 -1.471080
143.741608 379.442657 3.361767 -2.350748
147.813110 209.026306 3.196658 -1.384866
149.160309 512.166138 3.331610 1.391242
151.534973 118.427780 3.502473 1.173447
151.534973 118.427780 3.502473 -0.231354
152.519913 102.904213 3.009709 1.120765
152.519913 102.904213 3.009709 -2.833981
152.779755 147.426102 3.020886 0.251124
152.779755 147.426102 3.020886 -2.323215
154.315170 308.977905 3.285493 1.280162
157.274902 327.149414 3.641447 -1.069734
158.939774 468.373169 2.969196 -1.338626
163.436905 590.934753 3.069670 -1.111672
163.436905 590.934753 3.069670 -4.185905
163.763168 49.299591 3.039993 1.122175
165.760422 536.513977 3.112738 -4.538169
168.316772 131.442688 3.090470 -0.950541
169.811432 624.208313 3.004670 -1.599317
171.593140 7.969562 3.081880 -2.836479
172.056198 513.268005 3.196830 -4.430279
173.780045 313.494385 3.039098 -4.358129
177.579971 247.735931 2.985893 -2.003448
181.139954 236.857147 2.881351 -2.250052
181.012375 563.621277 2.964520 -1.466831
185.960693 486.886475 2.976587 1.569651
186.856812 154.954849 2.849757 1.527772
187.025223 170.478638 3.535572 -0.094901
187.339569 596.415894 3.574346 -4.416467
189.506775 437.380981 3.000572 -1.416236
192.402817 616.591431 3.172033 -1.550436
194.222626 481.543304 3.130017 -4.584889
200.286163 497.226318 3.204633 -1.388994
199.998352 572.821594 3.028375 -1.527021
202.211975 224.061172 3.081314 -2.428037
203.187134 140.428146 2.973085 -2.438801
206.578018 113.762749 3.416293 -3.424115
206.578339 626.944885 3.303134 -1.117470
207.887726 9.199524 3.320355 -0.189503
210.094238 305.452759 3.039725 1.475412
212.315430 363.193542 3.260473 -0.837202
213.281967 270.299011 3.458361 1.189944
214.883514 498.723297 3.321843 -1.676028
214.883514 498.723297 3.321843 -4.566532
221.279770 110.588394 3.242544 -0.009373
220.565857 168.680817 3.246287 -3.200196
222.050430 476.091003 3.309345 -1.571585
222.834793 587.133972 3.408665 -1.398088
224.176071 535.150574 3.494327 -4.496396
225.068115 318.459961 3.091594 -0.495892
224.616882 429.211731 3.152313 -1.512648
228.602631 241.161331 3.130754 -4.064942
233.547058 14.489983 2.888149 -2.395476
233.547058 14.489983 2.888149 -4.644937
235.910858 126.351280 3.312713 -2.316292
242.597244 133.009155 3.154289 -2.357832
247.120285 260.425110 3.280973 -4.314905
247.768845 632.215271 2.974250 -2.796171
261.084625 278.198334 3.104584 -1.259892
262.941010 199.555542 3.040579 1.209870
263.880798 265.764343 3.409326 1.434506
263.880798 265.764343 3.409326 0.260726
266.935822 12.237015 3.123700 -1.124059
269.758148 83.765388 3.232196 -4.228677
274.484253 249.413589 3.063177 -1.370026
276.610504 239.559937 3.442573 -1.330241
285.558350 213.493332 3.044550 -4.099169
290.173431 498.173859 3.272304 -4.639900
292.168182 146.296982 3.228026 1.229415
292.168182 146.296982 3.228026 -0.010813
293.052490 319.834076 2.932725 -1.933687
297.236847 566.762939 3.145201 -1.544659
297.790161 217.259354 3.506755 -1.458780
297.790161 217.259354 3.506755 -4.367260
300.173157 97.231743 3.073104 -1.267085
300.173157 97.231743 3.073104 -4.168494
303.694641 173.752274 3.036816 -1.543090
305.248199 187.494949 3.322345 -1.585890
305.248199 187.494949 3.322345 -4.350093
309.662933 515.455627 2.864401 -4.626507
319.820221 101.085617 3.383784 -0.818958
319.820221 101.085617 3.383784 -4.290560
319.532623 200.167221 2.856422 -1.433633
321.262665 220.760681 3.142339 -4.330192
321.139679 560.419678 3.503408 -1.651469
321.139679 560.419678 3.503408 -4.394635
322.374969 120.411667 3.272527 -0.844788
322.374969 120.411667 3.272527 -3.836272
324.898071 213.124680 2.974726 -4.308465
324.558533 258.823975 3.132927 -1.149895
326.806244 8.881794 3.571567 -0.679997
327.379913 376.880859 3.450858 -1.605176
331.473572 84.750298 2.857127 -3.908419
334.030640 605.485901 2.854906 -1.335862
335.055969 210.256226 3.064761 -1.023287
337.520599 598.110535 2.962582 -1.326564
340.206451 24.087603 3.227571 -0.632136
340.206451 24.087603 3.227571 -3.097886
340.206451 24.087603 3.227571 -4.016487
348.033508 482.632751 3.364636 -1.488789
354.320740 490.927826 3.432105 -1.623168
361.128113 551.936096 3.329765 -4.353636
360.909363 577.747864 3.194483 -4.553222
361.485992 52.053391 3.315580 -3.478008
363.996185 114.849289 2.987321 -0.463086
365.931519 65.140755 3.342233 -3.680589
368.927094 70.644348 3.496335 -3.679391
368.793640 453.803436 3.674391 -1.529145
371.141571 110.152855 3.517145 -0.446621
369.064545 617.597168 2.524394 -1.776521
372.434509 18.782721 3.210543 -0.344631
372.434509 18.782721 3.210543 -3.630218
372.101410 136.164856 3.111926 -3.696071
373.636810 390.599884 3.588233 1.329141
373.636810 390.599884 3.588233 -1.697936
377.918274 486.602295 3.012055 -1.474925
380.518372 6.737837 3.283921 -0.171749
380.882965 208.786987 3.243024 -0.679386
380.882965 208.786987 3.243024 -4.232922
384.361664 454.611969 3.117296 -1.591929
386.460449 559.525208 3.100070 1.444825
390.068604 132.782181 2.960159 -3.037450
393.480865 54.153824 3.413534 -0.663711
394.023438 105.330589 3.408360 -0.553229
394.023438 105.330589 3.408360 -3.478002
399.217834 356.998535 3.066315 -3.176619
400.357117 47.091869 3.233925 -0.205667
401.661377 14.598376 2.949707 -3.568537
402.412292 100.945274 3.211562 -3.504015
402.701141 582.936707 3.597080 -4.633801
404.847137 506.421936 3.231723 -4.542384
408.129211 43.850533 3.203216 -0.170391
408.129211 43.850533 3.203216 -3.682391
411.138153 14.489133 3.152797 -2.975155
410.656677 296.474701 3.595320 -2.849112
410.656677 296.474701 3.595320 -4.099951
412.108704 566.225586 2.986448 1.300591
412.912598 438.441528 3.413719 -4.651884
414.738617 598.593811 3.609568 -0.694965
414.738617 598.593811 3.609568 -4.146307
416.522858 93.174866 2.978060 -0.716798
419.526215 15.288104 3.257694 -2.901692
423.844147 57.966164 3.224060 -3.182843
426.180511 438.285583 3.139050 1.537244
426.016541 556.254578 3.138331 -4.603485
431.410736 330.151367 3.002049 0.127410
433.099304 500.442566 3.286546 -4.606056
438.406586 118.510651 3.166725 -3.013116
439.282684 421.213226 3.383413 1.273899
440.475800 459.934448 3.008118 -4.603999
445.944763 67.678085 3.454525 -1.343238
449.119781 571.307495 3.319346 -4.333300
449.679840 333.794312 3.513440 -3.186474
453.626038 412.717896 2.943132 -4.636833
468.293579 548.189575 2.996466 1.318230
472.560669 424.415161 3.132735 -3.090368
7.193745 229.517029 3.694368 -3.579141
10.025811 516.951233 3.788423 -4.468499
13.580503 452.529205 3.883408 -2.615237
12.409548 585.808960 4.047859 0.533966
12.409548 585.808960 4.047859 -0.887057
24.378654 122.742302 4.092408 -3.798016
25.801676 138.949692 3.761674 -3.832279
25.061598 476.055511 3.228287 1.490221
27.437901 166.949570 3.913365 -0.974197
32.698071 548.168701 3.619699 -4.563713
47.197548 172.690933 4.265760 0.310187
48.496231 398.997040 3.979333 1.472734
52.874409 263.070221 3.624394 -2.759003
55.824528 250.533234 4.107625 -3.063974
60.348595 149.137054 3.831084 0.663383
63.883335 117.891220 3.377394 -3.508888
63.857994 427.550415 3.806870 -1.573459
67.314941 139.815109 3.637799 0.677480
66.674934 377.327362 3.696929 1.450935
77.749573 208.693100 4.196037 1.402991
77.749573 208.693100 4.196037 -2.972426
79.718452 249.886444 3.785764 -1.887725
79.718452 249.886444 3.785764 -4.567835
81.368011 124.539314 4.100702 1.013444
82.453110 137.974487 4.535886 0.867337
82.445786 427.909302 4.019081 -1.576221
89.023804 6.971300 4.158311 -2.992843
90.801682 70.983284 3.969357 -3.254459
92.910233 515.918701 4.144834 -4.524298
95.279236 239.176849 3.981608 1.227017
100.749199 388.081818 3.860251 1.087585
104.571747 165.884644 3.803339 0.089697
109.738838 179.828293 3.922395 0.393601
115.806938 162.701645 3.914845 0.112041
119.597443 114.521439 4.276540 -4.000570
120.388641 81.970543 3.895921 0.742158
123.961487 304.329010 3.945970 -0.033166
126.086052 390.148499 4.334182 0.004037
126.086052 390.148499 4.334182 -3.161816
127.500618 420.385651 4.013793 -0.194951
127.500618 420.385651 4.013793 -2.874460
131.220383 154.227295 4.180501 -1.451088
131.220383 154.227295 4.180501 -3.026010
130.182480 361.459564 4.568852 0.073554
139.044830 261.205322 3.769844 0.972081
140.973083 5.106440 4.106786 -0.089567
141.059250 622.988953 3.630001 -0.713723
142.842346 552.749756 3.744368 -1.348632
144.728882 71.011024 4.225304 1.220660
144.728882 71.011024 4.225304 -0.419655
144.772156 390.574982 3.981446 -3.029636
146.856323 288.163086 3.554334 -3.585422
147.126572 428.999847 3.862848 -1.516157
146.027481 501.270233 4.208968 1.386851
152.047729 441.737762 4.241847 -1.566841
157.240784 327.425201 3.691221 -1.115562
160.855270 281.613312 3.543998 -2.350048
162.756332 39.098995 4.215896 1.072639
162.536316 429.234619 3.849881 -1.579605
165.312347 142.040512 4.307779 -0.868504
170.069824 323.356476 4.016552 -1.278441
177.419678 259.392731 3.652161 1.270129
179.618149 389.342987 3.817006 -2.016164
182.602036 524.575378 4.292588 1.243493
185.142593 21.703871 4.482635 1.158720
184.669937 82.823563 3.830968 0.322577
190.218109 260.261414 4.099480 1.193502
190.726074 505.220856 3.673394 1.514734
190.726074 505.220856 3.673394 -1.352188
192.606766 236.890732 3.745640 -2.309494
195.256927 93.221275 4.052264 0.392355
196.020782 463.961548 4.097906 -1.344018
198.182587 389.792694 4.397032 -4.528496
198.069336 561.255005 4.141262 -1.544206
213.840927 71.640129 4.358143 0.422404
214.423935 200.896164 3.955799 -2.179100
216.527679 219.831238 4.143045 0.949531
216.527679 219.831238 4.143045 -2.221086
216.855331 385.016510 3.869841 -1.007189
223.215515 400.381012 3.679287 -4.637988
235.126434 224.841446 3.699980 1.470451
234.862976 280.849518 3.998789 -0.603912
234.862976 280.849518 3.998789 -3.987779
236.183975 61.195152 3.794842 1.534941
236.183975 61.195152 3.794842 -2.047011
241.837921 268.904236 3.737972 -4.271924
244.381393 564.013428 3.759346 -1.051583
252.832489 593.247864 4.148261 -1.165451
275.752991 206.675110 4.013344 -4.346802
282.447540 122.881737 3.655462 -1.666679
288.427002 628.703247 4.103925 -1.256440
288.427002 628.703247 4.103925 -3.067902
293.238678 69.322296 3.998749 -0.854417
298.289520 117.170334 3.942487 -4.268415
308.070007 628.062744 3.903136 0.908636
308.070007 628.062744 3.903136 -2.988789
319.241608 77.482765 3.852584 -1.116750
319.241608 77.482765 3.852584 -4.036203
327.515839 9.042394 3.721937 -0.719083
327.515839 9.042394 3.721937 -3.842262
326.053589 46.619976 4.175378 -0.862709
327.941193 481.206665 3.842375 -1.931567
329.604950 281.956085 3.891875 1.374296
329.604950 281.956085 3.891875 -1.898736
341.947784 186.667831 4.023761 -2.259820
341.947784 186.667831 4.023761 -3.858623
353.655151 11.448451 3.632257 -3.740568
352.249573 215.912598 3.702374 -3.941472
361.625153 551.997986 3.365268 -4.321249
364.971100 211.923599 3.893287 -3.820972
379.648041 126.124809 4.353370 -3.227785
381.294403 54.583397 4.227837 -3.245098
381.284576 100.782486 3.961809 -0.422833
381.284576 100.782486 3.961809 -3.420838
386.390289 63.286373 4.153448 -0.807928
387.645477 609.093445 4.070921 -1.412662
395.397156 157.110870 4.245463 -3.758411
405.136414 367.166412 3.982408 -1.430079
405.374664 496.830688 4.443300 -1.616695
406.334290 26.770388 3.635954 -3.501200
408.170715 139.854630 3.958785 -2.292958
415.539856 243.118652 4.167175 -3.092773
423.568268 395.621246 4.423430 -4.311530
429.271729 77.190674 3.668877 -3.776456
431.297821 223.381088 4.303578 -0.097288
440.173920 258.955292 4.053935 -2.504817
440.317413 579.100708 4.373194 -4.380799
445.953949 85.366051 4.061987 0.978426
448.936493 601.233215 3.783434 -1.243315
451.667114 351.558990 3.780396 -3.326043
457.279480 380.175751 3.986958 -3.540112
462.090668 78.021301 3.816102 -0.975808
462.090668 78.021301 3.816102 -4.140781
463.462921 422.905365 4.103743 -3.141794
464.176910 449.595123 4.504843 -2.486752
464.176910 449.595123 4.504843 -4.534669
468.042633 83.318542 4.142488 -3.748674
467.677795 548.758423 3.657490 1.383526
477.309753 557.728149 4.195279 1.328761
5.855108 121.084068 4.633404 -0.178292
11.341330 365.950928 4.456193 -3.003773
15.992545 210.139023 5.432433 0.322595
20.692629 46.284111 4.790369 -1.717370
20.821316 241.455307 4.637677 -0.301209
28.656750 217.441086 5.594196 0.034698
31.904959 153.306732 4.841829 -3.675824
41.244968 182.488846 5.047238 0.079578
50.357468 130.114105 5.485495 -2.799183
50.774483 305.595917 4.801749 0.267420
60.038101 390.073181 4.764829 1.543941
59.946507 531.298645 5.504429 -4.679507
71.414574 400.541565 4.961500 -4.678674
75.893333 74.322823 5.095551 -1.824850
82.403389 51.961689 5.480645 -3.500157
95.737526 448.306519 5.318022 -1.642898
100.947021 480.876038 5.001494 -1.617648
100.431015 529.862671 5.244042 -4.536612
106.955185 90.966400 4.983879 -3.025555
115.935715 415.712524 5.062667 -2.950878
124.399963 400.158630 5.484717 -3.373628
131.825363 440.297150 4.725661 1.237466
131.825363 440.297150 4.725661 -1.336841
142.748322 210.249893 4.710746 -1.091153
141.066513 416.351990 5.642722 1.501855
141.066513 416.351990 5.642722 -0.135365
141.066513 416.351990 5.642722 -1.388243
159.833542 610.489746 5.042367 -4.350103
164.297440 398.629944 5.218797 1.564060
175.687668 336.127686 4.891322 -1.407291
178.598007 363.954193 4.735665 1.283798
182.719543 133.818710 4.965512 -0.624855
195.992432 535.511719 4.788329 1.275500
202.960571 604.962646 4.929337 -1.251252
212.709000 39.184387 5.427166 0.895397
212.709000 39.184387 5.427166 -1.060979
222.889954 50.251438 4.504770 0.948012
233.096146 362.247375 4.680929 -1.217709
249.076904 522.006348 4.951044 -4.542208
255.616074 20.312927 5.571868 -1.159323
255.616074 20.312927 5.571868 -4.032881
254.642136 553.389832 5.483978 -1.356257
254.642136 553.389832 5.483978 -4.403585
297.307617 152.920700 5.520629 0.494352
297.307617 152.920700 5.520629 -4.056335
304.824585 64.785599 5.031154 -0.894864
304.824585 64.785599 5.031154 -3.831023
306.693573 11.694708 4.937874 -3.687712
313.709717 52.194019 5.224289 -0.885191
313.709717 52.194019 5.224289 -3.806604
322.076874 418.674042 5.414940 -4.395398
325.359802 66.049667 5.276135 -3.888649
330.517792 318.336304 5.154480 -1.848833
330.517792 318.336304 5.154480 -3.318734
331.261963 544.032471 4.781023 -4.654159
341.549896 305.541595 5.259668 -1.904832
340.965912 556.006592 4.593956 -4.526307
348.491394 437.232635 5.070910 -4.574226
354.437531 132.571625 5.865487 -3.538703
363.422821 454.198364 5.274426 -1.653592
363.901123 334.185303 4.870576 -2.417643
363.901123 334.185303 4.870576 -3.473401
392.470490 422.047668 4.649498 1.440597
406.110352 179.560852 5.363068 -3.595669
436.563995 98.534149 4.677585 -2.831437
439.913544 25.905642 5.354691 -0.358677
439.913544 25.905642 5.354691 -3.145623
444.615814 550.075439 5.125475 1.421838
456.142365 105.144066 4.907129 -0.021191
456.142365 105.144066 4.907129 -1.770591
468.168732 325.966644 5.274980 -0.425338
468.168732 325.966644 5.274980 -3.290797
19.731949 61.956406 6.650090 -1.781406
21.260403 22.314489 6.674775 1.457353
20.531431 187.043533 6.520482 -0.757693
20.531431 187.043533 6.520482 -2.641962
20.322889 332.665436 5.697893 -3.836589
23.024569 405.171265 7.223938 -3.213405
25.342070 284.117798 5.757458 -0.317859
25.342070 284.117798 5.757458 -2.016237
37.612427 196.759277 6.914141 1.416016
37.612427 196.759277 6.914141 -2.592953
39.755718 441.842987 6.602924 -0.377667
42.644428 413.831238 6.490955 0.272287
47.071266 13.617214 5.897832 1.458295
53.001316 341.417511 6.453455 0.075190
59.715183 62.642597 6.656802 -1.523922
60.509079 228.733871 6.761385 -2.549389
69.244530 553.484863 6.152759 -1.876186
94.714973 211.391357 5.860483 -4.311636
96.128136 267.397430 5.904408 1.335466
97.001709 113.410400 6.035638 1.066255
98.445427 464.219574 5.543160 -1.608840
107.455200 128.672882 6.679395 1.087548
115.649475 237.907059 5.958761 -3.756291
121.481407 293.712311 5.953056 0.142742
125.121513 480.236145 6.024447 -1.577894
129.449158 72.819939 6.070126 0.970052
135.359726 90.772926 6.474981 0.874746
152.192780 270.564240 5.913046 1.008494
165.054367 35.601170 6.120852 0.995770
164.866516 216.226364 6.900247 -0.604489
181.830078 394.952850 6.538286 1.514445
220.822159 339.241333 5.933420 -1.364500
237.251663 156.635437 6.125525 -0.059664
237.251663 156.635437 6.125525 -1.684324
244.742935 291.049438 6.780299 1.484414
248.392578 37.879169 6.261889 -1.410160
248.392578 37.879169 6.261889 -4.059873
254.566025 188.253311 6.161674 0.992266
254.566025 188.253311 6.161674 -1.058809
260.229034 455.243805 6.592641 -1.628668
269.404144 162.102066 6.955985 -1.044267
269.404144 162.102066 6.955985 -4.390675
268.399567 269.365875 6.679938 1.193696
271.322235 400.437958 6.340243 -4.682814
283.070740 105.013390 6.417033 -2.907868
283.070740 105.013390 6.417033 -4.456204
316.795380 245.766785 6.659382 -1.470961
318.360321 268.712891 6.327348 -1.417238
337.769592 203.688766 5.871656 -3.515460
349.002350 508.712250 6.628820 -4.451038
349.714478 628.188049 6.897357 -1.621479
352.647614 99.350578 6.806983 -0.601419
353.803284 131.617325 6.151237 -3.511037
359.211334 233.887238 6.928277 -4.389894
381.787445 481.358612 5.760550 -1.523233
390.734467 232.662903 6.652420 -2.286793
394.275757 436.696136 5.777187 1.459674
394.552551 607.598633 6.711572 -1.417616
401.008179 627.573547 6.284316 -1.322455
406.363098 92.571022 6.715106 -3.514379
408.619354 384.883575 5.946215 -1.332948
478.233185 580.974304 6.713976 1.394736
28.390690 349.835297 10.639034 -3.319373
39.303734 500.821686 7.183294 -4.709479
55.134544 14.498039 7.607241 1.247381
66.251556 169.315231 7.954594 -2.410811
70.001076 462.577972 7.617233 -1.515458
73.337631 125.959663 8.096776 1.047520
91.771706 173.812729 8.982555 -2.447043
129.718964 116.701462 8.673734 -0.278659
165.009048 172.457108 8.421579 -0.179904
195.481049 579.201965 8.332996 -1.451707
261.098724 455.674835 7.105281 -1.641918
266.399200 500.827850 7.358294 -4.345613
278.939484 141.924133 7.086194 -4.414165
307.622650 380.821167 7.329138 -1.750357
352.212128 100.432076 7.239346 -0.682066
353.439850 190.051147 7.673155 -3.220300
355.888092 474.250885 7.987310 -1.440568
364.916931 254.892700 8.128336 -3.026218
384.949646 456.963715 7.234241 -1.588682
416.332245 368.123474 8.026325 -4.087780
23.914196 390.622101 10.540292 -3.012876
30.586296 553.236633 10.879762 -1.714070
30.586296 553.236633 10.879762 -4.602906
58.215710 85.350937 10.347538 -1.322614
60.617641 285.870941 9.298513 0.345078
84.095581 344.228333 10.301850 -1.346467
88.777435 297.633575 10.843431 0.407975
127.733696 348.297394 9.515358 -1.347671
168.058197 58.451946 10.066198 0.614902
172.784439 95.844124 10.508014 0.959083
189.724472 513.696594 10.331165 1.454411
259.274292 248.414307 10.466247 1.041710
384.617218 66.777557 10.362529 -3.677859
384.816101 272.261261 9.174219 -2.930300
424.155121 200.050140 9.382602 -2.847462
437.151947 554.306702 10.337777 1.563573
442.744110 154.722534 9.679879 -1.601424
442.744110 154.722534 9.679879 -3.732685
69.704628 51.684723 14.155856 -1.252126
86.282715 194.235626 13.747850 -2.354928
194.140732 249.105438 11.996403 0.306506
244.203156 90.301857 13.190526 -4.310420
244.579117 185.357498 12.446020 0.489662
244.579117 185.357498 12.446020 -1.392894
244.579117 185.357498 12.446020 -2.446888
269.446930 216.046906 11.539132 0.462467
311.703949 616.197083 13.657588 -1.236582
335.822021 37.723465 12.488899 -3.426896
432.238312 28.430199 12.187658 -3.151174
69.031548 52.656742 13.212587 -1.211752
127.964294 542.779846 14.722177 1.547410
190.528564 13.693784 14.614294 -0.140662
209.754761 542.628296 16.838013 -4.622876
396.442871 152.982193 15.043757 -2.779194
363.266602 399.858612 21.501156 -2.298533
33.796810 151.689606 24.456564 -1.909858
33.796810 151.689606 24.456564 -4.468988
52.493950 358.021179 23.930777 -0.993315
193.094727 365.628967 25.655012 -1.215109
431.484100 513.101929 27.396784 -4.627390
126.602554 214.947800 31.643866 -0.487657
145.490021 31.469044 37.900753 0.220412
