3.621772 603.884766 2.182354 -1.829359
3.912618 180.874466 2.073315 1.111502
5.566324 163.532349 2.030108 -1.678062
4.670818 634.803833 1.949850 -1.098597
7.662267 94.381386 1.789468 -1.879930
10.193793 192.591019 1.936992 -1.890912
11.095636 143.840240 1.983998 0.842999
12.668314 187.929977 1.866759 -1.741834
15.983047 15.221581 1.839538 -0.224972
16.052000 234.147278 1.803037 -4.029422
15.424848 573.699829 1.861173 1.513905
15.424848 573.699829 1.861173 -1.619690
17.355646 46.126816 1.875378 -0.983378
17.355646 46.126816 1.875378 -2.294406
17.484171 166.153671 2.259354 1.190189
20.255682 225.242447 2.042017 1.087043
20.255682 225.242447 2.042017 -2.129715
20.096924 469.980194 2.027025 -1.792992
21.444315 365.436768 1.915911 -1.357846
21.639011 170.717087 2.139524 1.212927
22.077875 240.559448 2.029921 -4.215893
23.455765 46.964153 2.215277 -2.228474
23.357704 230.858673 2.027310 -2.169733
23.955225 440.646667 2.172048 1.163730
27.042412 305.571014 1.922475 -1.408116
28.893940 470.120758 2.154765 -1.586759
32.367607 189.725235 2.043601 0.728471
32.367607 189.725235 2.043601 -3.075243
32.774498 21.074129 2.117474 -3.038072
33.034683 311.072235 1.981651 -1.231660
32.991879 439.885742 2.055184 1.488719
35.278095 229.964340 2.069193 -2.388931
35.867004 124.897141 2.205337 -0.559646
35.867004 124.897141 2.205337 -4.069120
35.641777 257.501892 2.127429 1.382416
35.641777 257.501892 2.127429 -1.807654
40.435863 326.084045 2.078555 -4.033507
40.542606 147.603760 2.315506 0.862417
40.542606 147.603760 2.315506 -3.012283
42.297848 336.643188 1.784145 -3.534536
43.479618 213.419815 2.034535 -3.544990
51.624107 624.342285 1.738118 -1.497851
52.669167 245.416977 1.965210 -0.059467
53.311806 493.241852 1.981752 -1.675460
52.908134 600.262573 1.804281 -2.285119
54.651875 179.020447 2.059989 0.787511
56.426529 416.163696 1.789751 -1.589068
58.670334 571.042236 2.148366 -0.744465
58.251949 602.008484 1.601316 -2.519466
61.723793 105.724136 1.943476 -1.222893
62.230793 536.517883 2.782507 -1.748422
62.230793 536.517883 2.782507 -4.658176
61.742809 555.225403 2.155414 -1.680976
65.194969 261.895020 2.038015 1.351124
65.194969 261.895020 2.038015 -1.108882
65.668747 323.597626 2.317964 0.501617
67.482780 298.259186 2.061011 -1.733497
66.741608 392.384613 2.035092 1.179611
69.145157 180.074005 2.137526 1.146723
68.525505 186.470642 1.806507 1.213692
68.525505 186.470642 1.806507 -1.581875
73.766045 264.051147 2.053555 -3.785068
74.684357 63.207417 2.218263 -1.404904
74.684357 63.207417 2.218263 -4.642173
74.988556 628.456909 2.124176 -1.652698
76.526634 313.823486 2.210337 -1.335484
75.912598 382.817932 2.241724 -4.653542
77.946732 99.982162 1.875110 1.479318
77.946732 99.982162 1.875110 -3.770461
77.744308 147.277359 1.869631 -3.730976
80.093384 4.166971 1.901327 -0.159947
80.043526 106.959000 2.221323 -1.183459
79.614693 521.075623 2.138359 -1.884523
80.644646 243.877548 2.000927 0.056637
80.784363 505.811157 1.913193 -1.816437
85.426071 281.292664 2.015910 1.420610
85.426071 281.292664 2.015910 -2.692643
85.667297 137.527222 1.965354 -0.153255
85.667297 137.527222 1.965354 -4.455931
88.876579 107.456955 2.210135 -1.186877
88.876579 107.456955 2.210135 -4.295766
91.616829 101.917542 2.132356 -4.350687
92.210167 246.302979 1.936934 0.983692
92.997887 474.130219 2.106744 1.466901
94.093613 84.410820 2.079196 -1.121488
96.121223 53.195488 2.214372 -1.382134
96.343361 595.070312 1.839592 -0.076781
96.343361 595.070312 1.839592 -1.717345
96.343361 595.070312 1.839592 -4.536616
96.582367 112.628510 2.113088 -1.176244
97.303322 149.047440 2.006746 -1.610872
100.124199 166.072235 2.352330 -0.395710
100.129555 356.565002 1.831684 -0.736956
100.167618 539.865845 2.118519 -3.452307
100.009483 628.791931 1.886546 -0.749164
102.958420 118.512398 2.314574 -1.450942
102.665764 291.679474 2.065421 -0.123279
102.665764 291.679474 2.065421 -3.004469
105.769043 581.908630 1.778485 -1.698371
105.769043 581.908630 1.778485 -4.432894
108.208656 161.536118 1.921590 -4.012572
108.300972 346.640808 1.946103 1.250880
108.300972 346.640808 1.946103 -3.739985
108.996437 272.944366 1.860370 -1.688182
109.430283 416.792480 2.023499 1.562692
109.430283 416.792480 2.023499 -1.499683
111.985046 306.062012 2.114713 -0.322143
111.985046 306.062012 2.114713 -3.420644
113.219261 90.977325 1.962886 -1.716396
113.567070 292.515625 2.096767 -3.186810
114.787216 173.018036 2.017185 0.273039
115.996483 192.354767 2.227720 -0.834589
116.555328 245.160980 1.795324 -1.702908
116.544182 67.097534 1.814217 -0.544371
117.471886 164.778229 1.976396 0.437160
120.257996 271.807343 1.863739 -1.798334
120.833496 360.514954 2.019499 -2.973112
122.082893 75.877151 2.065631 -1.002264
123.580414 164.036728 2.099301 0.567448
125.935379 567.336853 2.061737 1.346149
125.935379 567.336853 2.061737 -1.784409
127.938637 17.787045 2.025190 -4.136188
129.143967 216.646149 1.656536 -4.018118
129.348663 427.586975 2.172193 1.439179
135.123474 155.481430 2.287578 0.590611
135.389359 218.686172 2.399319 0.511608
135.389359 218.686172 2.399319 -3.762285
142.154114 414.423676 2.195064 1.550696
142.948486 142.657837 2.056573 -1.688158
143.351242 379.183441 2.285800 -2.549919
145.659286 244.218307 2.224017 -1.987952
145.900726 506.968201 1.984206 -1.292607
147.002441 294.149109 2.086941 0.012459
149.202789 376.035645 1.843321 0.131170
151.458481 231.961502 2.316139 -3.048112
153.233261 460.509094 1.940440 1.535421
154.478302 32.315117 2.232000 -0.907927
154.478302 32.315117 2.232000 -3.959965
156.417480 127.729965 2.038352 -1.190020
156.764664 155.345322 2.190996 1.410246
156.764664 155.345322 2.190996 0.236210
156.859940 357.936493 2.213099 -3.125043
156.781952 414.447357 2.097745 0.394240
156.781952 414.447357 2.097745 -4.054656
159.911118 30.103403 2.026369 -0.920773
161.132706 78.965942 2.131043 -3.030242
161.755356 342.589478 2.102597 -3.185062
163.174576 22.841272 1.985647 0.000386
163.174576 22.841272 1.985647 -3.514949
163.251266 395.074768 2.164117 1.281001
164.761871 13.827834 1.956580 0.065382
164.761871 13.827834 1.956580 -3.102976
165.031509 58.593288 1.855290 -3.572402
165.116486 131.656403 1.957982 1.405271
165.116486 131.656403 1.957982 -1.757529
166.405334 257.398560 2.061285 -1.696013
168.009094 21.547617 1.887509 0.081653
167.614502 286.968262 2.246619 -1.350616
167.900726 603.076538 2.241871 -1.412623
169.399933 55.744595 1.883155 -3.466920
170.207031 13.581648 1.921574 0.019141
170.076645 151.264755 2.135227 -1.483162
170.076645 151.264755 2.135227 -4.528843
172.806946 51.016182 1.949628 -0.298792
172.510574 281.424103 2.303712 -1.380766
174.109695 129.908035 2.075721 -1.516880
174.109695 129.908035 2.075721 -4.692458
173.761688 345.717621 1.942370 -1.180714
174.862793 572.568176 1.721098 0.678994
176.393509 237.075882 2.246490 -1.899305
175.566666 256.797638 2.008198 -1.535393
176.818695 45.716560 2.189648 -0.172039
176.559082 299.743835 2.097819 -0.829708
180.964310 447.554840 2.268112 -1.265437
185.074142 38.791386 2.307862 1.015919
183.811432 277.786682 2.136182 -0.192397
183.924530 286.716583 2.004628 -0.305371
184.521606 558.359985 1.838375 -2.051973
184.054245 622.705994 2.288571 0.929523
186.046783 472.657776 2.193078 -1.423099
189.980103 542.795776 1.977543 0.745553
192.254059 602.294739 1.830364 -1.787186
189.514893 133.374771 1.745915 -1.264023
189.514893 133.374771 1.745915 -4.262513
196.700989 581.635742 2.529066 -2.661573
197.676849 419.119507 1.875349 1.319672
199.111969 24.869606 1.942959 1.040134
199.111969 24.869606 1.942959 -1.906724
198.473343 157.927704 2.167107 -0.985390
202.883728 595.598816 2.223958 0.553629
204.885254 520.408875 2.062416 -0.021847
205.473846 181.095016 2.341084 -3.946487
209.628098 167.936188 2.124032 -0.825879
209.628098 167.936188 2.124032 -3.396357
212.631866 208.559494 2.076477 -1.521678
212.631866 208.559494 2.076477 -2.888680
213.744843 327.622803 1.939061 -0.197493
216.192078 189.530884 2.122641 -3.584647
217.060837 337.382416 1.949149 -1.450070
217.025818 561.028687 1.906488 -2.065955
222.230728 270.230438 1.951396 -3.377272
221.847260 555.214783 1.765482 -1.964356
227.312653 375.358978 2.052592 -4.389131
230.887985 476.949951 2.160302 -1.556853
231.960236 557.162476 1.900488 1.030886
235.092148 274.563599 2.006428 -2.978201
238.145828 389.054993 2.005099 -1.677011
239.119781 99.314217 2.161863 0.215639
239.119781 99.314217 2.161863 -2.768243
239.199753 497.327820 2.082620 -1.551085
239.912582 128.439575 2.067819 -0.042276
239.651428 491.630554 1.965424 -1.752703
241.121185 91.818153 2.171095 0.321212
241.121185 91.818153 2.171095 -2.850957
241.743774 628.825623 2.112263 -4.675780
243.374527 170.388229 2.206861 -4.552244
243.599655 83.630554 2.315519 0.291767
243.599655 83.630554 2.315519 -2.958278
244.687546 225.568527 1.846667 -2.903334
249.514893 121.541901 2.123891 -1.867682
249.733414 115.141243 1.895307 -1.782031
249.733414 115.141243 1.895307 -2.705076
250.277054 180.722107 2.042304 -2.380239
249.621002 530.057678 1.817244 0.651976
250.915512 71.875534 1.921895 -0.006091
251.451614 462.776581 2.001887 -4.480239
253.316803 33.055798 1.992311 0.161180
253.316803 33.055798 1.992311 -2.919529
253.753815 185.234558 1.847430 -2.279611
254.674011 262.212250 1.781741 -1.654499
254.463058 344.393402 2.009247 -3.087883
254.516525 214.176804 1.954579 -2.337078
257.281891 174.371323 1.805592 -3.570365
257.882843 53.632767 1.774477 0.603731
257.882843 53.632767 1.774477 -2.401768
261.006683 461.600372 1.782594 1.451368
261.006683 461.600372 1.782594 -2.123926
262.150604 109.846725 2.025712 -0.600153
262.727966 426.408630 2.350432 -2.045860
262.727966 426.408630 2.350432 -4.407493
265.509338 506.128815 1.983157 0.322376
266.827301 420.978058 1.825904 -2.036346
266.827301 420.978058 1.825904 -4.309760
267.580780 395.465729 1.901267 1.063415
269.317627 225.052979 1.952972 -3.653277
271.938812 118.316238 1.945453 -1.187693
271.537994 611.025208 2.177825 0.979875
272.132416 6.979763 1.851871 -1.368425
275.270538 143.125137 2.019304 -0.584147
277.600342 164.738144 2.004673 -0.983839
279.407654 158.885300 1.782518 -0.951224
280.252747 116.668915 1.789566 -1.736827
279.911438 279.125153 1.933433 -0.457068
281.370575 512.542847 2.108371 0.322703
281.370575 512.542847 2.108371 -1.365892
280.541473 560.716675 1.843177 -4.538432
284.131958 452.834076 2.052096 -2.033329
285.069489 129.882645 1.863841 1.239618
285.069489 129.882645 1.863841 -1.730819
286.022522 116.269630 2.040281 -1.290184
286.022522 116.269630 2.040281 -4.586925
287.502441 183.852081 2.173134 0.613787
288.230774 237.479202 2.134338 -1.271089
287.746857 242.348022 2.056995 0.386033
288.615509 507.025360 1.909633 -0.795949
288.932800 607.536743 1.808848 -4.038397
289.547668 192.228043 1.983226 -2.558016
290.133270 630.369873 1.974472 -2.968951
291.333008 225.286545 1.920655 0.281768
293.156311 256.717285 1.814058 -2.220228
293.348694 370.818420 2.209962 0.208152
292.556335 501.794464 2.204882 -0.778056
294.705566 130.140244 1.917785 1.110885
295.472809 443.821503 2.140846 -1.990383
297.123260 302.941376 2.046998 -0.949155
298.005554 121.973145 2.140265 -1.338673
298.140045 569.756653 1.966792 1.268262
298.140045 569.756653 1.966792 0.624323
298.140045 569.756653 1.966792 -0.852653
299.958679 200.981049 1.978053 -1.049043
300.728760 527.727478 2.209039 1.234028
300.728760 527.727478 2.209039 -1.208111
302.567749 621.276489 1.963643 0.154975
306.385925 423.821655 2.156044 1.522206
309.429169 342.382172 1.954702 0.318285
309.959320 501.203827 2.007862 -1.683342
309.507385 631.251892 1.870837 -4.627101
311.359497 233.298218 1.891255 1.517539
311.359497 233.298218 1.891255 -0.383416
314.552338 116.596809 2.271962 -2.486653
316.124756 422.922455 2.033793 -4.686489
316.680237 153.808380 1.988499 -3.616484
321.502411 158.111160 1.855280 1.430707
322.743347 210.822739 1.956897 -1.385907
323.549713 539.332947 1.627078 0.261551
324.532379 117.186478 1.907389 -1.773741
325.851257 362.123169 2.023475 0.826102
329.927002 279.377899 2.033419 -0.568603
331.311493 118.213852 1.951778 -1.331853
330.526794 437.235840 2.087865 -2.020758
336.310028 308.319733 2.063845 -1.514632
339.689880 69.836273 1.940014 0.564165
339.689880 69.836273 1.940014 -2.453161
339.567688 77.037613 1.999477 0.631817
340.391174 97.361359 2.133120 -1.225692
341.507996 185.563217 2.175753 1.543756
341.507996 185.563217 2.175753 -3.932725
341.858856 297.850800 2.664054 -1.461850
342.195557 387.398560 1.905393 1.295476
345.276794 54.861156 2.296207 -2.738787
345.598999 413.806122 1.907750 -2.585807
347.063995 530.259705 1.922744 -1.665369
347.704803 224.542450 2.092193 0.210984
352.441162 343.199463 1.965043 1.085715
352.655487 113.389771 2.103536 0.724096
354.089325 304.445831 1.946124 -0.876992
355.324188 145.892822 2.096424 -1.828307
354.651276 250.151840 1.870378 0.689197
357.024719 603.708740 1.923742 0.274570
359.139587 229.483582 1.921498 -2.973425
360.872620 87.991898 1.887043 -1.350053
360.872620 87.991898 1.887043 -3.741122
362.204681 121.909409 1.888029 -1.732581
361.627838 268.510895 2.197341 -3.046137
364.049713 179.701721 1.858312 -0.416181
364.829102 392.556793 1.795947 -1.684898
365.500549 578.645386 2.218458 1.457447
365.500549 578.645386 2.218458 -0.849593
368.384125 120.907608 2.114113 -1.956333
368.384125 120.907608 2.114113 -3.243478
368.105774 359.389435 1.788063 -2.153103
367.672882 612.442322 2.461392 -0.992209
368.927643 258.406799 2.449281 -2.686370
371.472076 143.190170 2.087039 -3.169222
373.224365 149.990005 2.094077 -2.791772
372.843506 363.689941 2.109682 -2.137797
374.574799 260.181274 1.999883 -2.620922
379.945831 484.671661 2.204541 -1.577742
381.291626 427.223602 1.788012 -2.562146
381.291626 427.223602 1.788012 -3.848866
381.946442 131.168991 1.921248 1.458372
382.346344 188.954147 2.048644 -3.143164
385.679382 16.846062 2.150469 -3.617831
386.855438 58.178375 1.844117 -3.041652
386.086731 345.985382 1.880949 -3.548270
386.574646 111.132172 2.306661 -0.395391
387.752838 132.349365 1.977843 -3.224662
388.066193 359.213165 1.887599 -2.649841
388.873871 172.386810 1.844244 -0.367763
388.873871 172.386810 1.844244 -1.885569
389.472595 465.895874 1.885113 -1.721978
389.975739 474.770599 1.805140 -4.436138
393.306061 166.819168 1.978943 -0.310174
393.390900 152.672348 2.213512 1.047539
394.198456 338.869141 2.010920 -3.895992
394.105988 535.167236 1.888281 -1.840067
395.233704 234.306564 2.198970 0.768917
395.233704 234.306564 2.198970 -0.293650
396.060150 389.245667 1.813939 -2.900542
398.415344 508.947723 1.960975 -1.892970
399.937439 439.866882 1.930034 -4.306951
402.586639 119.388329 2.027535 -1.957785
405.354523 303.948364 1.957428 1.070105
405.409760 250.040100 1.956265 -2.589215
408.673126 112.443459 1.939076 -2.876568
411.004059 133.121872 1.858726 -0.149862
412.191498 324.103027 2.016060 -0.750670
412.191498 324.103027 2.016060 -4.566592
413.054474 4.666045 2.265537 0.763347
413.054474 4.666045 2.265537 -4.522828
415.210602 166.214493 1.975167 -0.494536
415.510864 121.670387 2.056993 -2.345223
422.756561 255.956741 2.187876 -3.237895
425.954041 184.030502 2.053263 -2.492377
432.009399 583.044189 1.833620 -0.107213
433.476349 255.992905 1.972849 -1.873267
433.965210 575.047058 2.120563 0.181795
434.578369 384.214783 1.917821 -4.568772
435.677795 84.642868 1.710916 1.245832
437.331818 67.042717 1.902164 -1.271127
438.132324 415.782043 2.120271 -4.606209
438.980591 335.634033 1.893244 -0.000316
444.421997 27.493330 1.884128 0.069955
445.357574 532.205444 2.044722 0.265295
447.005859 132.075333 1.965213 -2.561688
450.031036 343.511444 2.054310 1.381448
451.481903 21.025860 1.870175 1.268243
453.098694 8.344432 1.973496 -2.270590
454.927521 187.058914 1.947567 -0.438606
454.563904 211.836472 2.064024 -0.866721
454.563904 211.836472 2.064024 -2.820578
455.946289 150.042099 1.970323 -1.777575
459.421173 214.062714 1.792784 -1.216307
465.228943 120.808029 1.963104 1.007732
465.228943 120.808029 1.963104 -2.061109
468.203033 236.175629 1.917285 -1.517340
471.012817 187.023605 1.894078 0.743998
472.913269 96.445793 1.821763 0.296120
472.913269 96.445793 1.821763 -3.020741
473.666016 417.195404 1.882555 1.486113
474.536621 540.379944 2.032097 -3.664042
475.728821 203.269958 1.932370 0.325102
476.061584 217.196106 1.923746 -1.347459
475.868835 288.343048 1.849740 -0.310824
6.106762 100.463997 2.619142 -1.847842
5.765585 255.024231 2.605260 -1.608051
5.765585 255.024231 2.605260 -4.517433
6.643487 479.679718 2.847122 -1.757505
7.031145 86.066940 2.503170 0.746590
7.725839 582.579102 2.503101 1.535691
9.642676 8.523926 2.789726 -2.222471
9.642676 8.523926 2.789726 -3.549780
9.551716 18.006048 2.565898 -2.250071
10.970213 112.292038 2.438393 0.790822
11.746705 160.667191 2.444794 0.890160
11.746705 160.667191 2.444794 -2.037841
11.827979 349.189545 2.509020 -0.030920
13.781009 275.414795 2.446911 -1.563313
15.978407 166.659821 2.552570 1.242480
15.753113 618.510010 2.543686 0.377062
17.128349 342.801117 2.509418 0.158141
15.712047 421.361633 1.866967 -1.643021
17.693615 478.769318 2.620361 -1.725877
20.483574 139.880280 2.789142 -0.890675
20.465614 392.952942 2.339431 -1.602341
19.629980 455.015656 2.522221 -1.380507
22.180927 247.704529 2.451496 -3.740725
24.020872 535.158447 2.464716 -2.037261
25.511744 12.478529 2.154290 1.349144
25.511744 12.478529 2.154290 -3.981162
24.797390 160.116028 2.565302 -3.720723
26.045937 65.143700 2.595401 -2.077135
25.840685 622.340271 2.360780 -2.788941
28.727270 329.413269 2.530260 1.280178
28.458275 575.466858 2.582398 1.499216
31.709723 108.079796 2.590916 -3.963592
32.282600 174.834015 2.684631 -2.944186
33.189976 163.490234 2.624295 1.525825
34.041706 371.522034 2.716612 -3.199380
35.748077 111.080978 2.496324 -4.011667
43.372173 311.010468 2.457282 -2.170156
42.987442 612.871460 2.293510 -1.714446
43.607128 429.140839 2.370514 -1.364369
45.584141 48.907593 2.481998 -2.255373
49.539352 38.654037 2.771592 -0.120084
49.539352 38.654037 2.771592 -3.466952
48.648239 85.526161 2.794046 0.155859
53.944038 302.038025 2.446674 -2.565473
56.199879 84.074165 2.720942 0.241525
56.199879 84.074165 2.720942 -3.461433
56.166065 430.380157 2.302676 1.445103
62.441917 544.407104 2.502364 -4.649521
65.233727 147.359955 2.417166 -4.635325
65.508705 241.430756 2.484587 -1.275800
64.845779 615.310364 2.775007 -4.315638
65.842796 210.134521 2.458050 1.523583
66.868752 154.771286 2.436296 -1.825852
67.790428 549.351685 2.552169 -2.226609
70.303505 109.311646 2.496668 -1.312432
70.821762 635.085327 2.457628 -1.555933
72.113419 435.941437 2.535101 1.552347
74.141319 537.651245 2.550686 1.391966
76.319221 171.920029 2.526213 -4.259384
81.267975 487.217804 2.533571 -1.830562
82.089394 458.648499 2.755084 -1.583179
84.180008 298.853058 2.823407 -1.883080
85.760529 198.344116 2.761226 -1.762725
86.083336 247.628876 2.342268 0.077332
86.083336 247.628876 2.342268 -1.236655
86.440033 470.066467 2.260161 1.347624
87.274696 556.419006 2.764032 -1.556140
89.064682 74.622986 2.361377 -0.477152
88.479042 148.788895 2.449775 -1.187222
89.231506 549.040710 2.558525 -1.464410
92.965897 162.351364 2.565195 0.268361
92.965897 162.351364 2.565195 -1.149513
93.061737 439.243530 2.858001 1.386344
94.224602 369.305267 2.755479 0.076803
98.414429 239.512848 2.910975 0.476962
99.306503 91.660133 2.412490 -1.222621
98.857864 521.204590 2.602573 -1.024578
100.192154 70.580399 2.565038 -4.530516
105.597557 137.488770 2.680309 -3.815888
108.398193 297.116058 2.578230 -2.266985
109.772034 119.822731 2.650286 -1.405856
111.053696 62.511528 2.453746 -2.105010
110.632111 370.279388 2.367476 -0.149297
111.812988 629.444214 2.769241 -1.029433
113.087173 621.942566 2.578243 -4.466487
114.042847 536.022644 2.751444 -1.301033
120.337555 531.101562 2.632378 -4.486476
121.012299 286.894897 2.604815 -1.246757
122.423019 31.954479 2.657835 0.775249
122.423019 31.954479 2.657835 -2.822294
122.817245 463.720032 2.515342 -4.708345
129.052551 247.015686 2.462768 0.580633
129.052551 247.015686 2.462768 -1.985276
129.168747 304.853729 2.486540 0.361422
129.168747 304.853729 2.486540 -3.131058
129.168747 304.853729 2.486540 -3.928244
131.348511 200.518372 2.127477 -1.216270
131.113159 236.413498 2.364950 -1.922725
134.846359 14.924801 2.841336 -0.844082
136.158585 307.878418 2.461927 -3.204802
137.847473 420.886444 2.303608 1.456127
139.825058 619.132935 2.533800 -4.061455
144.752975 206.830978 2.894511 -0.850562
146.441391 328.780731 2.437811 -0.172020
145.637650 587.281921 2.730862 -1.237881
146.476196 624.467834 2.877345 -1.877267
147.370270 606.746521 2.448622 0.919658
147.178085 632.783386 2.461574 -1.937541
148.229034 580.117615 2.708935 -1.253530
149.981781 126.763710 2.500710 -0.341474
149.981781 126.763710 2.500710 -3.073663
151.020752 238.122284 2.803602 -2.897054
150.871979 593.326111 2.543979 0.195470
151.621719 59.191528 2.558682 -3.129936
154.826401 40.950268 2.468711 -3.835494
155.812286 395.396088 2.517473 0.045851
155.812286 395.396088 2.517473 -3.232705
159.757751 29.880575 2.021926 -1.021647
158.567856 610.732910 2.508019 -1.888092
158.567856 610.732910 2.508019 -4.388754
162.810287 271.784912 2.437999 -1.381031
163.788849 251.348450 2.371279 1.509477
168.267029 236.141510 2.322218 -0.947527
171.845001 68.250992 2.717222 -3.611892
171.906357 227.608566 2.614473 -0.584698
175.423035 61.040794 2.737994 -0.393588
177.003174 288.383942 2.692572 -1.310850
177.876663 251.089203 2.490735 1.314996
181.676178 634.189270 2.774601 0.590044
188.281311 92.152351 2.678151 -0.370360
188.281311 92.152351 2.678151 -3.570618
189.333786 30.735445 2.373733 1.437037
189.333786 30.735445 2.373733 -2.195887
189.726639 214.304184 2.633747 -1.687919
189.707504 235.071793 2.415807 -1.553762
194.376495 76.779022 2.715102 -0.987516
199.273773 245.835358 2.612936 -1.017795
199.273773 245.835358 2.612936 -4.218019
199.721527 124.940727 2.739032 -0.339465
200.423477 473.669342 2.631285 1.134278
205.158981 383.939911 2.446803 1.380726
207.405258 274.187988 2.329921 0.201698
207.405258 274.187988 2.329921 -2.591249
212.666153 279.288696 2.364753 -0.033364
213.848969 216.093643 2.480223 -3.797815
215.048248 201.359512 2.512417 -3.283014
218.093094 230.784805 2.670276 -3.152939
218.090927 380.382568 2.540709 1.037101
218.254395 500.439606 2.493767 -1.528885
217.900284 540.089722 2.661421 -4.139587
219.495163 244.405807 2.499017 -1.242228
219.495163 244.405807 2.499017 -3.316640
219.226669 276.152191 2.386722 -3.355507
219.006744 287.624847 2.629241 -3.294056
223.414505 100.589317 2.729613 -0.687337
223.414505 100.589317 2.729613 -3.707097
225.764389 343.797180 2.660639 -1.902007
230.486633 459.914368 2.449752 1.006426
231.451553 100.887238 2.878506 -0.724135
231.451553 100.887238 2.878506 -2.552887
240.412964 145.979187 2.413076 -0.427473
240.412964 145.979187 2.413076 -3.261668
241.043076 182.931686 2.584745 0.141834
241.043076 182.931686 2.584745 -1.499317
240.479584 251.416275 2.440730 -3.127424
243.572830 83.619431 2.256797 0.333047
243.572830 83.619431 2.256797 -2.979379
242.820236 413.950653 2.368359 -4.609711
244.116898 203.596375 2.422725 0.661216
244.331924 549.900146 3.026289 0.580009
245.580246 73.994118 2.775091 0.078758
245.580246 73.994118 2.775091 -3.116140
246.414398 301.434296 2.276407 -0.304383
246.414398 301.434296 2.276407 -3.705752
247.351501 256.557495 2.822871 -2.918687
248.021729 63.094418 2.806709 0.426790
248.021729 63.094418 2.806709 -2.963572
249.180374 24.115757 2.564983 -4.190919
250.849899 179.081131 2.554340 -2.420955
250.677429 486.845398 2.509777 -2.034250
252.392105 498.502411 2.782587 -1.673513
253.716232 232.118088 2.558434 0.456301
259.523071 4.572938 2.600348 -1.616764
260.055206 26.481127 2.596517 1.054064
261.498566 618.855591 2.788897 -1.428887
268.558197 581.064148 2.538248 -2.490605
274.073853 180.524307 2.378014 0.212699
274.073853 180.524307 2.378014 -2.351802
273.749603 503.207336 2.660321 0.326748
277.126648 390.045532 2.421119 1.105796
277.034271 630.979614 2.367262 1.476846
278.529694 206.018631 2.908769 -1.183283
279.581970 151.945236 2.405687 -0.478044
280.842407 246.454453 2.698763 -0.016328
281.486511 367.656189 2.593751 -2.999516
281.525269 196.206268 2.292465 0.294009
288.112061 196.783829 2.318854 -2.466063
289.786438 325.711609 2.622414 -0.396879
294.917328 249.146667 2.390069 0.520679
295.115814 577.189880 2.682735 0.566488
298.855103 344.327759 2.467981 0.061061
301.100891 511.721466 2.445673 -1.500631
302.042450 149.532761 2.663153 0.316927
302.042450 149.532761 2.663153 0.316927
305.023132 197.256210 2.685124 -1.008988
305.875580 139.159424 2.567569 0.272395
305.764526 247.142960 2.377062 1.271048
305.764526 247.142960 2.377062 -0.915785
306.251465 612.418457 2.367572 0.187682
307.923340 129.170761 2.768814 0.219790
310.068787 550.391113 2.651766 -2.653589
310.609528 362.569885 3.011039 -0.084644
312.501373 226.967773 2.429931 1.152395
314.818848 556.749390 2.594242 -2.729111
317.052887 260.466797 2.310985 -0.410394
318.599213 253.389114 2.757642 -0.531587
319.126251 339.012390 2.651664 0.615705
319.371368 513.177185 2.562684 -2.869879
319.910919 147.639954 2.790992 -1.432957
319.910919 147.639954 2.790992 -3.519552
323.269348 229.956696 2.521217 1.126588
324.044037 174.373947 2.562522 -3.501555
326.698883 335.297272 2.819538 0.189131
327.134125 88.419754 2.427217 -2.855395
331.173096 419.962616 2.817115 0.795944
332.510590 365.444489 2.460957 -1.730688
332.984192 183.292618 2.458844 -4.097357
336.194061 101.880096 2.825208 -1.265088
336.194061 101.880096 2.825208 -3.416951
335.954987 347.090698 2.347100 0.502777
337.294159 276.676453 2.419803 -0.604952
341.476196 227.930862 2.535489 0.452014
340.781311 351.597321 2.403247 0.482082
340.781311 351.597321 2.403247 -0.661179
343.247986 174.793030 2.655544 0.173496
342.603577 219.208252 3.433674 -1.512333
347.115143 111.910439 1.947142 0.929017
347.115143 111.910439 1.947142 -4.444222
347.927460 26.258490 2.369046 0.495374
347.927460 26.258490 2.369046 -3.162749
349.395142 187.530746 2.442879 -4.171483
350.639404 58.084450 2.401942 0.917595
350.639404 58.084450 2.401942 -3.403160
351.085266 387.369629 2.464317 0.742959
353.634430 336.868744 2.539562 0.899304
355.058868 21.842777 2.247933 0.638062
358.616119 61.064140 2.850333 -3.469103
357.542755 103.969147 2.607563 -1.436435
361.369873 16.002930 2.498916 -1.536630
362.816589 214.982727 2.578178 -2.074783
365.124207 140.725082 2.399725 -3.354219
365.981506 26.863785 2.528584 0.725592
365.981506 26.863785 2.528584 -2.785845
366.446289 231.312973 2.645010 -3.261702
366.446289 231.312973 2.645010 -4.334104
368.158997 174.163834 2.626499 -3.451009
368.411499 259.098785 2.388744 -2.722164
367.986572 495.793091 2.695808 -4.661800
370.508331 47.962692 2.697445 -2.935520
369.479645 327.690765 2.341292 -4.192601
371.586243 7.705228 2.838702 -2.384202
371.586243 7.705228 2.838702 -3.339917
371.586243 7.705228 2.838702 -4.224793
373.313782 88.250809 2.603528 -3.729263
377.352448 336.898529 2.702902 -4.274382
377.512665 475.150574 2.269855 -4.351043
380.317566 263.898865 2.467033 -2.793967
380.194244 343.202393 2.284263 -4.336891
381.233215 603.747498 2.561074 -2.535581
382.944427 40.743347 2.586939 -2.048768
383.926788 140.839935 2.768130 -2.358795
386.340546 281.446320 2.573552 -3.122690
386.742218 385.597687 2.685012 -3.668208
389.931671 572.286255 2.289413 -1.059630
390.943024 7.104380 2.386130 -4.416894
392.945404 14.339293 2.384530 -2.803471
395.329498 289.415710 2.575285 -2.977452
396.887177 311.795227 2.765272 -3.364310
399.192993 196.846481 2.586740 -2.186310
400.248718 63.501633 2.320887 -4.229157
402.868988 238.789902 2.489913 -3.909868
412.802277 41.648987 2.509081 -0.580717
413.908295 229.703354 2.533988 -2.952252
413.908295 229.703354 2.533988 -4.169108
414.009857 299.963867 2.492129 -0.615144
415.643921 403.979767 2.863269 -3.935633
418.021637 19.036116 2.491454 0.353560
417.509277 293.280090 2.374254 -3.258989
418.645081 200.831390 2.504979 -0.198610
418.645081 200.831390 2.504979 -3.318880
419.779755 434.941315 2.297870 -0.542991
421.485138 349.048950 2.859546 -3.208221
424.887756 296.908447 2.478520 -3.211941
425.068298 134.685501 2.790238 -0.082706
425.068298 134.685501 2.790238 -3.796598
430.313385 512.066467 2.409843 -1.342173
431.907562 22.146416 2.315306 0.888825
432.569580 229.009155 2.777855 -0.976853
432.879944 248.426926 2.584337 0.862538
436.564423 388.739868 1.981499 -4.528882
436.319824 267.561279 2.323917 0.746427
437.273804 27.052752 2.574837 0.965718
437.273804 27.052752 2.574837 -1.999728
436.975952 450.549561 2.492541 0.900041
436.975952 450.549561 2.492541 -4.320480
444.592743 497.136597 2.693044 -3.554612
447.470581 235.941483 2.797478 -4.644279
447.299713 432.691162 2.291187 -3.977391
452.488861 200.600403 2.280567 -2.353920
451.513336 319.818970 2.560745 -1.097199
451.513336 319.818970 2.560745 -4.355304
455.944946 178.632935 2.779397 -2.508853
459.410126 422.299927 2.576240 -4.674510
460.784546 54.442551 2.379851 1.142746
464.590424 381.354004 2.641964 0.355507
473.021240 165.342606 2.855030 -1.250831
474.115356 137.677368 2.748304 1.389591
473.603058 334.553528 2.728477 0.802489
473.831635 466.233246 2.712477 -3.952629
7.875789 217.212311 3.168284 -2.609061
9.492041 50.280178 3.112549 -1.564427
12.017225 225.691330 3.220584 -2.497466
17.114489 217.834442 3.226094 -2.663432
27.285547 200.238861 3.490569 -1.178256
33.323627 456.531281 2.951981 -1.367287
35.205231 278.489136 3.056529 -1.550605
35.658611 55.579670 2.976327 -3.424109
37.037975 623.572693 3.397300 -1.554516
37.037975 623.572693 3.397300 -3.032825
37.037975 623.572693 3.397300 -4.697292
39.054710 193.914810 3.341681 -3.018246
46.353569 578.851318 3.360594 -1.847279
47.234406 590.364746 3.037200 0.921240
47.234406 590.364746 3.037200 -1.839539
47.474838 153.060211 2.931998 -3.186230
48.497349 190.430573 3.386268 -3.235650
48.601292 93.609581 3.151296 -0.113160
50.857239 53.316048 3.122369 -0.003345
56.979271 326.982819 3.153482 0.267968
59.667961 97.867851 3.313919 -1.078671
60.898029 494.576630 3.373255 -1.641692
65.630348 30.386774 3.369929 -0.020712
67.412895 36.591339 3.011138 -0.449533
68.018959 162.294708 3.251572 -1.921655
70.002182 101.968605 3.092291 -1.289415
70.002182 101.968605 3.092291 -4.239829
71.079308 110.422096 3.091540 -1.274969
70.683914 491.999298 3.331674 -1.778601
74.290405 30.153685 3.207286 -0.109065
81.062386 230.538666 3.554584 1.324906
85.242371 168.957108 3.581641 -4.175483
92.990166 349.080292 3.136459 0.148768
95.230148 209.629379 3.166907 -1.187210
95.234581 295.631958 3.195763 -1.185361
95.234581 295.631958 3.195763 -1.618842
97.982910 142.781158 3.116983 -1.631954
97.982910 142.781158 3.116983 -4.190229
103.228973 59.599068 3.408143 -0.797580
103.228973 59.599068 3.408143 -1.971229
102.918419 371.910706 3.176346 0.001622
104.073402 565.543945 2.900361 -1.173912
104.073402 565.543945 2.900361 -4.708976
111.120720 519.646301 2.924555 -0.724325
110.622749 601.466553 3.596372 -2.767597
113.764809 74.334579 3.197149 -4.463431
116.548157 184.497070 3.394694 -0.653929
115.755424 507.230774 3.168464 -1.934099
117.704865 105.124435 3.434306 0.043378
119.804070 84.968132 3.385998 1.510716
119.804070 84.968132 3.385998 -1.289449
119.954185 122.534546 3.592648 -0.427822
119.707886 300.200623 3.124014 0.541448
126.019745 376.970520 3.089485 1.338190
126.019745 376.970520 3.089485 -0.647788
126.019745 376.970520 3.089485 -1.856216
127.190292 341.056732 3.330980 1.325629
128.169250 157.076080 2.912823 0.683661
129.263641 118.669075 3.447240 -0.483952
132.097702 327.537292 3.539822 -1.779432
135.388138 463.359100 2.825974 1.494127
144.022675 233.157547 2.986246 -2.989836
143.484161 357.155487 3.368744 0.071587
145.983871 27.186855 3.018082 -4.412236
146.922302 342.269714 2.944842 -0.049184
148.215118 36.404125 3.296240 -4.190657
147.065704 624.535095 2.925769 -1.876773
151.199783 196.466507 3.444325 0.167316
151.199783 196.466507 3.444325 -2.680156
153.238907 133.117828 3.099250 0.674870
153.238907 133.117828 3.099250 -0.799578
154.476852 335.538452 3.352900 -0.144863
154.476852 335.538452 3.352900 -3.074999
156.276245 436.634003 3.114516 -0.070681
156.276245 436.634003 3.114516 -3.053973
157.416214 15.009340 3.001950 -3.013135
161.965683 512.568237 3.014407 1.080284
163.782303 37.991001 3.430010 -0.680401
163.782303 37.991001 3.430010 -3.744257
169.413391 44.512318 3.396994 -0.406192
172.490234 73.522690 3.172013 -3.313086
173.829285 335.459229 3.495463 -0.015203
179.864487 69.040833 3.042953 -0.625563
179.864487 69.040833 3.042953 -3.396749
179.955597 222.067688 3.024937 -1.738980
180.769150 267.317139 3.270204 0.037050
181.852188 78.939629 3.197748 -3.767986
182.425964 457.321045 3.019047 1.541950
183.299774 241.763077 2.971040 -1.922908
193.358551 251.981232 3.023295 -4.450371
195.110046 582.616211 3.534696 -2.561898
197.588593 144.733414 3.180298 -3.807380
198.286591 464.385529 3.242406 1.431631
204.359497 239.070999 3.234903 -0.996050
217.806046 630.516724 3.376381 1.512421
217.299637 359.720215 3.536320 0.205371
225.433075 385.718353 3.196971 -2.306575
231.618088 100.284103 2.993154 -0.811641
231.618088 100.284103 2.993154 -2.445081
231.916733 178.596375 3.245201 0.164253
235.899536 206.509979 3.219692 0.621020
236.068176 503.518616 3.372140 -1.567846
237.188568 524.736328 3.455749 -0.231238
247.184052 6.949237 3.223945 -1.958884
246.743607 133.412369 3.079236 -2.969713
249.722824 597.978027 2.898822 -1.781068
251.146835 606.602234 3.130233 -1.735196
252.350693 450.726654 3.088025 0.968536
254.962433 299.832581 3.117675 -3.194612
258.178925 427.526917 3.111468 -1.721448
257.940002 479.596313 3.007855 -2.319642
267.108093 377.363495 3.066512 -3.676877
269.325378 233.780624 3.156671 -2.632541
271.843506 309.449158 2.981566 -1.011889
271.843506 309.449158 2.981566 -2.412786
277.777069 497.519287 3.460325 0.518853
282.342285 226.188110 3.055197 0.197806
282.954895 123.312355 2.999908 1.307649
282.954895 123.312355 2.999908 -1.257896
286.007721 214.835159 3.335772 0.785826
298.589783 234.471268 3.731199 0.995853
298.589783 234.471268 3.731199 -2.357289
297.990143 336.083221 3.292715 0.030341
298.221649 347.022736 3.092470 0.058341
299.048615 159.430496 3.284841 0.623168
299.048615 159.430496 3.284841 -2.383272
303.640472 368.681580 3.377032 -0.157722
305.508209 483.044006 2.789647 1.224489
305.508209 483.044006 2.789647 -1.408165
305.605133 519.411072 3.199713 -1.370005
314.677704 586.805420 3.003684 0.251951
324.175110 218.000061 3.534626 -1.240694
323.747894 349.025696 3.293622 0.437156
323.747894 349.025696 3.293622 -0.279530
326.216125 359.539429 3.358046 -1.512239
333.938538 126.173515 3.297399 -4.026716
334.677063 510.545380 3.441770 0.115464
335.447601 399.791351 3.547583 -1.743764
340.809601 117.726074 3.319586 -1.447453
340.809601 117.726074 3.319586 -4.317148
340.445190 150.252548 3.508762 -1.573503
346.095795 400.786255 2.883765 -0.332193
346.095795 400.786255 2.883765 -1.642064
346.250244 321.540497 3.138399 -0.801028
347.548828 126.261803 3.290325 0.993787
347.548828 126.261803 3.290325 -1.529738
353.485992 535.525085 3.300972 -0.989082
353.563354 507.941833 3.264302 -1.576265
356.544128 23.308275 3.195575 0.774579
356.544128 23.308275 3.195575 -3.160181
358.605865 61.116516 2.813674 -3.501557
361.216919 7.116480 3.310452 -0.136108
361.216919 7.116480 3.310452 -2.698081
362.094452 155.208817 3.379583 -3.477253
362.846741 52.714809 3.154497 -2.794023
363.263947 79.985062 3.520122 -3.824792
363.059601 89.780952 2.908638 -3.738691
365.868927 101.669601 3.117984 -2.878073
366.698120 167.426392 3.686075 -3.342610
371.608673 619.607300 3.314122 -1.433005
373.668610 311.281799 3.421364 -2.549364
375.531799 170.657288 3.358666 -3.471813
375.393005 244.121780 2.925261 -3.133277
379.214691 533.928833 3.136082 -3.528779
383.495117 384.642395 4.151912 -1.766175
383.495117 384.642395 4.151912 -3.476728
388.512360 125.088631 3.422730 -4.184803
390.458099 422.201508 3.106601 -0.684371
390.742920 23.155201 3.250068 -3.464164
394.698639 256.342346 3.216485 -2.262280
396.432739 406.109985 2.914922 1.410929
399.516663 136.244522 3.343978 -2.768750
401.699005 635.616943 2.858455 1.534408
408.525696 105.417328 2.966368 -4.209539
410.673492 273.119049 3.098820 0.441522
412.120209 155.124207 2.953017 -3.899990
420.798706 48.534710 3.014344 -1.287152
421.233551 162.888779 3.067241 -2.593540
421.233551 162.888779 3.067241 -4.046361
420.636505 376.117401 2.998909 0.551516
420.636505 376.117401 2.998909 -3.050459
421.567902 153.537125 3.175339 -4.138038
422.009003 419.149750 3.542199 -4.071310
422.722748 249.992798 2.946529 -3.334479
423.954834 286.456757 3.305626 -2.994151
424.559662 465.842133 3.137804 -4.020670
428.328369 472.798584 3.120998 -3.789245
428.135010 552.784668 2.963460 -1.637293
436.768982 51.864010 3.280772 1.269508
437.807831 143.275208 3.004352 -1.251367
441.060760 124.697197 3.376512 1.432413
441.560608 244.931122 3.175054 1.126713
441.560608 244.931122 3.175054 -2.166754
445.224854 22.190950 2.969756 0.955166
444.723236 171.653534 3.367229 1.031571
444.723236 171.653534 3.367229 -1.277627
444.723236 171.653534 3.367229 -3.985530
446.523712 252.061279 3.072080 -2.144363
447.749664 109.841217 3.210410 -3.909251
448.093292 552.640869 3.110195 -1.558742
451.451538 29.145771 3.060603 -1.025345
451.451538 29.145771 3.060603 -2.265606
454.440979 226.316330 3.019919 -1.580695
454.532745 356.474579 3.434109 -1.398216
454.858398 305.817505 2.923732 -4.031479
457.612183 235.517365 2.946517 -2.292370
460.975983 348.634003 2.797457 -1.507202
460.975983 348.634003 2.797457 -4.373108
463.747620 600.494324 3.000155 -1.053740
465.680939 316.457367 3.342831 -3.692829
468.234283 269.800629 2.997063 -2.471081
469.236725 147.863937 3.178224 0.606460
469.944824 402.349854 2.766285 -1.149981
472.662384 325.800873 3.079391 0.399352
473.332947 380.713989 3.049468 1.412107
474.883453 361.103058 2.904744 -1.455448
6.604129 203.310532 3.990549 -2.109790
8.642015 378.766296 4.552020 -0.096985
9.351563 513.648010 3.762147 -1.726970
16.202991 469.888367 4.045916 -1.634854
17.080021 87.823112 4.601407 -1.675805
17.080021 87.823112 4.601407 -4.392118
21.209230 374.547791 4.469880 -0.110182
25.991529 131.964737 3.973875 -0.694880
25.991529 131.964737 3.973875 -2.396623
26.831432 260.072662 3.868248 -2.564917
26.831432 260.072662 3.868248 -4.200204
30.082628 41.954308 4.255238 -2.664818
30.082628 41.954308 4.255238 -4.118471
35.277386 140.391541 3.749413 -2.488124
34.882000 353.496277 3.994658 -3.115122
55.149876 288.853027 3.967808 -0.385938
72.426231 480.798096 4.080128 1.409122
73.492592 503.910126 4.437726 -1.715825
78.822639 231.046967 3.836035 -3.287877
78.831955 326.545288 3.785387 -3.340222
84.273445 602.719238 3.908457 -0.389432
96.959343 173.754684 4.578539 -0.353593
96.959343 173.754684 4.578539 -3.797620
103.619751 590.791565 3.617099 -2.809544
104.981682 14.165655 4.061285 -1.083525
106.327698 25.786804 3.970937 -0.992595
106.327698 25.786804 3.970937 -4.506128
108.698402 110.828476 4.149580 -1.388797
115.154655 575.609375 3.803783 -1.394760
120.505173 608.458801 3.645396 -4.595904
124.441452 219.456024 4.092491 0.402573
141.609039 158.123917 5.235844 0.872621
139.437637 133.936172 4.267618 -1.420244
142.785294 386.560425 4.189526 1.562849
158.931686 141.586319 3.758028 0.036180
167.098923 467.831329 4.529686 1.279909
171.844147 518.208618 4.181938 -1.620784
201.558701 135.958267 3.868399 -0.434700
201.038239 594.731628 4.062152 0.566630
215.289062 221.035233 3.892723 -3.540730
216.312012 359.772339 3.837025 0.271628
220.785538 294.614655 4.169921 -3.267095
223.785599 163.087036 3.918186 -2.909296
222.819611 563.666626 4.185249 0.608813
226.346634 223.755798 4.011544 0.072752
226.346634 223.755798 4.011544 -3.357706
233.004822 111.254692 4.073444 -3.458410
233.885468 168.624512 4.147100 -2.760142
236.838470 227.942719 3.945596 -0.126474
236.838470 227.942719 3.945596 -2.469929
239.128479 542.593567 4.217537 0.584262
242.093277 585.116272 3.964165 0.663595
245.061600 110.470604 4.349952 -0.013606
245.061600 110.470604 4.349952 -2.175098
244.918869 193.479553 4.347575 0.881781
244.619156 429.857971 4.455389 -1.817658
246.806656 615.461182 3.876022 -1.553176
257.786957 381.471649 3.979319 -1.236379
257.786957 381.471649 3.979319 -3.745761
259.323608 393.095276 3.788546 -1.455984
261.069977 530.935364 4.239830 0.539272
264.117859 583.028137 3.831861 -2.674561
277.451508 499.335205 3.972373 0.436076
281.231201 221.909470 3.992465 0.375277
288.422333 268.059570 4.476376 -1.191414
288.616333 171.803574 4.307644 0.673842
291.307434 225.192642 3.750215 0.359329
299.180054 180.987900 3.745536 0.723019
299.177643 234.153320 3.789253 0.595982
306.747192 125.912590 4.396964 0.245145
308.944427 616.201172 4.199991 0.032571
310.850922 151.518066 3.821240 0.189938
325.101013 265.120239 4.133524 -0.618382
329.085205 391.203064 4.388530 1.516175
330.396973 163.231552 3.586015 1.335901
334.298004 400.941528 3.888846 -1.675908
340.193756 150.159805 3.348493 -1.535839
340.085632 221.317398 4.489659 -1.493923
343.692383 11.271294 3.807912 -3.003273
343.692383 11.271294 3.807912 -4.358381
341.919189 412.226837 4.280534 0.330922
346.201080 159.326431 3.658086 1.130375
350.927368 356.207214 4.232320 -0.648053
357.734650 616.142822 4.000638 -1.649888
358.863190 526.703979 3.903227 -1.068227
365.951630 118.213966 3.906451 -3.056769
365.772552 217.435745 4.413274 -2.258393
373.718506 182.714981 4.148674 -3.357089
374.355316 110.713478 4.153898 -3.027844
384.417908 357.050659 4.349891 -2.873483
387.028290 278.550201 3.832915 -3.022888
389.084412 422.553040 3.655937 -0.774155
395.827576 148.610794 3.909328 1.165284
411.412170 171.618896 3.711244 -2.183116
413.041504 462.899963 4.248374 -4.289753
417.548889 548.925781 4.085387 -1.537506
438.169800 208.274643 4.403226 -0.614263
453.879181 357.722321 3.966224 -1.336575
456.159271 72.788460 3.909474 -1.038286
466.372803 130.643280 3.831553 0.902513
464.032867 624.927551 3.717207 -1.527415
467.457855 7.978060 4.452932 -3.077918
467.448486 108.300278 4.199153 -0.080766
471.225983 252.790909 3.983161 -3.348878
470.801392 414.815704 4.088123 1.543780
473.428162 349.376770 3.743958 -1.023202
473.428162 349.376770 3.743958 -3.223650
2.202758 65.012718 4.982089 -2.079164
6.911213 78.033684 5.264803 1.422220
6.911213 78.033684 5.264803 -2.014361
9.932885 365.541016 4.639684 -0.145837
16.236521 40.498981 4.576654 1.328330
20.161680 587.061462 5.315470 -1.935523
22.027113 356.454559 5.503697 -0.095813
22.027113 356.454559 5.503697 -3.137487
38.885162 521.547058 5.309093 -1.726016
54.384941 287.998474 4.105206 -0.428463
53.235432 229.057434 5.406966 -0.241708
52.516663 331.610168 4.847216 0.125997
66.280701 330.986389 5.210862 0.225961
82.186356 53.246845 5.704115 -0.873386
86.040314 186.135300 4.606368 -2.520703
91.829163 6.403671 5.477901 -0.827691
90.965981 544.281616 5.160529 -1.463144
94.126839 95.760048 5.458129 -1.014469
96.498978 500.910034 5.585762 -1.630994
103.393837 82.809380 5.246945 -1.187684
109.303024 69.903061 4.814451 -4.566359
108.233307 220.997894 5.741395 0.459086
114.503319 427.664215 4.519234 1.403811
114.020638 97.537308 5.754287 -0.066460
114.020638 97.537308 5.754287 -1.275728
127.543259 268.893890 4.729328 -0.977665
131.423523 504.793701 4.766183 -1.738480
141.000809 592.859985 5.466156 -1.750083
142.477875 289.637177 4.808086 -0.618020
144.576691 436.499756 5.364835 -1.980565
147.333511 144.740463 5.057997 1.113323
147.333511 144.740463 5.057997 -0.035415
147.333511 144.740463 5.057997 -1.461671
169.027817 382.450287 5.133529 1.536509
172.753296 531.575256 5.317939 1.462360
182.422821 548.815613 5.614536 -1.350090
206.347992 189.690964 5.542724 -3.615937
214.716522 177.692581 5.434222 -3.649947
232.706146 300.839233 5.265991 -3.251623
234.990784 155.306274 4.895974 -2.910708
235.699127 460.626465 5.153124 1.062153
246.067108 239.851334 5.526144 -2.215733
255.117432 220.184082 5.113346 -2.507004
257.634918 199.959763 4.787118 -2.557793
262.762787 184.105103 5.083375 -3.335758
264.201111 170.196320 5.531209 -2.964410
264.843964 410.776093 4.645628 1.160134
270.716400 202.066147 4.662060 -2.744351
273.810150 107.367790 4.988123 -0.981272
271.962585 192.057343 4.918942 -0.077195
271.962585 192.057343 4.918942 -3.345401
281.203949 552.795837 5.305775 -0.916089
281.203949 552.795837 5.305775 -4.685895
316.123505 368.591980 4.824321 -0.209677
325.842346 151.608078 5.149596 -1.543448
346.140533 93.086685 5.238163 -1.500848
345.391937 106.632233 4.879959 -1.501788
348.127563 309.138031 4.793967 -1.104911
350.663544 70.293526 5.091707 -3.706308
352.798462 136.210022 4.709071 -1.718154
352.798462 136.210022 4.709071 -3.407110
357.768707 181.939392 5.395305 -4.462757
365.379486 243.469833 4.881110 -3.225309
368.721008 130.658463 4.515705 -3.296471
369.616028 274.262360 4.966665 -3.246858
372.582672 397.635101 5.524607 -1.703725
372.906342 440.145874 5.149815 -3.992696
377.559113 479.676117 5.201565 -1.885246
377.559113 479.676117 5.201565 -3.970430
381.917725 31.263401 5.264296 -2.350400
394.475891 335.914520 3.782357 -4.060894
411.461639 591.632935 5.161194 -2.099041
430.546387 174.151886 4.576929 -2.172966
432.686157 342.887878 5.618413 -3.363797
436.629456 207.849457 4.896738 -0.557845
447.504517 230.013382 5.416755 -1.441760
453.720612 116.266922 5.316336 0.869804
453.720612 116.266922 5.316336 -4.034676
458.034790 424.846222 4.599574 -4.671676
462.888794 62.177296 4.509109 1.087709
462.888794 62.177296 4.509109 -2.083486
467.834076 197.468628 5.390503 0.439315
470.437317 240.600006 5.109523 -1.170543
12.098922 296.023468 7.072506 -1.676548
15.595705 327.931580 6.623343 1.172962
17.620117 181.125717 6.651576 -1.857711
44.729855 26.872623 5.787380 -3.061916
44.979904 137.376328 6.481134 -2.781131
56.319431 391.994843 6.885825 1.354596
58.448368 552.766907 6.657563 -2.290462
65.186661 610.985718 6.267277 -1.785970
74.258095 201.149139 6.134023 -1.401630
80.831985 33.839561 6.446912 -0.735066
80.057762 160.016068 5.875950 -4.528096
83.007805 263.389160 6.955208 -1.230948
101.838707 191.161484 6.743230 -0.582201
111.376106 383.611908 6.263524 1.352492
124.240585 229.598877 7.132671 0.398288
124.240585 229.598877 7.132671 -1.204369
129.100403 147.487579 6.246367 1.036302
139.657211 353.101990 5.942080 0.091519
178.467209 17.682167 7.192660 0.018942
178.467209 17.682167 7.192660 -1.755401
181.627563 564.965149 5.749624 -1.303238
183.338806 76.157936 5.998942 -0.757668
183.338806 76.157936 5.998942 -3.832165
185.649277 119.638557 5.544659 -3.080100
185.241119 409.554779 6.842325 1.356382
198.057938 209.658173 5.328773 -1.893271
196.877090 331.188690 6.650611 -0.294040
196.877090 331.188690 6.650611 -1.379469
209.475204 406.144348 6.952603 1.382826
225.617920 210.425842 6.586299 0.592948
225.617920 210.425842 6.586299 -3.286405
223.924561 257.674530 7.102039 -1.907685
223.924561 257.674530 7.102039 -3.581989
230.485672 86.983864 6.076169 -1.210837
230.485672 86.983864 6.076169 -3.108319
259.643494 15.587487 6.422810 0.894317
259.643494 15.587487 6.422810 -1.692486
274.894592 243.310806 6.944315 -0.273573
278.382202 587.895203 5.959191 -2.756792
287.686005 142.972794 6.429877 -0.221958
288.792908 461.431183 6.849992 0.554055
300.991486 292.512146 5.891395 -0.553425
321.323425 133.674805 6.359879 0.144581
321.323425 133.674805 6.359879 -1.573424
338.731781 523.525330 5.871897 0.052362
344.655182 374.953217 6.836477 -0.311557
364.586365 574.612671 7.045008 1.551463
378.780762 159.825943 6.371804 -3.313595
386.696442 181.870926 6.004743 -3.216604
401.610352 162.202774 5.689706 1.385653
401.610352 162.202774 5.689706 -1.918311
402.668335 142.961716 6.082849 1.461041
406.286377 411.858551 5.686206 -3.932218
411.366180 395.372742 6.041873 -3.761311
424.906158 478.313538 6.466523 -4.130841
428.527039 265.813599 5.897128 -3.257557
432.652252 341.801361 5.770939 -3.407011
445.152222 45.303631 7.339105 -1.481728
445.152222 45.303631 7.339105 -1.481728
453.439789 363.419891 6.436627 -1.156395
12.018473 296.275146 7.203589 -1.638657
42.010441 105.424446 8.301596 -0.934304
45.718246 52.886845 8.204404 -2.840956
49.923603 171.941788 7.703350 -3.307657
75.596222 85.119850 7.612461 -0.574501
85.880386 265.707703 8.413263 -1.238894
82.932281 425.939423 7.924951 1.316569
113.827835 441.951813 8.089457 -1.727262
134.253387 64.988518 8.388006 -0.283147
134.253387 64.988518 8.388006 -3.201665
133.803284 110.248688 8.201396 -0.349673
152.709763 275.254242 7.369177 -0.821848
155.765457 454.319336 7.579543 -1.861627
159.080002 413.929993 8.541107 1.254785
169.404221 210.232178 8.254396 -1.168155
170.891388 97.864861 8.891908 -3.889235
174.819931 431.712402 8.166942 -1.448254
192.558594 55.654190 8.127924 -0.544305
191.989716 230.347443 8.329523 -1.692608
196.914749 426.468018 7.875961 1.316275
196.914749 426.468018 7.875961 -1.548777
211.317230 348.948181 8.221390 -1.536723
228.582962 199.318359 8.929387 -3.267974
240.993912 396.371582 9.111364 1.464128
264.655212 533.847046 7.819121 0.465816
273.169678 481.151886 8.095134 0.441168
297.400574 397.698578 8.607464 1.203454
308.612885 214.917770 8.808061 -0.850291
319.836243 411.046814 7.255759 -1.855326
359.721649 163.026505 7.693553 -3.358000
366.424957 296.097961 7.425539 -3.163718
368.088196 197.177307 7.585073 -2.697263
371.405670 540.650879 7.426450 -1.655542
379.693939 159.524246 6.967496 -3.339696
380.984894 610.952026 8.384975 -1.603298
398.419220 369.461914 8.214519 -3.076923
424.376648 401.982758 9.268686 -3.930648
437.162628 153.472519 7.732372 -3.730948
450.711151 576.367737 7.527758 -4.429640
453.716064 154.742798 8.401255 -0.174909
79.211853 123.492081 8.278923 -0.984337
83.785316 520.520264 11.385723 -1.643263
89.033043 316.236694 11.051032 -1.545853
128.903717 183.202637 11.368567 -0.804542
129.314804 339.717773 10.433399 -0.407240
139.757675 557.989746 9.431092 -1.858740
171.991180 105.615425 10.520414 -4.006167
173.652496 298.698364 9.751137 -0.552937
200.378204 546.072998 9.267975 0.613940
200.378204 546.072998 9.267975 -0.933895
207.258698 483.799438 11.196884 -1.446605
230.434479 424.491211 10.056149 1.469219
236.172897 277.551575 9.580010 -3.237771
263.559967 128.513428 11.004148 -1.082904
317.425171 280.909180 9.381917 -0.527333
358.798859 87.101509 11.312693 -3.277688
376.123901 62.917278 10.291148 -3.271603
441.109650 365.739746 9.254640 -3.294517
452.418030 463.961792 10.662066 -4.116882
105.146484 208.045197 13.769936 -0.836100
130.482605 48.357529 13.440145 -0.486559
182.890656 367.172882 14.159936 1.551455
187.384262 513.061157 13.403214 -1.343534
273.942535 172.494720 14.279780 -0.517642
287.879333 371.418518 12.736223 1.209843
315.598846 189.187881 11.466493 -0.635282
388.041595 317.389374 12.702920 -3.289317
238.255905 520.141785 17.497137 0.421475
259.218597 133.402924 13.909816 -1.056181
368.468628 361.895782 16.292463 -3.244744
369.212189 473.767853 16.790674 -3.880787
438.405029 451.680573 16.924608 -4.203175
56.877552 55.683178 21.689602 -0.242512
69.075890 369.333191 18.973082 1.270942
113.106636 42.193260 19.404427 -0.241220
339.412537 190.782822 24.202272 -3.080499
344.888092 263.282349 20.474638 -0.466893
344.888092 263.282349 20.474638 -3.123721
388.923615 590.455261 18.655321 -1.827405
401.085938 214.293304 21.618723 -3.021749
402.860291 294.704865 21.061344 -3.204986
165.994263 187.214279 26.674347 -0.901751
247.680237 595.160950 25.643290 0.351516
256.224121 159.543045 27.535606 -1.079875
256.224121 159.543045 27.535606 -2.424603
432.689758 383.290039 25.158834 -3.327814
59.673927 107.352913 35.515743 -0.328833
101.936523 428.383972 31.156569 1.211617
242.453201 615.790771 33.293209 0.253076
279.888763 315.669220 33.043610 -0.541498
413.293823 74.462914 34.343525 -3.071384
165.427887 558.253479 48.649925 -0.048039
