121 1026
127 1146
240 474
249 2
257 479
262 488
263 21
264 483
265 15
266 23
267 12
268 30
269 29
272 10
273 11
276 487
279 500
280 24
283 494
285 48
286 489
287 499
288 22
289 49
294 491
295 498
300 33
302 36
305 65
306 66
307 67
309 502
310 46
312 510
317 81
323 64
324 82
325 513
327 61
331 528
332 518
333 69
335 95
336 544
341 102
343 107
344 89
345 90
347 97
348 98
349 112
350 105
353 106
354 93
355 535
356 536
358 120
359 114
360 96
363 109
367 125
370 99
374 123
378 132
379 131
381 391
383 113
385 133
393 570
398 116
402 153
412 148
413 149
421 165
423 158
426 178
427 176
428 184
432 600
436 170
438 180
439 185
443 186
444 625
445 194
453 190
454 195
455 200
459 202
464 213
481 752
542 399
667 823
671 479
674 485
675 486
676 495
679 830
681 837
685 497
686 496
687 831
688 490
690 507
693 504
695 506
697 502
698 854
701 74
702 519
703 91
708 526
711 532
712 512
713 511
714 523
717 530
718 531
719 543
720 534
721 516
722 542
723 539
726 554
729 555
733 529
734 550
738 556
739 569
741 553
742 558
743 560
744 549
746 563
747 579
750 571
752 573
755 561
757 576
759 582
760 136
761 595
763 580
764 581
766 134
769 603
770 604
771 590
772 597
773 593
775 172
776 173
777 169
780 596
781 166
782 164
785 179
787 608
788 592
789 612
793 618
794 619
796 183
799 616
801 602
802 628
803 626
804 614
805 196
806 197
811 634
813 204
941 822
944 1014
946 477
948 838
949 834
950 835
952 826
953 1055
954 842
955 839
957 509
959 1064
961 847
964 865
966 855
969 872
971 879
972 874
973 1081
974 878
975 880
976 870
982 562
984 882
987 888
992 886
993 883
994 574
997 896
998 897
1000 905
1001 900
1005 893
1007 609
1008 907
1010 599
1011 902
1016 911
1018 623
1021 912
1022 913
1024 903
1025 916
1026 617
1118 1188
1120 135
1121 1052
1122 1189
1126 1191
1128 1050
1129 1056
1131 1060
1132 1059
1133 1061
1134 1195
1136 1062
1138 1069
1139 1070
1141 1073
1142 1071
1143 1203
1144 1076
1145 1074
1146 1078
1147 874
1149 1080
1150 1087
1152 1094
1153 1089
1155 895
1162 1103
1163 1098
1165 1101
1166 1099
1167 1093
1169 1104
1170 1106
1171 917
1172 1112
1174 1115
1232 1190
1233 1263
1238 1193
1240 1194
1241 1270
1242 1198
1243 1199
1244 1197
1246 1276
1247 1274
1249 1200
1253 1202
1254 1282
1255 1204
1258 1205
1259 1207
1262 1105
1263 1213
1264 1110
1265 1216
1266 1214
1267 1215
1309 1259
1310 1260
1312 1265
1313 1266
1317 1271
1318 1267
1319 1268
1320 1322
1321 1323
1323 1273
1324 1275
1326 1278
1329 1277
1330 1280
1331 1283
1333 1209
1334 1285
1335 1284
1336 1286
1355 1320
1356 1272
1357 1343
1358 1324
1360 1326
1361 1327
1362 1286
1373 1339
1374 1319
1376 1342
1378 1345
1379 1344
1380 1347
1381 1348
1387 1358
1395 878
