4.68695497512817	218.383163452148	2.38066053390503	-0.343055202385854
9.07885837554932	97.1506652832031	2.02703762054443	-2.58939334783219
12.6153030395508	65.2953109741211	1.70100212097168	-4.18628646888843
14.1760015487671	294.583709716797	1.80432403087616	-2.89489017657421
14.1760015487671	294.583709716797	1.80432403087616	-4.67972705652616
14.9655809402466	48.9412155151367	1.91503143310547	-0.0647978253477033
14.9655809402466	48.9412155151367	1.91503143310547	-1.81771774932584
14.8771429061890	174.183456420898	1.87527513504028	-2.71027584530571
15.4317655563355	203.459854125977	1.67023825645447	-3.96166465487859
17.2920379638672	59.7509307861328	2.10342979431152	-0.894565935027024
16.6685180664063	112.307960510254	1.86328566074371	-1.18861862867603
17.2284259796143	159.571029663086	2.06030344963074	0.227389207694140
16.8879737854004	352.803009033203	1.88478136062622	1.56127045718535
17.9275836944580	270.942260742188	1.88988566398621	-3.21305202505469
20.8881244659424	215.923614501953	1.87427473068237	-4.09843098078469
22.6089057922363	411.287841796875	2.18716812133789	-1.75133296200018
26.9485759735107	163.445312500000	1.99054419994354	-1.99385587055981
29.6686916351318	446.430389404297	1.73120355606079	1.56810638793589
30.4374618530273	485.117065429688	2.12354230880737	1.36867101526026
33.2146492004395	24.5458621978760	2.17271184921265	-1.94806398333401
36.7013092041016	148.718139648438	2.02919530868530	1.56010507034373
39.3473434448242	106.704498291016	1.98351478576660	-1.25724596831090
39.2725868225098	142.946655273438	1.94618499279022	-4.35689476331909
40.6415443420410	286.524749755859	1.96887755393982	0.307050563319045
40.6415443420410	286.524749755859	1.96887755393982	-2.67808653859966
42.4677734375000	443.089263916016	2.09176635742188	-1.01685663691518
43.2337837219238	30.7082557678223	2.11294317245483	-2.47834271086577
44.1131286621094	10.6579608917236	1.75329756736755	-1.40942503325770
43.8004417419434	16.9654006958008	2.18003010749817	-1.46345463344321
44.9929885864258	290.558166503906	2.12004733085632	-4.26460801962095
49.6924934387207	269.740478515625	1.97784578800201	1.26883477824782
53.0666694641113	419.011962890625	2.07059502601624	-1.53187555726630
55.3689308166504	226.177215576172	2.08430647850037	-3.90364820461827
55.6606788635254	269.986968994141	1.90721428394318	0.0113413136592109
56.8572692871094	412.541656494141	2.26899099349976	-1.26265503944061
59.5760917663574	212.508895874023	2.31392502784729	-0.387050171118054
60.2029190063477	296.611145019531	1.96584451198578	-4.70562261546713
66.2552108764648	257.927673339844	2.04687571525574	0.116844972195184
66.1863632202148	295.782165527344	2.08233094215393	1.35301511229135
68.9748229980469	245.346405029297	1.97161793708801	0.556200670892175
68.9748229980469	245.346405029297	1.97161793708801	-1.31830938827505
69.5759048461914	487.596740722656	1.95729148387909	-1.70544031592003
71.1681976318359	162.375625610352	1.95343530178070	0.263666194523107
72.9534530639648	123.285278320313	2.10690569877625	0.996845226665173
72.9534530639648	123.285278320313	2.10690569877625	0.145975061587179
74.3058319091797	183.220458984375	2.02483320236206	0.243176083058693
74.3638381958008	270.716461181641	1.90974068641663	-4.62957836976336
73.5441513061523	319.303253173828	1.93037736415863	1.39960752788213
73.5441513061523	319.303253173828	1.93037736415863	-1.54430335298342
79.7510910034180	191.801467895508	2.02352619171143	0.100804745309639
82.0499420166016	31.1046524047852	1.91066217422485	0.00892510436815486
81.9652175903320	145.515075683594	2.22896575927734	-2.79585180110582
82.5705337524414	229.885375976563	2.04612851142883	0.397656725686689
82.5705337524414	229.885375976563	2.04612851142883	-4.46112822698986
89.0330276489258	254.937545776367	2.06078433990479	0.566951681004910
89.0330276489258	254.937545776367	2.06078433990479	-1.20725883570041
93.4622802734375	135.922256469727	2.32098841667175	-4.35674988709555
92.6328353881836	302.900604248047	2.27898836135864	-1.57391438259450
92.0252914428711	438.637207031250	1.80749821662903	1.30606473262793
92.1921234130859	493.646209716797	2.07586431503296	-1.55973555932528
93.0400314331055	447.271362304688	2.10456228256226	-1.37224134509755
101.809066772461	168.094345092773	1.92891120910645	-3.09279969801815
105.544242858887	65.8236236572266	2.07345676422119	-0.235872309009278
106.626121520996	51.1807861328125	1.98329460620880	-1.85733406887942
107.722389221191	269.968292236328	1.90081405639648	-1.63281972289991
110.292335510254	21.6284065246582	1.78514301776886	0.398140646131513
112.793655395508	59.0097808837891	2.15035128593445	-4.02352285988378
115.189567565918	169.739578247070	1.88234519958496	0.737481660270848
117.204177856445	130.050994873047	1.93517696857452	0.753497253959549
116.633857727051	283.805023193359	2.34900426864624	1.41382100841181
121.044265747070	138.203048706055	2.02151703834534	-3.26335626859592
121.339950561523	339.098114013672	1.84345173835754	-1.25449640252380
121.254127502441	458.876983642578	1.87186503410339	-4.50386637965482
123.549682617188	349.483551025391	2.26130890846252	-1.52574027452298
123.869743347168	379.823638916016	2.00274157524109	1.23420661521886
123.869743347168	379.823638916016	2.00274157524109	-1.57821716538519
126.227050781250	259.454986572266	2.28739786148071	1.53254168864657
127.622322082520	124.552909851074	1.99243199825287	0.454323507185480
127.617874145508	297.325225830078	2.03683900833130	-1.62902773658290
132.740905761719	153.970977783203	2.24231004714966	0.396560748826493
133.516723632813	86.0127487182617	2.06604361534119	0.305688641695215
134.190750122070	174.971725463867	1.95890820026398	1.20347510363722
135.522445678711	122.544967651367	1.72491180896759	0.529326677000380
135.776855468750	397.252685546875	1.95569229125977	-4.50165275386068
137.793685913086	135.058456420898	2.00706052780151	0.230787832679481
137.546936035156	296.427947998047	1.70752382278442	-1.77209170171512
140.517761230469	109.490592956543	2.20004296302795	-0.260109571433145
142.279647827148	372.455444335938	1.96501910686493	1.22648007407475
144.614364624023	13.8430233001709	1.93105971813202	-1.53493004250950
144.614364624023	13.8430233001709	1.93105971813202	-3.80218659547292
145.236495971680	72.9039764404297	2.08986353874207	0.0338285083674124
144.989257812500	301.060974121094	2.04789352416992	-1.73414269303419
147.770431518555	244.577209472656	2.01752662658691	-0.775241217397339
147.584152221680	330.174072265625	1.87326836585999	-2.11847411953208
147.584152221680	330.174072265625	1.87326836585999	-4.54234151376210
155.192062377930	418.604309082031	2.15170359611511	-1.87313909372703
155.830657958984	27.7155876159668	1.84930014610291	-1.10073364087655
157.279800415039	116.905174255371	2.19499039649963	1.51791621380803
157.279800415039	116.905174255371	2.19499039649963	0.215647264465320
157.279800415039	116.905174255371	2.19499039649963	-1.21892963703622
157.961898803711	99.6584243774414	2.10593056678772	-0.776179973615282
157.961898803711	99.6584243774414	2.10593056678772	-4.10265684882702
160.916854858398	167.364852905273	2.19389271736145	-3.52368844082213
163.650222778320	248.286544799805	1.91819918155670	-1.65536781031673
163.650222778320	248.286544799805	1.91819918155670	-3.17362709545038
164.790084838867	28.2660064697266	1.92109417915344	-1.34606723215703
164.810073852539	35.5771598815918	1.79740130901337	-0.999017091144023
165.809143066406	217.441452026367	2.17860078811646	-3.01334654222140
165.445327758789	320.067871093750	1.81694090366364	-4.56844379681923
166.459136962891	325.789886474609	2.00629734992981	-1.10758911365494
166.459136962891	325.789886474609	2.00629734992981	-4.46572080197467
172.233612060547	104.070564270020	1.95684468746185	-0.499907770646936
173.493927001953	462.593231201172	2.00125503540039	1.41998480950339
173.493927001953	462.593231201172	2.00125503540039	-3.67755612686308
173.485107421875	295.161499023438	1.85375094413757	-1.68315785617900
173.938034057617	319.829193115234	2.12247061729431	-1.45940759654382
176.294738769531	312.414001464844	1.93295395374298	-4.37898989132532
178.035751342773	202.752182006836	2.18054938316345	1.08734348249552
180.492050170898	307.606872558594	2.30008077621460	-1.62420881657984
180.492050170898	307.606872558594	2.30008077621460	-4.43629692193647
181.413940429688	42.1577796936035	1.84537029266357	-0.989695849598162
180.904861450195	143.679656982422	2.02649641036987	-2.18491648805822
179.953475952148	152.492111206055	2.22948956489563	0.587304103897654
179.953475952148	152.492111206055	2.22948956489563	-1.64782921646380
181.526077270508	217.023422241211	1.84547305107117	-2.16485477622497
184.466217041016	28.8141174316406	2.34333109855652	0.704021003095940
188.283340454102	104.825958251953	1.87523674964905	-1.73496673443844
189.656188964844	261.215270996094	1.93513953685761	-2.08911124725044
189.583541870117	358.871002197266	1.95512330532074	-4.42303055746411
190.734390258789	255.238464355469	1.89669060707092	-1.37154528331852
192.346542358398	61.4551544189453	2.08784222602844	0.365768699966130
193.083389282227	23.7852668762207	1.83465039730072	0.774898872903668
192.548858642578	67.1603012084961	1.99014711380005	-4.61838600270896
193.007217407227	224.784576416016	1.80432951450348	-0.363441079567622
193.902572631836	156.270431518555	2.00676226615906	-1.11154688384850
195.149887084961	314.991394042969	2.21881341934204	-1.64908204169606
195.149887084961	314.991394042969	2.21881341934204	-4.58554536066044
195.084838867188	350.500762939453	1.90516877174377	-1.96696113639019
199.862670898438	144.147796630859	2.05477404594421	-3.66076931072951
204.981689453125	68.2269439697266	2.04614496231079	1.52210778855655
205.023025512695	497.428985595703	2.12522768974304	-2.63504105318298
205.625656127930	338.329040527344	1.98728883266449	-1.45982459778855
205.760070800781	29.6092300415039	1.99845445156097	-4.14753816240462
209.148818969727	283.335510253906	2.11672163009644	-4.58857367418938
210.017028808594	186.447738647461	1.93943500518799	-1.88696662145634
212.979614257813	301.209899902344	1.78688812255859	-1.62501212650446
212.979614257813	301.209899902344	1.78688812255859	-4.62644682999560
212.989288330078	383.970458984375	1.87148630619049	-0.812482982529902
212.989288330078	383.970458984375	1.87148630619049	-2.12557060641684
214.264739990234	136.146667480469	1.92714858055115	-3.04236720345352
215.712875366211	198.863739013672	2.02919292449951	0.643430819798228
218.050643920898	157.597030639648	2.12815260887146	-3.36399246552175
218.673767089844	8.21067047119141	1.97766971588135	-3.55063254912987
222.082473754883	386.578247070313	2.07647824287415	-1.59580804603335
222.422912597656	428.365661621094	1.90409815311432	-1.47997834846176
224.556808471680	301.236389160156	1.93234086036682	-4.57200587195201
227.237838745117	41.1117591857910	1.80468428134918	-3.42167675104775
226.919921875000	169.132675170898	1.93640625476837	0.132143563300039
226.638031005859	263.746215820313	1.81769168376923	0.588585226941589
227.021530151367	358.842071533203	2.36329007148743	1.52166884446811
227.484802246094	377.069244384766	2.13371610641480	-1.54915763070640
227.444580078125	445.661560058594	1.79282116889954	-1.12343929946079
230.272277832031	12.8313217163086	2.02533173561096	-2.11709075202242
231.188140869141	398.996978759766	1.95016646385193	1.55653042859981
232.093856811523	391.203491210938	1.99908435344696	-1.38455284182739
234.192382812500	130.186523437500	1.93372762203217	-4.62067634047743
234.119674682617	283.441955566406	1.64493966102600	-4.65610008230777
234.907104492188	310.002960205078	1.83344888687134	1.53547508243110
236.833374023438	65.1009597778320	1.87984955310822	-3.73556075967585
242.242645263672	50.2129669189453	1.92601501941681	0.867962740514608
243.421569824219	20.7859191894531	1.98838639259338	-1.81297329122839
246.026809692383	456.918243408203	1.87974357604980	1.51999779103415
250.418014526367	111.493545532227	2.06920194625855	-0.134269075591459
250.418014526367	111.493545532227	2.06920194625855	-3.49424803900190
250.771652221680	215.307708740234	2.08437085151672	-0.701986571355329
250.771652221680	215.307708740234	2.08437085151672	-4.12527352641601
251.498474121094	45.8604965209961	1.96973192691803	-4.49217522530216
251.540618896484	341.509582519531	2.21486091613770	-0.385592731065160
256.649902343750	129.301803588867	2.07860708236694	-0.138804338929061
258.896484375000	142.742980957031	1.92681348323822	-3.59233476399770
260.513092041016	221.236526489258	2.10742545127869	-3.22227001988043
261.892761230469	247.018859863281	2.12914085388184	-4.35458228533221
269.039031982422	279.875946044922	1.83888947963715	-3.17994261002097
270.389373779297	155.504241943359	2.14794135093689	-0.0546271103573826
270.389373779297	155.504241943359	2.14794135093689	-3.60946992190618
269.740844726563	208.276153564453	2.19022822380066	-0.921760247450380
269.740844726563	208.276153564453	2.19022822380066	-2.40995051870762
270.952636718750	272.340362548828	1.99184620380402	-2.99156806763706
274.464080810547	350.779418945313	2.25370979309082	-4.63839813304479
276.030364990234	154.370239257813	2.03334617614746	-3.54526315744395
277.307189941406	89.7048568725586	1.86167621612549	0.623773105043341
279.006317138672	281.069946289063	1.79310321807861	0.176519554715381
281.244964599609	42.5736923217773	1.81251358985901	-1.27084576137097
280.665008544922	234.894531250000	2.15198969841003	-1.36500676482800
288.714080810547	164.995223999023	1.90370321273804	-0.649146040791539
288.714080810547	164.995223999023	1.90370321273804	-1.42205528529132
290.232910156250	128.301727294922	1.98679268360138	-0.659945067106061
292.240295410156	254.084197998047	1.89847338199615	0.551870682445173
293.518585205078	60.9869499206543	1.90603160858154	-4.63428617378994
293.936004638672	263.871582031250	1.90536642074585	0.0238044959704242
295.400604248047	104.165290832520	1.75224435329437	-0.00564211619488941
295.400604248047	104.165290832520	1.75224435329437	-4.48015668945403
297.237152099609	208.005294799805	1.82872617244720	-3.37112340084966
299.013397216797	276.695037841797	1.91721868515015	-2.52969764162899
304.533447265625	5.57594347000122	1.87722706794739	0.730728773745379
304.881530761719	81.5217285156250	1.98124301433563	1.32550659517557
306.113708496094	164.603256225586	1.86613023281097	-1.38040634896018
306.892517089844	19.0511245727539	1.85365450382233	-0.992624984491460
311.008605957031	397.151458740234	1.99019360542297	1.47759765418586
315.910705566406	269.424713134766	1.90064418315887	-0.0273273143741763
318.344848632813	211.722610473633	1.73967385292053	-2.32539482125149
323.595153808594	426.321319580078	2.07530879974365	0.990613226600274
326.914520263672	272.654357910156	2.04339599609375	0.664612172607009
330.121673583984	50.6896400451660	1.86597776412964	-0.199895664626174
330.034454345703	115.125320434570	2.09773254394531	-1.43347607008651
332.306701660156	241.117797851563	1.99273192882538	-3.42042692527827
332.842376708984	195.396804809570	2.02420043945313	0.134912509487285
335.139526367188	404.738464355469	1.81915640830994	1.53607050313614
335.139526367188	404.738464355469	1.81915640830994	-1.60242070123716
340.641052246094	59.0018577575684	1.87713742256165	1.25994985884171
340.641052246094	59.0018577575684	1.87713742256165	-2.13645340574423
341.532409667969	308.839904785156	2.19266581535339	-1.08705620855786
343.944854736328	64.2411346435547	2.21069836616516	1.46981630187074
343.944854736328	64.2411346435547	2.21069836616516	-0.912081180855168
344.475769042969	185.928558349609	1.98537993431091	0.574086083741003
347.999694824219	419.966461181641	1.83645260334015	-4.56604584419142
348.898345947266	349.661193847656	1.97277033329010	-1.44664593616932
352.266662597656	228.807037353516	2.25447034835815	-4.29189813634276
358.377532958984	221.700500488281	2.19966292381287	0.148079202571149
358.105163574219	326.380859375000	1.81669461727142	-1.42121273479517
361.994018554688	348.413482666016	2.09761476516724	-1.31868577609839
363.028259277344	29.7422485351563	2.17335557937622	-1.15012265199631
363.028259277344	29.7422485351563	2.17335557937622	-4.64042788854538
365.871002197266	396.650054931641	2.03527021408081	1.33027028230639
367.959930419922	97.4169540405273	2.16348600387573	-4.33748012458017
368.812896728516	193.617675781250	1.73960494995117	-3.40419984059273
371.969360351563	336.808258056641	2.14873266220093	-1.65795015255041
374.586303710938	120.961227416992	2.08876347541809	-4.45234368399344
374.476654052734	321.892120361328	1.94408154487610	-4.42988360689488
376.308105468750	76.1544036865234	2.12034869194031	-3.92225924806347
376.582092285156	212.529144287109	1.98367965221405	0.00158798866542420
376.582092285156	212.529144287109	1.98367965221405	-3.23656207687235
377.956146240234	446.526824951172	2.05243110656738	1.47991270528015
377.858764648438	51.8389434814453	2.44144320487976	-3.87002812080985
384.816314697266	71.5715789794922	2.06261658668518	-1.13097044176149
388.295959472656	119.360923767090	2.01003170013428	-2.76698230420529
392.789154052734	232.431976318359	1.85364103317261	-3.42201597685801
396.154785156250	140.609481811523	2.15724611282349	-4.47997547530560
396.913299560547	190.361968994141	1.88963782787323	-3.87776210997275
399.984191894531	123.518218994141	2.25292015075684	0.222140658915636
399.984191894531	123.518218994141	2.25292015075684	-4.43846577806738
402.408996582031	109.863716125488	2.18633723258972	-4.53720112317575
402.686676025391	89.4184875488281	1.93702042102814	-0.829390188041113
403.102294921875	406.614593505859	1.88655483722687	0.818509214233952
404.142791748047	384.387481689453	2.01911878585815	-4.67532662621197
405.377227783203	152.564697265625	1.78274464607239	0.629342711077888
405.966583251953	53.0545845031738	1.88841795921326	-4.56156980579633
411.996551513672	216.514297485352	2.20255494117737	-2.34634344958953
415.914215087891	72.0785217285156	2.16398549079895	1.10650482564185
415.785797119141	363.722412109375	2.21701145172119	-1.78121008251716
417.767059326172	385.252807617188	2.14937472343445	-4.60562591927578
425.051818847656	272.964050292969	1.95177268981934	-1.59261215392403
425.051818847656	272.964050292969	1.95177268981934	-4.26355720132169
426.303894042969	303.485321044922	2.58407235145569	-1.47358691583817
426.805023193359	339.183715820313	2.16644692420959	-1.51722636753727
429.128265380859	150.884948730469	1.87338769435883	-1.60444279201274
429.128265380859	150.884948730469	1.87338769435883	-3.74864190684805
429.646575927734	476.778442382813	1.79692411422730	-1.62268331695471
433.576538085938	194.044830322266	2.20176720619202	0.877496729039514
434.418304443359	296.526550292969	1.68681633472443	0.147498893348160
434.696960449219	360.947845458984	1.77617657184601	-1.02911282806737
437.584533691406	48.9208030700684	2.20293521881104	0.916248160700652
438.490325927734	186.946716308594	1.94655036926270	-2.31846888422287
438.332275390625	495.415161132813	2.13023924827576	-1.20520826696731
439.714752197266	482.805938720703	2.13244557380676	1.44967047028850
445.206909179688	72.2109680175781	1.92013704776764	-1.58955425079894
446.479034423828	65.8223953247070	2.17430853843689	0.218884355307049
446.479034423828	65.8223953247070	2.17430853843689	-1.75518294178978
446.479034423828	65.8223953247070	2.17430853843689	-3.73863674827693
445.593536376953	87.0806274414063	2.11546230316162	0.781625944136444
446.181915283203	422.849395751953	1.96324956417084	0.784305985475448
452.325134277344	135.675354003906	2.11749267578125	-4.31405522454233
451.720733642578	165.650543212891	2.17470121383667	0.601050990005791
452.227539062500	479.472412109375	1.98912906646729	-1.21438138951272
452.227539062500	479.472412109375	1.98912906646729	-4.54632473147861
453.728729248047	235.820922851563	2.08795022964478	-2.48437069405029
466.795196533203	238.178298950195	1.99464404582977	1.55851364422358
468.350280761719	330.116333007813	1.98100292682648	-1.57773716517343
468.350280761719	330.116333007813	1.98100292682648	-2.79771729121477
469.545135498047	472.312408447266	1.92042016983032	-1.42894081223477
470.520172119141	102.309700012207	2.06405425071716	-2.61847411572264
472.483337402344	131.091705322266	2.09100437164307	-0.865355154278199
472.374664306641	389.475982666016	2.27229690551758	-4.66694424524716
478.383728027344	237.247985839844	1.90474736690521	-0.978546245120225
477.517944335938	377.091583251953	2.05596375465393	-1.73305163292182
483.648315429688	237.283004760742	1.93802928924561	-1.02017856263546
485.021148681641	37.6287765502930	2.07211327552795	-3.33505786298363
485.417327880859	278.138061523438	1.84124004840851	-1.47614790289950
485.417327880859	278.138061523438	1.84124004840851	-4.50144106642482
490.233612060547	41.2504501342773	2.01630139350891	-3.42869384872747
491.231903076172	187.383544921875	2.18257546424866	-1.50563133192904
491.581756591797	26.0333023071289	1.94675207138062	-3.18022890056893
494.967254638672	134.479705810547	2.23940944671631	0.691493984258366
494.967254638672	134.479705810547	2.23940944671631	-1.97999791320183
494.967254638672	134.479705810547	2.23940944671631	-2.88994061862465
496.942962646484	30.7234020233154	1.95322799682617	-2.75239843549720
497.307525634766	58.2458381652832	1.92357599735260	-0.255483186168219
497.307525634766	58.2458381652832	1.92357599735260	-2.92970801950511
497.165832519531	254.481964111328	1.92787575721741	-3.54510582438127
497.317504882813	489.702728271484	1.90859913825989	-1.31461757733196
497.317504882813	489.702728271484	1.90859913825989	-4.67826676206072
498.962554931641	9.88868427276611	2.09022378921509	-2.91823996777685
498.200256347656	139.569778442383	2.26397466659546	-1.86366921588249
498.307281494141	329.540100097656	1.65808725357056	-1.54611167391370
499.175445556641	496.572204589844	1.95983850955963	-4.47641035534871
500.646911621094	248.058868408203	1.81552565097809	-2.66338825994676
502.496673583984	79.3598632812500	2.09454751014709	0.0103912182166079
501.491027832031	465.756866455078	1.93934845924377	-4.25362106079926
503.378234863281	63.7630538940430	2.20225095748901	-3.06633800773667
512.483032226563	45.8600273132324	1.91644918918610	0.985449211808329
512.483032226563	45.8600273132324	1.91644918918610	-3.50674609431020
514.404479980469	161.308517456055	1.78723251819611	-4.47052952111036
514.971801757813	222.996520996094	1.95481705665588	-1.21067489181403
519.581481933594	246.781417846680	1.95194983482361	-3.99425643333166
522.836059570313	30.9626579284668	1.84148871898651	-0.932610374821443
522.836059570313	30.9626579284668	1.84148871898651	-2.75713756379289
525.799133300781	18.6409873962402	2.10027074813843	0.372792210471653
525.758361816406	37.8120918273926	1.75944721698761	0.678421731651155
525.758361816406	37.8120918273926	1.75944721698761	-3.11177028018847
526.095031738281	306.769653320313	2.00971245765686	-3.05002120392154
528.955322265625	378.104736328125	2.05138373374939	-3.09606547413215
531.160400390625	277.274902343750	1.95582866668701	-3.05785325796158
535.715332031250	64.5909194946289	2.03878474235535	-0.424361651307407
535.715332031250	64.5909194946289	2.03878474235535	-3.75752711509396
536.166564941406	251.685440063477	2.11046910285950	-3.31661217188245
536.394287109375	363.330596923828	2.12678885459900	-3.25643973306321
535.823669433594	437.554412841797	1.88525581359863	-1.37392680197566
535.823669433594	437.554412841797	1.88525581359863	-4.46978594785862
553.255310058594	378.859466552734	1.87003791332245	1.48296467382488
555.836975097656	197.970764160156	1.90885412693024	-2.84607610636349
557.893615722656	47.5618247985840	2.14938449859619	-0.206525307673224
557.893615722656	47.5618247985840	2.14938449859619	-2.68785540878069
557.609130859375	210.047531127930	1.67479741573334	-2.71021236496790
559.768188476563	327.000671386719	1.80934894084930	-0.606572428467520
561.234802246094	15.3579559326172	2.02866387367249	-1.77004921354122
561.103027343750	53.2326812744141	2.11978292465210	-4.14187131316641
563.055969238281	145.742568969727	2.13970208168030	0.404072052688158
563.055969238281	145.742568969727	2.13970208168030	-3.11827016690952
563.067321777344	364.450439453125	1.84089839458466	-0.0432759623257673
572.006225585938	412.722930908203	1.91357791423798	1.50303501984417
573.350708007813	347.173461914063	1.99582898616791	-1.51107808158263
573.966979980469	417.652160644531	2.03935360908508	-1.60904087651171
578.745056152344	372.978332519531	2.05149412155151	-1.86771936475837
586.912719726563	306.451599121094	2.13404035568237	0.217428758342243
586.912719726563	306.451599121094	2.13404035568237	-2.20582841218795
587.921142578125	80.9173965454102	1.98671674728394	-3.75317187869562
588.848815917969	168.867782592773	1.92695915699005	0.228051211471484
592.766235351563	363.186950683594	1.98482120037079	1.44694664379581
595.385253906250	396.100524902344	2.00944805145264	1.53722238110397
595.087768554688	463.590759277344	2.25597381591797	-4.46956260067151
597.698364257813	108.472503662109	1.89394593238831	-0.131791063597120
598.099121093750	419.523864746094	2.25930309295654	-1.68438685049714
598.099121093750	419.523864746094	2.25930309295654	-4.20840250879999
600.555053710938	363.106201171875	1.90097880363464	1.24039570356005
600.555053710938	363.106201171875	1.90097880363464	-0.00624430508195117
601.997009277344	86.0698699951172	1.94496369361877	-0.0789577967818709
601.927429199219	238.283020019531	2.20871949195862	-0.979542815033732
603.601135253906	284.101379394531	2.01161599159241	-4.26529482797133
607.053344726563	362.362548828125	1.81987595558167	0.214364272332567
607.053344726563	362.362548828125	1.81987595558167	-1.83075925258633
608.496093750000	97.6883544921875	2.15564084053040	0.0572189671539605
612.007263183594	334.003662109375	1.85179436206818	0.632123330865397
612.057189941406	468.418243408203	2.06851172447205	1.45591928196972
612.057189941406	468.418243408203	2.06851172447205	-0.615563982414177
614.460266113281	389.673736572266	2.19157385826111	0.652750562250520
615.137817382813	43.2733421325684	2.09597802162170	1.14545459821379
614.745605468750	322.229248046875	2.22312498092651	0.303453400727538
619.109375000000	314.495849609375	2.24914646148682	0.402632281193583
620.503845214844	35.2609825134277	1.82544350624084	-1.41459757001337
619.596313476563	73.2307205200195	1.96790015697479	1.16231054362193
623.246520996094	272.103149414063	2.31355476379395	-4.70272118779391
623.367492675781	284.620239257813	2.25945663452148	-4.22708233733796
627.064453125000	426.197967529297	1.87419950962067	-1.78759757025301
630.926635742188	320.995330810547	1.86086380481720	-2.89146302788488
632.400146484375	111.450256347656	2.12012028694153	-0.276435477934380
633.137939453125	107.206947326660	2.00291705131531	-0.0904161613557750
634.168701171875	326.152954101563	2.05077862739563	-2.86044714636586
634.555480957031	118.117897033691	2.03259158134460	-0.575608485462315
637.118652343750	187.946075439453	1.94254159927368	0.156543369754771
640.018371582031	29.4673633575439	2.11743474006653	-1.72520681195165
642.964111328125	190.583969116211	1.99372649192810	-0.953560094621195
642.964111328125	190.583969116211	1.99372649192810	-3.79809601356658
642.565429687500	388.118194580078	1.87835967540741	-4.67778879435343
643.187988281250	457.974975585938	2.03431940078735	-1.35027937426876
645.094787597656	348.407745361328	1.77063918113709	-3.55826874268077
645.336914062500	444.980194091797	1.97966408729553	1.42289050672441
647.655822753906	145.298004150391	1.90088856220245	0.0963144542520840
648.912109375000	392.058288574219	1.92941856384277	-4.55338996741622
651.999877929688	470.321197509766	2.05427455902100	-4.65771949280664
654.874206542969	273.078826904297	2.13157963752747	0.378339470937500
654.874206542969	273.078826904297	2.13157963752747	-3.23324387091377
656.545227050781	123.128074645996	2.19445061683655	-2.92482669879522
656.994750976563	207.032379150391	2.06114244461060	-3.84945393955272
657.474914550781	391.890350341797	1.95657551288605	1.47775535187723
663.460144042969	145.533020019531	2.33041071891785	-0.233533466841005
665.454956054688	284.916778564453	2.22931170463562	-3.09612574564548
665.291809082031	293.501708984375	1.90297389030457	1.20798849737826
665.291809082031	293.501708984375	1.90297389030457	-2.56903118288262
665.735778808594	106.068840026855	2.17162609100342	-0.412002139068920
666.263671875000	183.781784057617	2.22812128067017	-2.57750304956106
668.109558105469	266.796081542969	2.15546846389771	-0.205368330958625
668.109558105469	266.796081542969	2.15546846389771	-3.36603480073712
674.204772949219	156.607482910156	2.23933815956116	-2.38677223756473
674.327514648438	265.444091796875	2.03424263000488	-0.189007464970453
674.327514648438	265.444091796875	2.03424263000488	-3.05037783258232
673.694458007813	480.626983642578	1.80236363410950	1.46963925009793
673.694458007813	480.626983642578	1.80236363410950	-1.23956989624823
676.066101074219	465.871215820313	1.96230590343475	-1.43114021846059
683.704528808594	219.746643066406	1.86381161212921	-3.50569304438473
685.095886230469	333.739715576172	2.02130722999573	-0.200095649681513
686.249694824219	89.7081832885742	2.15890169143677	-1.70266373335050
687.523925781250	109.909591674805	1.97245609760284	-1.16499564166755
695.458312988281	489.889801025391	2.12058544158936	1.48718486704085
699.954711914063	76.7852401733398	2.01319718360901	0.278005018157262
699.954711914063	76.7852401733398	2.01319718360901	-1.11243723738371
699.954711914063	76.7852401733398	2.01319718360901	-4.23795095938622
702.274353027344	233.131561279297	2.22369861602783	0.643764307299617
703.248046875000	280.268096923828	1.99477016925812	-3.27462927675443
706.811340332031	184.080871582031	1.84553480148315	-1.14475110012585
709.113830566406	314.834533691406	2.13193750381470	-2.19419079455829
709.113830566406	314.834533691406	2.13193750381470	-2.90120642709969
712.133117675781	308.980590820313	1.96711516380310	-1.96328741806593
712.896118164063	272.807739257813	1.85400521755219	0.335556627912265
712.762817382813	279.791503906250	1.88715422153473	0.154001668493286
712.208007812500	445.992523193359	1.79804599285126	-1.79256788529783
713.634399414063	376.113159179688	1.90665721893311	-1.48084345883947
713.441101074219	408.084747314453	2.11812353134155	-1.62303602617348
713.494567871094	463.020172119141	2.06129765510559	-4.62704432834660
715.029235839844	172.570022583008	2.47408723831177	-2.65784147752213
716.898925781250	263.518035888672	1.77526271343231	-4.08165788073336
719.247375488281	204.823318481445	1.99554002285004	0.00689603196397659
721.572692871094	54.4290924072266	1.93105053901672	-0.530952358557631
721.572692871094	54.4290924072266	1.93105053901672	-3.17437390658556
723.617004394531	343.972442626953	2.14361476898193	-1.40779887435700
727.208007812500	325.345855712891	1.83431172370911	-0.330114373193037
727.177368164063	396.204040527344	1.88258326053619	-4.60794134881241
728.471923828125	185.310623168945	1.99504339694977	-2.95434853161514
728.807128906250	35.6531486511231	1.91255497932434	-4.00376447016281
730.153930664063	227.097122192383	2.10969972610474	-1.42508033005763
729.937377929688	267.958618164063	1.92597162723541	1.47997901913718
731.473510742188	90.4292449951172	2.08298563957214	-0.121848888040339
731.473510742188	90.4292449951172	2.08298563957214	-1.44368764036001
734.217163085938	348.027832031250	1.90996110439301	1.09268864081533
735.148437500000	300.950988769531	2.15249514579773	-1.77191059446678
735.330993652344	338.542602539063	1.94415450096130	-1.02796493105491
736.339660644531	231.468093872070	2.04461550712585	0.338890814530590
736.339660644531	231.468093872070	2.04461550712585	-1.36306272789283
737.385070800781	56.6227416992188	1.87299454212189	0.311458164680994
737.385070800781	56.6227416992188	1.87299454212189	-1.10808977020363
738.714721679688	196.272994995117	2.38477015495300	1.06592375176467
739.514709472656	361.795867919922	1.85032486915588	0.0301918580695970
740.040344238281	78.6780853271484	1.91959822177887	1.17235042852029
740.040344238281	78.6780853271484	1.91959822177887	-4.37354630755834
740.332458496094	128.228790283203	1.96347212791443	0.836209932919533
740.332458496094	128.228790283203	1.96347212791443	-4.20787517833483
740.230285644531	237.322814941406	2.15909647941589	-0.404587610902261
740.951721191406	8.68523406982422	2.02330636978149	0.836902995758375
741.968688964844	392.822387695313	1.88425481319428	1.42042800030323
742.479125976563	371.972167968750	1.86751997470856	-1.71049327979285
743.976013183594	320.171020507813	1.81057393550873	-1.49992837296143
744.047851562500	350.974700927734	1.84483361244202	0.952369471888158
745.871582031250	31.1963329315186	1.74374532699585	-4.56313675806840
4.56028938293457	174.234939575195	2.71856117248535	0.110234285898375
5.59824323654175	121.969245910645	2.63591837882996	-2.20789187134641
11.0428838729858	383.288360595703	2.78112411499023	1.50241674451538
13.9277105331421	166.351928710938	2.51851272583008	1.21076613583121
13.6087818145752	284.098358154297	2.63598418235779	-3.12271160248740
17.1729469299316	119.282264709473	2.67567157745361	-1.47895273584382
19.6884365081787	178.549926757813	2.47074294090271	-2.77445388082580
23.1341361999512	84.7750625610352	2.56757688522339	0.778695333977781
23.1341361999512	84.7750625610352	2.56757688522339	-2.88327166782697
22.4264984130859	399.233520507813	2.59035396575928	-1.52376062955932
27.1666393280029	415.515441894531	2.30370879173279	-1.34851090173960
32.5126647949219	142.462188720703	2.63301730155945	1.30439573281690
34.9147262573242	194.383514404297	2.47221159934998	0.715306507767559
36.2589225769043	434.003936767578	2.43503785133362	-1.47686667483904
41.3383522033691	359.613922119141	2.42786026000977	-3.85745150048498
45.8322410583496	476.179168701172	2.70162582397461	1.47752121706495
47.6235275268555	69.2134399414063	2.38301372528076	-2.46742095337394
50.7559890747070	374.094482421875	2.46308374404907	-4.69466517695467
60.4179458618164	359.627868652344	2.97026848793030	-4.58819325754294
65.5520095825195	50.2312202453613	2.43888401985168	-0.470182776136691
65.1457519531250	366.449554443359	2.56294226646423	-4.55840531969751
66.5645065307617	449.911987304688	2.40446686744690	-1.27661813247236
72.2475204467773	277.853942871094	2.68732166290283	-0.651438760006507
72.2475204467773	277.853942871094	2.68732166290283	-4.59062444856387
75.4840469360352	254.072677612305	2.29233765602112	0.533957494265638
76.1949234008789	365.464202880859	2.59602975845337	-1.65023156169288
76.1949234008789	365.464202880859	2.59602975845337	-4.67941978100706
78.1034088134766	49.9883346557617	2.66732072830200	0.402092923777144
80.6161117553711	269.870056152344	2.42090535163879	1.49773218567789
80.6161117553711	269.870056152344	2.42090535163879	0.318834088371777
81.1109390258789	454.428894042969	2.45750498771668	1.48970416899938
81.1109390258789	454.428894042969	2.45750498771668	-1.23361678203674
82.7575454711914	161.125213623047	2.61063671112061	-4.15451960111765
90.1550216674805	178.657760620117	2.53281092643738	-3.12200454892895
90.1550216674805	178.657760620117	2.53281092643738	-4.19755956885623
92.1135025024414	48.0255584716797	2.72503829002380	-0.164317546862892
92.1879882812500	223.314041137695	2.45651912689209	1.48682143006594
91.6390609741211	483.296539306641	2.47019958496094	-1.81547720837701
93.8736419677734	204.325302124023	2.81378483772278	-3.80101324784087
95.4559326171875	259.490783691406	2.74911141395569	-1.99418142082209
95.4559326171875	259.490783691406	2.74911141395569	-3.35240362862159
103.066818237305	236.724639892578	2.37332344055176	-4.24382361947700
107.861778259277	392.354644775391	2.33284926414490	-4.39662134063728
110.338714599609	248.551483154297	2.89913868904114	-1.21301861907320
109.596824645996	484.402252197266	2.51620793342590	-1.62087741092839
115.522911071777	471.913635253906	2.37750077247620	-2.05817890724673
119.944961547852	61.1370277404785	2.56399512290955	-1.53968347617679
119.944961547852	61.1370277404785	2.56399512290955	-3.70609815147787
121.430946350098	158.240722656250	2.45599079132080	-4.60208596602308
121.938308715820	170.176391601563	2.58435511589050	0.797793277389612
131.594680786133	265.151489257813	2.48821592330933	1.34860900384898
131.594680786133	265.151489257813	2.48821592330933	-1.48363225005909
134.048751831055	434.725769042969	2.59905457496643	-1.75514154462154
135.035308837891	253.086685180664	2.65267443656921	-0.565539527560482
135.035308837891	253.086685180664	2.65267443656921	-3.87343606985605
135.456726074219	426.513427734375	2.34899950027466	-2.04402196155053
139.468658447266	405.924591064453	2.43039059638977	-1.60421027407845
143.577880859375	39.8129692077637	2.84907698631287	-1.16157928499403
145.522018432617	190.509429931641	2.35784292221069	1.52872885209787
149.735763549805	61.7504425048828	2.41777181625366	0.930192247722815
153.749923706055	191.795562744141	2.40526795387268	-3.04790534743352
154.491134643555	267.524017333984	2.43452739715576	1.28960222492971
163.979873657227	374.766418457031	2.46591353416443	-1.80741098390936
163.979873657227	374.766418457031	2.46591353416443	-4.69328286882717
163.601699829102	463.856842041016	2.70853924751282	1.21582782237057
163.601699829102	463.856842041016	2.70853924751282	-1.96777205616011
165.290512084961	305.789550781250	2.33132195472717	-1.58643721968315
170.955047607422	419.752685546875	2.69996213912964	-4.39407727036532
173.028427124023	224.845306396484	2.41074466705322	-3.97410340180893
174.111877441406	430.941131591797	2.55390644073486	-1.95802018083838
173.893081665039	442.949798583984	2.39557719230652	1.25195267966250
175.005279541016	368.934387207031	2.50655150413513	1.42730486446078
180.631469726563	131.248718261719	2.40793466567993	-3.65400620789538
182.869537353516	252.346252441406	2.22722101211548	-0.296771210480527
183.636245727539	266.082763671875	2.40469479560852	-1.10713354173766
184.613052368164	79.9161758422852	2.43713760375977	1.12189460856403
184.613052368164	79.9161758422852	2.43713760375977	-1.03062569763015
186.320617675781	192.172500610352	2.64583921432495	1.22385452207296
190.165328979492	234.681137084961	2.62323570251465	1.50575752043279
190.165328979492	234.681137084961	2.62323570251465	-0.145716977966547
192.180786132813	468.288665771484	2.36095118522644	0.929563313292721
194.294754028320	216.423767089844	2.65750980377197	-0.321737938195979
196.014099121094	308.373474121094	2.48356056213379	-1.39002592966346
196.014099121094	308.373474121094	2.48356056213379	-4.61157636743815
198.286117553711	428.541870117188	2.34362292289734	1.30428053969804
198.286117553711	428.541870117188	2.34362292289734	-1.43018191638605
199.348693847656	24.3168182373047	2.49547529220581	-4.26577790948527
198.836227416992	301.031433105469	2.52630639076233	-1.42760318258062
199.334152221680	472.050994873047	2.64885830879211	1.46717701112487
199.334152221680	472.050994873047	2.64885830879211	-1.79487101325564
201.256332397461	261.672332763672	2.37650346755981	-0.665994868730766
202.896499633789	82.2059173583984	2.73996257781982	-3.90758130063873
202.764953613281	202.279113769531	2.28611612319946	1.36747429905452
202.764953613281	202.279113769531	2.28611612319946	-3.47521402116910
203.851181030273	224.290054321289	2.33345723152161	-2.55037230543451
206.602218627930	128.118789672852	2.30773615837097	-3.13837487004625
211.135726928711	78.6134490966797	2.28342509269714	-3.79637631915037
211.541503906250	314.015441894531	2.25088357925415	1.46912776058674
214.414901733398	307.422668457031	2.43949747085571	1.49520786253996
214.414901733398	307.422668457031	2.43949747085571	-1.58595815526095
214.958251953125	337.436920166016	2.97736334800720	-1.74751894610914
214.512023925781	345.031768798828	2.49236607551575	-2.62622893612589
217.885513305664	47.9837417602539	2.31090211868286	-2.02380909196715
219.148071289063	36.7200660705566	2.37148332595825	-3.64499970035485
219.157165527344	324.383239746094	2.74249505996704	-1.59968647709270
219.937805175781	122.322624206543	2.55547404289246	-2.25734607687770
219.937805175781	122.322624206543	2.55547404289246	-4.40000041961600
221.194595336914	18.9438228607178	2.58530211448669	-2.67619870148723
222.255859375000	368.741912841797	2.41919040679932	-0.325622336108692
224.289382934570	207.055297851563	2.57087373733521	0.716295233673879
236.415222167969	372.392486572266	2.33645725250244	-3.11924326716633
235.602767944336	456.953857421875	2.39334559440613	1.37962918714099
237.103210449219	90.0735397338867	2.26898121833801	-1.19580782316541
239.200225830078	287.900238037109	2.82859444618225	-4.53542094452642
242.083435058594	295.566223144531	2.56061911582947	1.53568562730210
242.083435058594	295.566223144531	2.56061911582947	-1.64065626732976
243.048522949219	10.4395103454590	2.69727468490601	0.182920783954689
243.048522949219	10.4395103454590	2.69727468490601	-4.35268238725145
244.319671630859	481.734466552734	2.31721973419189	0.328081101363210
245.747283935547	307.416717529297	2.77506279945374	-4.61649219536106
244.862396240234	381.763031005859	2.75083374977112	-1.03066951981683
244.862396240234	381.763031005859	2.75083374977112	-4.01099457559316
244.791198730469	425.990478515625	2.56132292747498	-1.40559701413528
247.421890258789	61.8514289855957	2.45686578750610	0.616035355909968
247.421890258789	61.8514289855957	2.45686578750610	-1.66228925299113
247.583938598633	192.898223876953	2.58508133888245	-0.284464170224276
248.816345214844	51.9147415161133	2.28139019012451	-4.63486375504934
250.432342529297	246.346771240234	2.40850996971130	-1.31409363811076
250.607955932617	106.180992126465	2.36163568496704	-0.664809265900423
253.904327392578	262.004302978516	2.47409868240356	1.23967351127661
254.789260864258	192.763351440430	2.53179407119751	-0.186382333164680
254.789260864258	192.763351440430	2.53179407119751	-3.52200644542663
263.064208984375	13.8431882858276	2.40829586982727	-3.70859013458655
263.637268066406	386.503112792969	2.50462365150452	1.49531825091970
263.637268066406	386.503112792969	2.50462365150452	-1.97747062308158
264.880310058594	185.014831542969	2.49679350852966	0.307915424818272
268.384735107422	42.5036926269531	2.09223413467407	1.47767887273863
268.588134765625	223.475967407227	2.81324791908264	0.105611961870566
268.588134765625	223.475967407227	2.81324791908264	-3.41691814022488
269.646240234375	236.228500366211	2.58253383636475	-2.18456133240908
269.905914306641	443.639404296875	2.51331830024719	-1.23890419937686
272.302795410156	8.17929553985596	2.38184595108032	-4.69948626265003
272.098175048828	96.2933959960938	2.68594455718994	0.256522996759531
282.813323974609	66.7519607543945	2.41249608993530	0.285851380746020
283.819396972656	268.430297851563	2.83161187171936	0.0618227492107331
293.706695556641	29.2741909027100	3.01786375045776	-3.82136018617422
297.360046386719	290.341918945313	2.38993287086487	-3.22354277513178
302.384368896484	474.729980468750	2.53229808807373	-0.709305173180340
302.923339843750	241.587478637695	2.67860341072083	-2.92114866506969
305.709136962891	224.837722778320	2.40609407424927	-3.52317091621257
311.936096191406	64.4709167480469	2.22622585296631	1.22005821441931
315.256744384766	370.082183837891	2.60882449150085	-1.49793613841085
332.702758789063	335.427917480469	2.30933594703674	-0.983226387318928
335.667724609375	252.674530029297	2.68270969390869	-2.49293905408406
339.063995361328	315.461730957031	2.61759233474731	0.650630707222019
339.063995361328	315.461730957031	2.61759233474731	-2.04428516590508
340.199554443359	44.7520332336426	2.64562416076660	-4.08825798323171
345.727661132813	47.5962829589844	2.76166701316834	-1.06831329842230
345.727661132813	47.5962829589844	2.76166701316834	-3.94483191602277
344.655914306641	407.228973388672	2.83533549308777	1.47124994472031
345.440521240234	488.550994873047	2.61914682388306	-1.58667907895064
345.485626220703	102.813270568848	2.78967094421387	-2.96967615122160
345.512390136719	216.797637939453	2.64564228057861	-1.91574114403330
350.666778564453	139.644439697266	2.38115572929382	0.641861457736038
352.255249023438	332.267181396484	2.64677858352661	0.300237992899446
352.255249023438	332.267181396484	2.64677858352661	-1.25963904272006
358.071472167969	363.967590332031	2.30621743202209	-1.63425971912890
359.948791503906	75.6053619384766	2.60029578208923	0.168123581729514
361.501373291016	465.271362304688	2.57859253883362	0.708569400746763
362.619720458984	249.262680053711	2.71685290336609	-3.06824523370512
365.516998291016	42.8821487426758	2.89276695251465	-2.57157408002539
367.582061767578	233.505233764648	2.41652822494507	-0.448741588611554
368.212799072266	258.463562011719	2.71273326873779	-4.55202345945355
370.380004882813	158.362945556641	2.60519146919251	-0.230011131061916
373.844421386719	265.502105712891	2.61934494972229	-3.20534427799912
376.119049072266	132.205047607422	2.49606800079346	-1.43073502494733
379.242279052734	241.892471313477	2.34255909919739	-0.153240281944897
378.577453613281	348.249633789063	2.42255473136902	-1.80340421287037
380.279937744141	35.3275337219238	2.57794427871704	-0.422654630403800
380.279937744141	35.3275337219238	2.57794427871704	-3.55640359339239
380.424896240234	231.407333374023	2.81597495079041	0.182814290512979
384.783081054688	15.4882116317749	2.71875047683716	0.877213208751990
386.231719970703	368.704925537109	2.49167323112488	-0.967797918029372
387.846191406250	131.590087890625	2.70604348182678	0.197033917139688
387.846191406250	131.590087890625	2.70604348182678	-2.46874327923164
392.615814208984	417.008270263672	2.39910221099854	1.49504376697709
393.663696289063	37.4635658264160	2.80185484886169	-0.338037538206513
393.734802246094	219.079910278320	2.90073943138123	-0.102954147915699
394.744934082031	53.2504844665527	2.43222546577454	0.217773981836473
395.197967529297	285.714172363281	2.35034346580505	-0.352961516640567
400.931152343750	222.877578735352	2.60168242454529	-0.0531018466846454
402.079895019531	305.184936523438	2.44435787200928	-1.59861451379699
408.586242675781	378.501464843750	3.01278829574585	-1.53515794019354
408.586242675781	378.501464843750	3.01278829574585	-4.59794789581335
410.928070068359	494.324462890625	2.34214949607849	-3.21522761783426
410.928070068359	494.324462890625	2.34214949607849	-4.23415562681258
411.928131103516	124.466583251953	2.35567522048950	-4.62650960503676
414.272247314453	483.828460693359	2.67844629287720	-1.41458551977124
415.426940917969	35.1993408203125	2.82060599327087	0.744758303704889
417.591949462891	278.722320556641	3.01976299285889	0.305105464448003
417.591949462891	278.722320556641	3.01976299285889	-4.38713243882953
418.030670166016	258.520050048828	2.44607567787170	-4.41122476099406
420.259704589844	316.219390869141	2.72668361663818	-1.60014165927666
421.518402099609	42.4725341796875	2.12596940994263	-2.39525395560544
422.247192382813	7.26384878158569	2.89992499351501	-3.64534681790266
423.902618408203	32.8214645385742	2.45446228981018	-2.72954943599766
425.259857177734	17.8630199432373	2.39312911033630	-1.14659596361365
425.259857177734	17.8630199432373	2.39312911033630	-3.90142850040401
425.958587646484	310.398742675781	2.79707360267639	-1.51420719805360
428.480651855469	406.689941406250	2.33503317832947	1.31735419991519
430.068725585938	41.7277183532715	2.74114537239075	-2.65745471260275
429.672271728516	123.206748962402	2.42165064811707	-4.48206031455643
431.112731933594	74.0040740966797	2.85971951484680	-3.90604347880428
430.611816406250	89.9086532592773	2.59644627571106	1.27817789382068
430.611816406250	89.9086532592773	2.59644627571106	-1.94049663072940
433.996215820313	286.619384765625	2.49268436431885	0.0742648745310592
433.996215820313	286.619384765625	2.49268436431885	-3.09655597723828
434.878540039063	167.849960327148	2.59875702857971	-2.08184717209395
436.919158935547	440.280120849609	2.55260753631592	-4.00861797150925
438.164978027344	340.924011230469	2.70676827430725	-1.31414282241887
441.232452392578	489.556091308594	2.71729087829590	-1.27370901023707
441.232452392578	489.556091308594	2.71729087829590	-4.59637422474482
445.336334228516	140.035079956055	2.52952814102173	0.737997728039469
445.336334228516	140.035079956055	2.52952814102173	-3.35528297245773
446.218261718750	52.9637870788574	2.37689757347107	1.54710026151642
447.252532958984	197.437591552734	2.65316843986511	-3.56781061078488
447.230133056641	326.025573730469	2.74449586868286	-4.48758629150657
451.940551757813	100.234672546387	3.11031556129456	-2.13112866779719
452.188934326172	179.604125976563	2.68324470520020	-0.701553154982196
455.995788574219	474.362701416016	2.30752038955688	-4.62803715823085
457.923065185547	93.0918807983398	2.37554097175598	-3.31801635235099
459.596740722656	298.148040771484	2.34708809852600	-1.72826933849993
461.621765136719	259.956359863281	2.76895904541016	-4.66863021149075
462.080291748047	335.064971923828	2.60033822059631	-2.74935346403485
463.452056884766	12.2620811462402	2.74961185455322	-0.914333567507585
463.452056884766	12.2620811462402	2.74961185455322	-4.12190010412096
465.344207763672	145.223846435547	2.55767726898193	-4.06867843267921
466.048034667969	70.0828781127930	2.39296293258667	-2.59914869226486
469.078948974609	294.941680908203	2.73346495628357	-1.41759773612317
469.626464843750	324.138763427734	2.47644281387329	-1.51597502878407
481.149505615234	461.290191650391	2.65529465675354	-4.55484261178204
485.886016845703	229.877944946289	2.75389218330383	-1.06447983450800
485.886016845703	229.877944946289	2.75389218330383	-4.22666187187292
487.236511230469	223.014739990234	2.68138146400452	-4.21484300735670
486.981689453125	351.867034912109	2.45900917053223	1.52711580387363
487.670959472656	20.1729030609131	2.77480626106262	0.0473211842245513
489.149169921875	411.706359863281	2.78238463401794	0.410033673277819
490.112701416016	74.8628997802734	2.46318387985230	-3.19892673408660
497.342132568359	104.177757263184	2.37474775314331	-3.29351469132553
497.429626464844	392.155548095703	2.52654767036438	-4.71112162100138
500.125274658203	226.626205444336	2.69071340560913	-4.02232852720156
502.242126464844	134.917434692383	2.36549568176270	-3.19325650470277
502.893859863281	189.325531005859	2.31971669197083	-1.83948723874693
505.520538330078	420.489959716797	2.36574769020081	1.45882648369377
508.796600341797	204.631790161133	2.65931105613709	-2.58476748336379
515.075622558594	192.796157836914	2.69188594818115	-1.93206819456449
518.678588867188	244.945266723633	2.46292209625244	-4.04334871498809
522.283813476563	146.804519653320	2.60270380973816	-2.95992836500890
528.732116699219	356.770690917969	2.64834332466126	-3.16332336277621
531.887207031250	226.201019287109	2.52910161018372	0.721523191545931
531.962951660156	268.143096923828	2.50664186477661	-3.09448033986969
533.521728515625	61.3397865295410	2.80525684356689	-3.72891012850886
535.235229492188	355.189727783203	2.47045445442200	-3.19492616693821
537.073242187500	389.251678466797	2.38268995285034	-4.69846887053221
541.314880371094	154.311370849609	2.62863302230835	-1.44682872111349
541.314880371094	154.311370849609	2.62863302230835	-4.53779820386519
541.033691406250	414.481872558594	2.82205176353455	1.42039391179286
541.033691406250	414.481872558594	2.82205176353455	-1.72136674640846
544.358459472656	52.9550094604492	2.64236640930176	-3.17814770262188
546.149536132813	340.084503173828	2.43718552589417	-0.682624398207131
558.447082519531	151.466979980469	2.69885969161987	-0.944723054327863
558.447082519531	151.466979980469	2.69885969161987	-4.04631685044952
562.305847167969	192.683578491211	2.30011391639709	-2.79389031125205
563.478271484375	416.401367187500	2.81414103507996	-1.58434413023280
563.478271484375	416.401367187500	2.81414103507996	-4.68921071581086
572.143188476563	26.2007446289063	2.30646252632141	0.0322894712371815
574.204956054688	382.523620605469	2.32807397842407	-4.31860000651600
576.440124511719	12.5751304626465	2.33792257308960	-0.0403586973488836
576.091430664063	93.6345825195313	2.67091178894043	-1.12029435302446
577.664672851563	30.8573703765869	2.44403028488159	-0.0500772834481118
577.664672851563	30.8573703765869	2.44403028488159	-3.00577425683071
584.145568847656	121.113830566406	2.65609812736511	-3.25851959410794
585.745361328125	26.5626087188721	2.68530750274658	-0.870978458976015
585.745361328125	26.5626087188721	2.68530750274658	-3.08542319192956
596.755065917969	293.028259277344	2.26532745361328	-1.54620560205424
599.598632812500	473.307708740234	2.16681909561157	-4.62976060562705
602.292907714844	229.523361206055	2.94765138626099	-0.692101116374940
605.924072265625	349.549255371094	2.35752415657043	-0.460251746078207
619.416870117188	143.410079956055	2.41019225120544	-3.13880186412178
619.654724121094	237.818878173828	2.55872368812561	-0.852472483244486
621.064086914063	370.177062988281	2.71121311187744	-2.20383309169577
623.700988769531	57.3658752441406	2.52848815917969	0.207697186864269
623.700988769531	57.3658752441406	2.52848815917969	-3.74801103410565
624.609191894531	8.20693397521973	2.62476277351379	-3.80739692278071
626.236206054688	236.197219848633	2.30464887619019	-0.497421325667661
627.539733886719	151.406478881836	2.75038552284241	-3.98920730357285
627.132873535156	412.749908447266	2.42307806015015	-1.66616591373780
632.980773925781	97.2497177124023	2.87478518486023	-4.64338945403947
635.263732910156	449.174407958984	2.69747400283813	0.259769043371272
635.621520996094	50.0074615478516	2.60220885276794	1.15186468745902
645.449096679688	148.680664062500	2.91843342781067	0.0555462546485030
647.581604003906	488.838592529297	2.42881298065186	-1.07837624646530
651.479431152344	449.184020996094	2.31852579116821	-4.31620570586019
656.485656738281	56.5404281616211	2.34867906570435	-0.245612540276394
662.426757812500	401.564758300781	2.61913967132568	1.24315073278229
663.585144042969	222.703674316406	2.93896102905273	0.250705485888928
663.797424316406	479.509155273438	2.40794992446899	0.177260487614255
666.040039062500	414.178497314453	2.52993941307068	-1.65758997521100
669.453613281250	73.0204238891602	2.53439474105835	-1.53766914590580
670.599182128906	202.080108642578	2.69074010848999	0.674775997672095
672.299804687500	486.529632568359	2.51112627983093	-1.24564267574416
674.308532714844	16.1373920440674	2.81756281852722	-1.27314246562252
674.959411621094	376.215515136719	2.59379720687866	-0.745927028816130
680.530883789063	327.575683593750	2.45663547515869	-0.137492545444910
681.888061523438	403.999176025391	2.77266335487366	-4.65211743331611
685.366394042969	411.476165771484	2.64168763160706	-1.52596712142545
687.725402832031	300.174926757813	2.37910461425781	0.263526450758641
692.176452636719	265.960723876953	2.30241537094116	0.765959545155823
693.216125488281	336.448059082031	2.70879936218262	-1.67677526588757
694.117004394531	366.364196777344	2.68295073509216	-1.16249708635148
694.117004394531	366.364196777344	2.68295073509216	-4.65813378188116
696.000732421875	24.8298187255859	2.33830285072327	0.145144748803102
698.253295898438	411.479431152344	2.37974429130554	-1.34768872976888
700.095153808594	462.267333984375	2.44826102256775	-1.57187789377940
702.648193359375	131.895141601563	2.76614618301392	-3.93175739594239
702.380737304688	490.371734619141	2.29165148735046	-4.33130518758696
703.171081542969	320.139190673828	2.68236732482910	-3.02934372337821
710.416320800781	122.669433593750	2.73805713653564	0.380279758120442
712.472534179688	32.0130081176758	2.82152366638184	0.925379440046331
715.104492187500	80.2898864746094	2.51162505149841	0.436621525820046
715.104492187500	80.2898864746094	2.51162505149841	-2.52406454668562
715.149291992188	369.993957519531	2.61348032951355	-1.41986731184179
716.476989746094	394.165405273438	2.65831255912781	1.49085394090713
719.029785156250	276.629089355469	2.24375200271606	-3.81257650363232
718.748413085938	311.548980712891	2.39875292778015	-0.867139851688933
718.748413085938	311.548980712891	2.39875292778015	-1.77859143032520
723.059020996094	45.3448028564453	2.43189167976379	-4.30275410037221
725.105468750000	204.783843994141	2.40876579284668	0.848225966839900
725.105468750000	204.783843994141	2.40876579284668	-0.116672111200749
729.601074218750	357.922821044922	2.73432183265686	1.26202299743705
732.534545898438	256.959533691406	2.50500345230103	-2.96854221700749
735.529113769531	122.548988342285	2.44117188453674	0.911774965843409
735.529113769531	122.548988342285	2.44117188453674	-1.56144314494577
742.597656250000	434.497100830078	2.74293804168701	-1.11421284601301
742.746704101563	188.951538085938	2.60304975509644	1.24973079155616
746.406738281250	91.5215301513672	2.92006468772888	1.24104629259977
746.406738281250	91.5215301513672	2.92006468772888	-2.05122294618722
746.406738281250	91.5215301513672	2.92006468772888	-2.99244963463276
745.840637207031	148.121276855469	2.99171972274780	-1.64294235835264
746.862060546875	237.637588500977	2.30345678329468	-1.65807481771343
748.271118164063	294.969390869141	2.32177019119263	1.51767388823273
748.280151367188	445.282714843750	2.78155374526978	-4.49704540693420
2.72393870353699	173.715072631836	3.45584702491760	0.284818758814230
6.32853317260742	465.969970703125	3.42529535293579	1.39887452762895
9.36626243591309	242.124069213867	3.83919262886047	-1.37323183552978
11.3482484817505	34.7324600219727	3.63491177558899	-1.95147211323367
13.4897708892822	139.001449584961	3.44520378112793	0.391242341258357
13.9785270690918	333.278167724609	3.03728771209717	1.14888026251769
18.6828022003174	202.408889770508	3.38505864143372	-4.33850499037710
26.6921424865723	46.1742820739746	2.94090557098389	0.125913590835957
31.7111892700195	351.305328369141	3.39233732223511	-2.05609017601786
31.7111892700195	351.305328369141	3.39233732223511	-4.64568620639246
34.1216735839844	140.799926757813	3.33515596389771	1.51554406968983
38.3254203796387	305.313690185547	3.48000955581665	0.0568652152995885
39.9553680419922	223.510421752930	3.38686561584473	-4.23676797495778
43.0898933410645	314.747985839844	2.95276165008545	-1.32044446271483
46.5616035461426	483.335479736328	3.10790801048279	1.46301530464650
50.0021820068359	381.193908691406	2.96196508407593	-4.57704742275099
50.4050750732422	209.115249633789	3.11248254776001	-1.66358479080865
52.9221343994141	241.857192993164	2.95757198333740	-0.214780625248806
52.9221343994141	241.857192993164	2.95757198333740	-1.61791110679307
56.5810890197754	159.573242187500	3.17812252044678	0.346394120005008
61.4915809631348	202.677169799805	3.28931307792664	-0.231826155629957
63.6876525878906	50.2305297851563	2.89307260513306	-0.523436415085859
63.6125602722168	281.698638916016	3.09171414375305	-0.780576533609096
70.7730026245117	192.651550292969	3.59151601791382	1.20267585221244
73.4025802612305	312.737243652344	2.97702980041504	-1.66386762512735
74.3662490844727	35.5790672302246	3.39753675460815	0.0188801467159498
76.7993698120117	475.078399658203	2.99570608139038	1.15137053054823
77.8763275146484	326.961486816406	3.29871177673340	-1.52883086943069
81.1180038452148	226.327529907227	3.54524683952332	0.938244909597392
82.7178726196289	86.6202774047852	3.30308341979980	-1.49182377042064
91.6021118164063	67.0542068481445	3.25526714324951	-1.66871937321177
91.6021118164063	67.0542068481445	3.25526714324951	-4.47149763497506
91.8781433105469	309.651885986328	2.95779299736023	-1.63038041694202
93.3733749389648	26.6627540588379	2.89647507667542	0.557348407401999
109.456169128418	202.697311401367	3.10913419723511	-0.236639803097827
110.884910583496	257.804656982422	2.95782899856567	-1.45159600331320
114.018234252930	90.1189956665039	3.50628876686096	1.22989566585210
114.018234252930	90.1189956665039	3.50628876686096	0.478108378971644
114.018234252930	90.1189956665039	3.50628876686096	-1.56122488492651
117.595252990723	464.406555175781	3.03230476379395	-4.56064254626715
118.800384521484	217.858169555664	3.24976801872253	-0.556226526449771
119.209175109863	290.285888671875	3.15047264099121	1.41437909926559
127.807395935059	396.792419433594	2.91873264312744	-4.26355805926602
134.379165649414	464.520874023438	3.07412624359131	0.126315164167185
134.379165649414	464.520874023438	3.07412624359131	-3.37567790732840
134.778808593750	137.683715820313	3.32846951484680	0.385536480708928
139.221496582031	288.452697753906	3.20864653587341	1.38730241777902
147.762130737305	378.091247558594	3.12956714630127	1.32104030992011
147.762130737305	378.091247558594	3.12956714630127	-1.50428587858488
152.467926025391	260.212677001953	3.21569919586182	-0.267110292856540
159.584030151367	457.300170898438	2.89435672760010	1.48443366117857
159.849502563477	180.228927612305	2.99300861358643	-1.77345272886943
167.665496826172	149.041946411133	2.87788033485413	-1.57350347426855
170.654998779297	113.874191284180	3.73444867134094	-0.318990966322331
171.382659912109	256.956024169922	3.09183621406555	1.10921419171590
175.677474975586	121.022621154785	3.05093789100647	1.38075888363655
176.631332397461	474.880767822266	3.42098879814148	-1.62451327151339
180.149581909180	13.3147068023682	3.02230477333069	-1.58965556765556
188.075073242188	128.279541015625	3.08758258819580	-3.85836882155712
195.297515869141	267.108123779297	3.22271895408630	-2.00772932380010
196.373352050781	145.225692749023	3.29467868804932	-1.16991627884505
199.269836425781	33.8048782348633	2.81834936141968	-4.16337971785009
205.779205322266	446.185028076172	3.28906321525574	-1.71509394435362
210.048568725586	113.912918090820	2.97325468063355	-4.26774546516604
210.024597167969	179.855895996094	3.07014894485474	-1.93299112569857
210.024597167969	179.855895996094	3.07014894485474	-4.71158398360256
213.265075683594	275.830932617188	3.33649611473084	-4.52437516792076
215.076324462891	337.963928222656	3.20244741439819	-1.73489544785428
219.551940917969	79.1710968017578	3.13905811309814	-2.13612996017880
219.551940917969	79.1710968017578	3.13905811309814	-4.03301431725903
222.338165283203	286.359954833984	3.03492856025696	-4.61469757090508
222.426925659180	493.416320800781	3.51526689529419	1.02978265281986
231.745834350586	323.913177490234	2.89874982833862	-1.60704654519695
234.571762084961	238.245239257813	3.48458242416382	-2.12631558953443
241.332778930664	438.694152832031	2.90858387947083	-1.32092302920397
245.254989624023	490.586975097656	3.53629112243652	-1.68071039499487
249.708312988281	147.858047485352	2.89937400817871	-3.34064201439399
249.708312988281	147.858047485352	2.89937400817871	-4.70426484371993
251.046707153320	228.624053955078	3.51443505287170	-2.54747956447667
255.022201538086	96.7728729248047	3.24172377586365	-0.626470763767837
257.349060058594	206.693695068359	3.39360690116882	-2.83382616330401
257.985717773438	86.0054016113281	3.06147313117981	-4.63279628262824
261.471618652344	482.149841308594	3.15652465820313	-2.27790865291066
261.471618652344	482.149841308594	3.15652465820313	-4.63409250091215
263.336639404297	161.505706787109	3.01886963844299	-0.103508146535879
268.786010742188	121.481994628906	3.14487981796265	0.198736754059980
272.190307617188	16.3554153442383	3.28981614112854	-4.69031213831354
274.963623046875	268.199645996094	3.49187636375427	0.0945873696391875
276.792999267578	408.155822753906	2.94971585273743	-3.24601307983031
276.792999267578	408.155822753906	2.94971585273743	-4.51899480831088
284.566406250000	235.922866821289	3.51705741882324	-0.240474691179113
286.304199218750	58.4731101989746	3.28149580955505	1.06239596289892
295.049407958984	113.893455505371	3.32383131980896	0.119340242908848
295.049407958984	113.893455505371	3.32383131980896	-2.23978815875988
295.745483398438	180.973205566406	3.35817337036133	-0.648557680913801
295.745483398438	180.973205566406	3.35817337036133	-3.62194385303864
300.371002197266	345.350769042969	2.80295324325562	-1.89639120642930
306.756744384766	310.114532470703	3.11781883239746	0.404973885237946
320.841796875000	107.034797668457	2.96529316902161	-0.455603924096220
321.927856445313	410.895904541016	2.88314557075501	-4.52623610948308
322.101135253906	89.2897262573242	3.11637973785400	-1.19958928305895
323.945678710938	315.450683593750	3.49017620086670	-4.68600883566287
324.940460205078	338.889129638672	3.15729451179504	-1.06077924661536
329.911987304688	285.267944335938	3.26372551918030	0.0886212494648548
330.480224609375	404.820159912109	2.87242031097412	-1.62918719898075
330.480224609375	404.820159912109	2.87242031097412	-4.56638796813523
336.756805419922	348.874481201172	3.12324309349060	-1.04798214724055
338.650390625000	103.730392456055	2.90155243873596	-2.99449841109135
340.479309082031	362.252105712891	2.95704197883606	-1.61134116920625
340.747711181641	468.438201904297	3.13496541976929	-1.39207760686301
348.525177001953	341.776794433594	3.25957965850830	-1.34442489660285
358.745758056641	30.3324146270752	2.98649215698242	-4.62025523923544
368.329528808594	410.185852050781	3.21989250183105	-4.64384234545729
372.666320800781	31.9525966644287	3.19226050376892	-3.12774221674169
373.698791503906	177.872543334961	3.07043480873108	-0.209004655942160
373.823486328125	492.231872558594	2.92854642868042	0.684589297088859
373.823486328125	492.231872558594	2.92854642868042	-0.421657696147446
374.482727050781	140.510070800781	3.50451922416687	0.987529267120403
374.482727050781	140.510070800781	3.50451922416687	-1.57075039280104
375.828399658203	194.454544067383	3.06122136116028	-0.0114863759521218
375.828399658203	194.454544067383	3.06122136116028	-3.28519424324985
376.579986572266	448.698242187500	3.30300164222717	1.33818375690514
378.689331054688	220.066467285156	3.20210599899292	-0.479654538433063
378.689331054688	220.066467285156	3.20210599899292	-3.31344020379329
390.836517333984	84.2741546630859	3.38189721107483	-1.09638697032735
393.476501464844	348.579711914063	3.43416547775269	-1.49760088354457
398.855804443359	297.142272949219	3.43875074386597	-0.187224180886032
400.518035888672	102.147285461426	3.50639271736145	-4.48907737007863
401.924957275391	63.4459877014160	3.12073254585266	0.962229518799891
401.924957275391	63.4459877014160	3.12073254585266	-1.97396149353615
409.185699462891	305.611541748047	3.21722340583801	-1.30589661108371
417.708953857422	52.6658515930176	3.17715263366699	-3.24654290242336
418.289367675781	378.524383544922	3.10520553588867	-1.63642531688159
423.770141601563	67.0661087036133	3.30793142318726	-2.97996386187930
423.770141601563	67.0661087036133	3.30793142318726	-4.20716104682761
426.175689697266	310.467529296875	2.77609014511108	-1.54344108667917
428.582641601563	201.515289306641	3.11726164817810	-1.67045927010206
438.275024414063	184.022766113281	3.13603472709656	-0.188663567359541
438.275024414063	184.022766113281	3.13603472709656	-2.02006015598573
440.327636718750	174.053390502930	2.93993139266968	-2.13464394475763
441.830535888672	153.696151733398	3.35967373847961	-2.16397014246107
444.609802246094	23.0233478546143	2.84609889984131	-2.73048853644334
454.684875488281	32.8241882324219	3.05359935760498	-4.07449991035675
455.744659423828	423.984466552734	3.32923960685730	1.48684453114013
458.784759521484	380.054962158203	3.29119586944580	-1.72028342186842
458.784759521484	380.054962158203	3.29119586944580	-2.15217748356216
458.784759521484	380.054962158203	3.29119586944580	-4.68678660619223
467.453186035156	285.864654541016	3.41965079307556	-1.50265529492245
467.453186035156	285.864654541016	3.41965079307556	-4.46727921240185
477.547027587891	212.709945678711	2.98381280899048	-0.826491130029256
479.651580810547	435.242218017578	3.12456607818604	0.930719436399184
482.077484130859	170.337310791016	3.09411025047302	1.00934628535913
485.108001708984	248.535934448242	3.33251619338989	-0.600258120172104
487.005035400391	131.097702026367	3.18471765518188	0.487269367664267
488.294494628906	162.036407470703	3.41354942321777	-4.24756087548074
492.015625000000	372.407836914063	3.04207587242126	-0.784735971905671
496.329040527344	285.907226562500	3.01642394065857	1.47765909668978
498.507812500000	234.087814331055	2.95193195343018	-3.86616512530928
503.293945312500	245.336334228516	3.31619334220886	-2.59513174129501
503.561767578125	18.3765258789063	3.58381962776184	-3.55961255382761
506.251983642578	382.977691650391	2.91797327995300	-1.87647087061939
506.857025146484	260.793975830078	3.21431851387024	-4.64904820358293
508.115386962891	435.390930175781	3.47672867774963	-4.42961815240217
508.778564453125	361.571838378906	3.06356239318848	-3.94138286762849
513.335571289063	183.682357788086	2.94309258460999	-1.73703099721079
518.262512207031	324.674743652344	3.44587445259094	-1.79887481807798
523.000549316406	9.16994857788086	3.57059216499329	0.284545489727888
523.000549316406	9.16994857788086	3.57059216499329	-3.01372727848073
522.957031250000	261.020751953125	3.07220315933228	-4.68501454968518
522.688598632813	374.236328125000	3.10401058197022	-3.38414969201495
530.797668457031	76.7711563110352	3.28790283203125	0.464250179057479
530.797668457031	76.7711563110352	3.28790283203125	-1.56408603628019
532.421630859375	190.198837280273	2.80121183395386	-1.06183997649556
536.426086425781	205.507125854492	2.90038394927979	-1.30451933466319
539.021179199219	414.668945312500	3.03259587287903	1.33326643608400
541.917846679688	484.564880371094	3.18366312980652	-1.02019526937495
545.863159179688	181.614547729492	3.64445400238037	-4.17586664524517
552.448791503906	239.112487792969	3.33569073677063	-2.72119434778939
574.054504394531	80.7470016479492	2.88454532623291	-1.59117494636463
582.892089843750	297.989318847656	3.26697325706482	-2.39955504669685
585.492309570313	222.117248535156	3.21391558647156	0.0507052280477880
591.196960449219	196.657165527344	3.14801430702209	-4.58363754511103
592.119140625000	230.188232421875	3.46639370918274	-0.867065737961110
592.119140625000	230.188232421875	3.46639370918274	-1.30461340902185
593.647033691406	129.205383300781	3.24234986305237	0.823119968624131
595.524353027344	308.542022705078	3.20562386512756	-1.64141105897834
596.544616699219	444.441833496094	3.16269421577454	1.22537176933144
617.413635253906	155.519912719727	3.31812572479248	-3.55815850647354
617.303894042969	216.466659545898	3.15071797370911	-1.15300802481341
622.981018066406	351.297119140625	3.04474472999573	-2.76574518983965
624.312500000000	265.368255615234	3.15227007865906	-4.68896460295706
625.067871093750	383.119995117188	3.38884997367859	-4.58604392154571
626.910583496094	65.9101028442383	3.27366995811462	-0.324303522145057
628.028076171875	15.5488595962524	3.01922297477722	-3.65935300270396
637.689880371094	393.627471923828	2.93290019035339	-4.47885300674589
651.105651855469	415.513214111328	3.49645090103149	-1.10385984094544
653.179626464844	462.795776367188	3.21815085411072	-1.62046124614402
655.283325195313	112.215507507324	3.35010433197022	-2.99270922984921
658.062072753906	159.238845825195	3.11591291427612	-1.08419240801628
669.591918945313	405.987670898438	2.90235161781311	1.20324190732128
669.591918945313	405.987670898438	2.90235161781311	-1.70300530512032
680.748413085938	71.4637985229492	3.36906242370605	0.901471532407608
680.748413085938	71.4637985229492	3.36906242370605	-0.374354948706298
690.771484375000	74.6389083862305	2.96678328514099	-0.125674164256668
690.771484375000	74.6389083862305	2.96678328514099	-1.71535756176729
690.771484375000	74.6389083862305	2.96678328514099	-4.04019789086492
696.236328125000	101.408126831055	3.09853315353394	-3.95370898711162
701.114807128906	299.025970458984	3.08930182456970	0.594444232499074
702.445739746094	172.029541015625	3.62087130546570	-3.09793903236627
704.033813476563	7.05962753295898	3.47422528266907	-1.16820290686273
704.033813476563	7.05962753295898	3.47422528266907	-2.23692908570751
703.775268554688	133.253250122070	3.12556481361389	-4.09479911518082
705.210449218750	475.779144287109	2.96491789817810	1.34842634377395
707.664184570313	435.076843261719	2.94186687469482	-1.09827266443599
709.541931152344	91.4519042968750	3.35895633697510	0.310095301115011
709.541931152344	91.4519042968750	3.35895633697510	-3.14193309683915
710.789184570313	339.790679931641	3.08879399299622	-0.581388302513076
720.028808593750	214.105651855469	3.44045209884644	-0.128654955285840
720.043457031250	266.412384033203	3.47149777412415	1.34225074124146
722.649658203125	229.431335449219	3.14069104194641	0.728178182920079
724.853698730469	256.553314208984	3.26350331306458	0.0644550867343467
727.135192871094	284.243927001953	3.10784792900085	1.37334263582371
729.126098632813	366.623291015625	2.79637384414673	1.18646294484150
734.593505859375	327.199096679688	3.01156568527222	-0.706062943642627
734.593505859375	327.199096679688	3.01156568527222	-2.74631418733206
740.755981445313	75.6410064697266	3.07776260375977	1.40108949213669
743.416809082031	226.273300170898	3.06236553192139	-0.684652804400378
744.070373535156	326.910583496094	3.08523416519165	-0.626997945770174
744.070373535156	326.910583496094	3.08523416519165	-2.75581110895287
744.060607910156	472.220336914063	3.43470740318298	-4.58291919873029
745.721008300781	363.995056152344	2.92799353599548	-1.76273100111819
751.356018066406	105.180030822754	3.29010152816772	-1.60566321907419
751.356018066406	105.180030822754	3.29010152816772	-3.08669009382533
11.3273153305054	34.8695983886719	3.64196014404297	-1.98593046254036
18.0167598724365	16.0507965087891	4.06500005722046	-1.76109183440840
46.6291999816895	188.733215332031	3.92257165908813	1.05883492334224
46.4860343933106	232.312911987305	3.82401847839355	-1.18212137699764
51.5596466064453	281.576507568359	4.08504581451416	-1.93327994870812
58.6998596191406	11.2782897949219	4.26556205749512	-1.93611999737717
58.9547729492188	485.034027099609	4.12141990661621	1.53092996689401
58.9547729492188	485.034027099609	4.12141990661621	-1.97285416678271
62.0821571350098	169.103500366211	3.89854049682617	0.456252358094136
62.0821571350098	169.103500366211	3.89854049682617	-1.35681281012960
71.7540435791016	123.112663269043	3.60083532333374	0.679436793068125
70.6920089721680	193.000259399414	3.66674947738647	1.00223573092981
72.0675888061523	178.055114746094	3.72157907485962	-0.655139286101168
85.0779800415039	412.174499511719	4.56961536407471	-1.70974023094029
93.3056793212891	13.7754545211792	4.35669851303101	1.17094294733051
111.490272521973	229.063919067383	4.30724382400513	-4.14637054876570
120.989776611328	201.976928710938	3.67190837860107	-0.0991922328239498
127.345146179199	117.127471923828	4.26449871063232	-1.56342279117338
132.981155395508	194.567764282227	3.91561436653137	0.0698669572541897
138.027267456055	167.013946533203	4.24006271362305	-0.0442733398312556
146.957214355469	144.603271484375	4.22627544403076	0.320405612147387
149.830490112305	411.267211914063	3.73517155647278	-1.73119251863941
158.780807495117	9.97371101379395	4.33906555175781	1.49818900356161
158.780807495117	9.97371101379395	4.33906555175781	-2.43577680981714
166.972854614258	68.6387786865234	3.83195734024048	1.50027422405012
187.889389038086	230.829742431641	4.67760276794434	-0.233445336750377
187.889389038086	230.829742431641	4.67760276794434	-3.70675973417032
203.932113647461	166.088424682617	4.11017131805420	-1.63793630976052
206.423278808594	266.842376708984	4.02137374877930	-3.02351834950084
221.633850097656	241.986465454102	4.26572036743164	-2.48508745411071
237.355422973633	376.159423828125	3.98260593414307	-4.37000135335913
238.079254150391	83.9546890258789	3.57644748687744	-3.89162199722336
244.680358886719	139.678436279297	3.77684068679810	-2.92486338982755
245.373046875000	491.062744140625	3.67685508728027	-1.76768412395239
245.373046875000	491.062744140625	3.67685508728027	-4.18012378323433
246.093582153320	200.637527465820	4.52887344360352	0.365271411974577
246.093582153320	200.637527465820	4.52887344360352	-3.77684890163119
259.978698730469	315.216156005859	4.00953626632690	-2.00397824546737
259.978698730469	315.216156005859	4.00953626632690	-3.06246311129935
267.127197265625	40.8704338073731	3.70524859428406	1.35957770610537
267.127197265625	40.8704338073731	3.70524859428406	-0.972065647838082
285.901214599609	45.4859275817871	3.96485567092896	-1.70604662002185
286.977539062500	57.4327735900879	3.72146415710449	1.05637763972956
287.214050292969	168.912780761719	4.24264097213745	-0.962271687532720
287.214050292969	168.912780761719	4.24264097213745	-3.58820018898809
292.722381591797	463.067260742188	3.92871785163879	-2.60029501788900
298.866546630859	73.4352569580078	3.87677121162415	1.37721094752731
300.650421142578	195.856063842773	4.13852262496948	-3.26569629123834
306.325225830078	368.029296875000	4.13346433639526	-1.60471453336442
314.085052490234	436.663757324219	4.27593421936035	-1.48214953506054
315.345306396484	44.8040809631348	4.39982271194458	-3.90095875144512
316.126617431641	338.218353271484	4.48611402511597	-1.47920497793265
318.630126953125	412.755401611328	3.65170836448669	1.54431042171260
322.408447265625	299.917327880859	4.22079133987427	-0.0431561619628296
326.357269287109	57.4323043823242	4.21269607543945	-4.17967036922757
337.296722412109	70.8135604858398	3.69118976593018	-4.22442842780276
340.131835937500	209.415328979492	4.41066312789917	0.284244368457209
355.969482421875	38.9804954528809	3.58729910850525	-1.25683516936747
355.969482421875	38.9804954528809	3.58729910850525	-2.20427686286691
357.107147216797	217.179626464844	4.18247509002686	-1.68736989061268
375.918029785156	167.467941284180	4.19806623458862	-0.654934404868663
376.443328857422	71.2157745361328	3.76935362815857	-0.799883063089971
376.721191406250	204.471786499023	3.68427968025208	-0.0803164264272751
382.505676269531	271.792022705078	4.37172317504883	-0.0794047822741653
382.505676269531	271.792022705078	4.37172317504883	-3.35558778180506
389.416168212891	320.763458251953	3.89547395706177	-3.26528119718273
389.416168212891	320.763458251953	3.89547395706177	-4.19523265101952
404.725952148438	376.660583496094	4.57758617401123	-1.66682161377497
413.612365722656	401.993560791016	4.35960102081299	-4.63361416598691
413.041259765625	435.656280517578	4.15182447433472	1.53903840326882
414.580596923828	154.403305053711	3.83546638488770	-0.971570870477248
422.122955322266	79.3275985717773	4.54891347885132	-4.20464731791319
424.522735595703	325.365997314453	3.89256215095520	0.343141959497625
424.522735595703	325.365997314453	3.89256215095520	-1.49931007332308
427.373809814453	169.245697021484	4.39985942840576	-1.46950006412048
427.452484130859	256.709960937500	4.64483833312988	-4.56065571601831
427.310241699219	454.042114257813	4.28875303268433	-2.22660718129861
432.571105957031	103.383148193359	3.67940878868103	-1.21125765276978
431.919769287109	210.899627685547	4.10648536682129	-1.57787788866475
437.410888671875	324.560180664063	4.38986396789551	-4.42716883540170
439.126495361328	201.281234741211	4.00196790695190	-1.31640766553986
446.886779785156	190.949493408203	4.37048530578613	-0.795583670919967
456.512298583984	220.474533081055	3.87162184715271	-3.19111226719330
463.640838623047	134.899459838867	4.16021490097046	-4.21977438925948
468.049316406250	186.152404785156	3.65971827507019	-1.52339815634655
470.614593505859	175.602478027344	3.82258272171021	-4.41578810958830
470.810333251953	333.082824707031	3.76505422592163	-1.62830337503243
470.810333251953	333.082824707031	3.76505422592163	-2.50375520494936
472.503967285156	163.624130249023	4.01981925964356	-4.36136439324813
474.578460693359	322.555755615234	4.32445096969605	-1.47378199070918
474.082183837891	259.150299072266	3.92719888687134	1.53653953240713
479.960113525391	11.8194618225098	4.05505514144898	-2.72535088827688
491.768981933594	359.430023193359	4.47553014755249	-4.61412582770426
503.403717041016	17.8723201751709	3.60771346092224	-3.56290848343955
502.976684570313	38.8583679199219	4.05137348175049	1.50805778975745
523.799255371094	185.587554931641	3.89007997512817	-1.33073917257844
522.960449218750	337.243682861328	3.82889795303345	-1.48219625538900
522.960449218750	337.243682861328	3.82889795303345	-3.19654333542148
526.710388183594	88.6152877807617	3.69349741935730	0.268591355401365
537.892272949219	73.4708862304688	3.79529047012329	-2.34473278263510
561.383117675781	155.997375488281	4.11768531799316	-3.47052934907084
571.164245605469	368.204437255859	4.05998373031616	-0.0651449322532798
580.122985839844	415.891937255859	3.79022693634033	-1.77613396367899
588.599975585938	488.540100097656	3.95384716987610	-0.616152289363304
592.077087402344	230.180435180664	3.50663113594055	-0.987370912280203
597.577087402344	260.467651367188	3.93458747863770	-4.63529005888567
598.482910156250	480.725799560547	3.73036003112793	-4.59526999734874
606.555603027344	158.414215087891	4.23892021179199	0.533387585146389
612.527709960938	74.6697006225586	3.76598811149597	0.529836127073623
623.827148437500	475.863342285156	4.28237342834473	-4.33184004409254
626.891479492188	163.550308227539	4.26766920089722	-3.27728422221534
629.184020996094	214.515243530273	3.92386293411255	-4.01097657562193
632.072631835938	274.764465332031	4.14863348007202	-3.05460004304182
639.551147460938	284.792572021484	4.01067256927490	-3.08821370695667
642.802001953125	461.908050537109	3.91739153862000	-1.52931619053248
650.481079101563	342.285614013672	3.85045170783997	-0.00102708914972971
650.345214843750	493.213012695313	4.07546186447144	-0.396251740968733
671.420410156250	76.6037673950195	3.99669051170349	0.447303303258132
671.420410156250	76.6037673950195	3.99669051170349	-1.19870444073023
673.038391113281	95.1986160278320	3.92725777626038	0.933804250840200
680.357360839844	294.635040283203	4.19335889816284	0.211645939755362
689.196289062500	137.623031616211	3.67961692810059	-2.14751739339574
698.611816406250	275.683105468750	4.19104480743408	0.840868042328216
706.352294921875	394.624145507813	4.20836877822876	1.45277032983977
707.206542968750	406.492736816406	3.72392606735230	1.45278206641456
707.206542968750	406.492736816406	3.72392606735230	-1.47322502105571
720.154479980469	214.233352661133	3.40289759635925	-0.107853258026156
720.161132812500	333.334655761719	3.83420157432556	0.846730038444721
726.949157714844	240.405242919922	4.48263263702393	0.249853419716507
729.600830078125	19.6398868560791	4.14468431472778	-0.354818551849012
731.294067382813	100.755195617676	4.21536302566528	-0.998760441333007
737.285400390625	41.9615020751953	4.07217693328857	0.0386019617660156
741.314697265625	3.12127447128296	4.12079286575317	0.317760960672106
744.109985351563	472.211090087891	3.50996565818787	-4.59176180161402
9.41055011749268	299.073486328125	5.26633739471436	-2.83574409827281
12.3696613311768	487.341186523438	5.07174444198608	1.54684610783388
20.9190082550049	120.978668212891	5.17943048477173	0.735279864030288
63.0454216003418	346.619842529297	5.33099317550659	-1.51915553119844
67.7335815429688	291.626129150391	4.44374704360962	1.17604099198420
66.6467742919922	412.586791992188	4.81125688552856	-1.49043732750149
68.4305725097656	146.273681640625	5.28102779388428	-0.0215677411127284
82.5634460449219	155.700073242188	5.29516696929932	-2.65501699504532
82.5634460449219	155.700073242188	5.29516696929932	-4.21907822438864
82.7275161743164	467.418395996094	4.97570180892944	0.976110065335127
85.5067901611328	189.129043579102	5.17302656173706	-4.02877697044669
102.404991149902	186.567260742188	4.70173168182373	0.453650593536985
109.488128662109	314.430206298828	4.60428524017334	-1.71005659507095
122.652877807617	330.036437988281	5.47386264801025	-1.28546492553132
126.594192504883	315.766510009766	5.43583822250366	-1.64702201957577
138.189514160156	10.6417512893677	5.34003353118897	0.0977120487293197
146.413177490234	313.212127685547	5.36606025695801	-1.70560030649396
167.819503784180	255.880050659180	5.04253864288330	1.40495545438265
167.819503784180	255.880050659180	5.04253864288330	-1.51452783250261
169.539703369141	203.144882202148	4.79559516906738	-3.40060242845767
170.151931762695	22.6128978729248	5.07463502883911	-1.15382977479641
171.044479370117	235.494216918945	4.90718460083008	-3.87232312585887
179.097274780273	150.718246459961	5.56437873840332	-1.50071783622317
185.543991088867	18.3770847320557	4.66787385940552	0.866193411502483
185.543991088867	18.3770847320557	4.66787385940552	-1.67168829219286
187.978027343750	231.050277709961	4.41154432296753	-3.81843009572935
197.813919067383	111.832580566406	4.70710277557373	-1.89606681642657
198.543380737305	216.688491821289	5.32646131515503	-0.324230644704327
214.381408691406	192.600036621094	5.13021516799927	-1.86893555010667
215.336486816406	360.838623046875	4.87375974655151	-2.15524273152503
229.792007446289	276.047058105469	4.82647609710693	-4.58015800062871
231.647537231445	486.522430419922	5.25139617919922	1.49209201684871
263.300109863281	177.727127075195	5.28729486465454	-0.196978897066242
264.832672119141	144.052108764648	5.59195470809937	-0.273781624025994
267.486083984375	337.548675537109	4.95324754714966	-4.52064530497853
280.496643066406	80.9678268432617	5.10494279861450	0.447293186055445
295.857788085938	87.2172775268555	5.32023954391480	1.21487748399145
296.437744140625	334.895172119141	4.89169645309448	1.23011483999989
305.517425537109	25.2139644622803	5.22845029830933	-0.987090672652392
305.517425537109	25.2139644622803	5.22845029830933	-3.55936600833413
313.362548828125	324.487915039063	4.76681852340698	0.628225994777792
311.496917724609	449.877441406250	5.18226146697998	1.13545167060702
327.238342285156	200.854309082031	5.50263881683350	0.265567992554906
330.544464111328	327.970428466797	5.59627342224121	-1.13059282547645
334.830566406250	179.426284790039	5.45729827880859	0.0623468053654177
334.680847167969	345.982879638672	4.81956338882446	-1.15841536526457
340.556274414063	152.706741333008	4.94632720947266	0.409289033227358
345.622222900391	29.0468635559082	4.54123592376709	-1.59622330319554
350.473510742188	53.1590118408203	4.92596197128296	-3.77902321937982
352.517761230469	79.9295043945313	5.44453716278076	-3.53529793897347
356.391998291016	153.284530639648	5.15340805053711	0.410434093057856
367.817047119141	474.015472412109	5.01470184326172	-0.120319198770471
373.744079589844	294.645965576172	5.21711349487305	-3.21810966437382
374.995605468750	18.7025222778320	4.67420911788940	-2.96815736703974
376.033721923828	193.705047607422	3.83380985260010	-0.0275602195892108
381.319580078125	60.4505996704102	5.03502225875855	-0.650810667170127
386.907806396484	293.143768310547	5.18847894668579	-0.262307001978298
386.907806396484	293.143768310547	5.18847894668579	-3.21850718216208
457.932708740234	144.827453613281	5.28444719314575	-4.26403117086536
457.920227050781	331.252807617188	5.56789970397949	-2.51126602590827
491.483673095703	88.5959548950195	4.88669538497925	-3.31444255538298
492.416717529297	27.3823070526123	5.36537504196167	-3.36925744841292
507.728240966797	398.137512207031	5.35046720504761	-4.71163083425539
516.827270507813	171.103652954102	5.47708177566528	-4.33699066208090
537.318725585938	180.033996582031	5.13261222839356	-4.25430012675428
562.555541992188	320.106140136719	5.39144897460938	-0.0743621464018061
562.555541992188	320.106140136719	5.39144897460938	-2.85005258180767
565.009399414063	29.2112140655518	5.06278610229492	-0.478152893901789
565.009399414063	29.2112140655518	5.06278610229492	-2.24259555569461
569.888000488281	156.585006713867	4.94074583053589	-3.02812778676586
575.490112304688	311.851959228516	4.82234477996826	-2.73030467291774
603.949768066406	497.334808349609	5.42117166519165	-1.76123996005152
605.820861816406	47.8932609558106	5.13537645339966	0.208242661203375
607.153381347656	204.487884521484	4.88134813308716	-4.32220448091480
625.176757812500	324.045562744141	5.47236824035645	-2.80636376643667
637.472106933594	239.188537597656	4.86766719818115	-3.05152216744139
660.411193847656	110.582237243652	5.15156841278076	0.941501553384147
684.102355957031	270.467468261719	5.44428920745850	0.686651493435146
689.023315429688	92.9599304199219	4.95053052902222	1.04113787225388
704.479309082031	104.098464965820	4.63952159881592	-3.79894130025518
717.316711425781	145.841644287109	4.62619638442993	-3.66161878058757
42.0062522888184	302.069702148438	5.88722944259644	0.0845486294764339
46.8057861328125	370.537597656250	6.13344430923462	-4.44704600909284
52.7069320678711	155.488647460938	6.60777997970581	0.0449119236274658
59.1296463012695	128.826110839844	6.98802280426025	0.799387589877984
65.9778442382813	183.382110595703	6.94002103805542	0.918815202451734
92.5967559814453	92.1377029418945	6.46387720108032	-1.86423761052942
92.5967559814453	92.1377029418945	6.46387720108032	-4.24945092022630
102.061515808105	281.223754882813	5.89075946807861	-4.57718464797617
130.930892944336	454.001892089844	6.88336467742920	-4.35850086356823
138.118453979492	332.217285156250	6.16646862030029	-1.61014006938733
147.531127929688	273.649108886719	6.36624908447266	1.22350640405314
168.750701904297	112.254516601563	6.79786252975464	-0.488446393919805
191.821807861328	272.135955810547	6.38305091857910	-4.48024359365543
206.048278808594	408.648712158203	5.83751296997070	-1.24196960784092
206.048278808594	408.648712158203	5.83751296997070	-4.56861031279008
211.844741821289	43.6993293762207	6.95372962951660	-0.724029740428538
211.844741821289	43.6993293762207	6.95372962951660	-2.20617681243389
211.844741821289	43.6993293762207	6.95372962951660	-4.28426608647264
220.579238891602	150.253967285156	6.11308240890503	-2.76683751993308
235.472976684570	222.177947998047	6.55768537521362	-2.14226797655478
257.872985839844	357.051147460938	5.96728467941284	-1.43737082838218
270.555908203125	301.450012207031	7.07081604003906	-3.48603309015542
291.162658691406	8.97715759277344	7.01583576202393	-4.04773079501685
298.544403076172	226.551025390625	6.51793241500855	-2.90577342074834
298.731231689453	318.611419677734	6.34101057052612	0.711997434796398
314.690460205078	105.959609985352	5.60031175613403	-2.61211279277993
319.999725341797	75.7984008789063	6.70199203491211	-4.41639222153998
318.443023681641	227.124374389648	6.72795104980469	0.183471632729880
335.791046142578	225.661743164063	6.45048046112061	0.136111696263665
341.081848144531	255.260314941406	5.84749031066895	0.953186225852986
339.895416259766	407.285186767578	6.02469968795776	1.46790724061007
357.722625732422	88.9188919067383	6.57070159912109	-3.28031388213451
373.899963378906	123.672904968262	7.01729822158814	0.0733599152908571
386.045349121094	156.115158081055	7.21910381317139	1.10331568868137
386.045349121094	156.115158081055	7.21910381317139	-0.833721131294031
391.152862548828	46.2635421752930	6.14089155197144	0.919376928442866
395.054870605469	197.150909423828	6.17352008819580	-0.175096251124540
403.328033447266	175.830108642578	5.86112499237061	-1.44309547218175
414.655914306641	105.447044372559	6.33629417419434	-4.42322925974826
413.672607421875	397.047729492188	7.01006460189819	-4.66219862920683
422.993713378906	184.161468505859	6.32408332824707	-1.30320774801194
431.297302246094	116.364959716797	5.93801689147949	-4.29477539037996
432.463439941406	135.812988281250	6.46010112762451	-4.21899571931174
449.867919921875	462.155364990234	6.79622888565064	0.195452026815247
465.525817871094	32.7613220214844	6.62015819549561	-3.88357229535802
493.291839599609	209.467391967773	6.32023572921753	-2.62098278482755
492.353698730469	382.837768554688	6.02970886230469	-4.63573025460784
524.721435546875	80.7457275390625	6.01308441162109	0.445190201176452
524.721435546875	80.7457275390625	6.01308441162109	-2.93522116857155
538.190368652344	397.898437500000	6.95597410202026	1.54947010429777
544.673400878906	223.621475219727	6.14332532882690	-2.68952023226921
545.075927734375	423.847808837891	5.91820287704468	0.112037511174228
545.075927734375	423.847808837891	5.91820287704468	-4.59849698301632
596.539062500000	348.643188476563	6.87755918502808	0.0742436169071508
608.934997558594	319.293762207031	7.16134738922119	-1.18554525577342
684.301147460938	152.304779052734	6.84047651290894	0.578636329178072
697.786499023438	483.013061523438	5.51173448562622	-3.81508635006588
702.867187500000	57.4996299743652	5.99186515808106	-0.222670295212118
715.376586914063	318.371185302734	5.88520526885986	-0.590447752511046
715.376586914063	318.371185302734	5.88520526885986	-2.58881492591867
718.114074707031	356.103607177734	5.84262371063232	0.510352843756878
718.114074707031	356.103607177734	5.84262371063232	-1.08572174278942
724.680725097656	70.2512741088867	5.60179710388184	-1.89118351128978
733.137390136719	122.798439025879	6.11298084259033	-1.49050660760466
733.137390136719	122.798439025879	6.11298084259033	-4.62380989613103
734.262084960938	86.3302993774414	6.17999505996704	1.14445685703971
33.9270668029785	183.069946289063	8.06616020202637	0.590054003580946
60.9933815002441	125.837387084961	7.77601385116577	0.821434918887246
66.5819854736328	223.889282226563	7.85045814514160	0.391036318080016
68.6417465209961	63.2145881652832	7.62927150726318	-0.127933111669409
90.6123504638672	297.412322998047	8.16597938537598	-4.47460862846546
105.495811462402	40.0061874389648	7.64695596694946	-2.53592990222122
106.933616638184	123.442527770996	8.51144695281982	-3.93919595022691
103.768508911133	472.074340820313	8.15853023529053	1.17864958659099
103.768508911133	472.074340820313	8.15853023529053	-1.68149021233906
191.034942626953	323.502746582031	8.19865894317627	-1.59244215681406
201.507873535156	451.519165039063	8.55629348754883	-4.27410953226850
203.899948120117	389.176452636719	8.07048034667969	-2.35653640374096
223.086791992188	97.4718399047852	7.25794315338135	-2.69864038781974
256.190979003906	39.2041664123535	8.43609428405762	-2.30098311585487
349.871154785156	132.618606567383	8.31654548645020	0.170970525289733
373.908782958984	121.893249511719	7.53907299041748	0.104951189828536
386.789062500000	156.847045898438	7.50194168090820	0.869287290775740
386.789062500000	156.847045898438	7.50194168090820	-1.00663811893360
420.164428710938	494.209472656250	9.05274868011475	-0.149499010667863
426.906463623047	55.4485244750977	7.57033205032349	-3.17671364687141
463.437683105469	83.3627166748047	7.39196872711182	-3.28382016690972
528.987304687500	131.132003784180	7.52503442764282	1.19150657448517
535.328796386719	398.117950439453	7.52096509933472	-4.69751130215298
603.086120605469	421.492034912109	8.33362770080566	-2.54320412432346
610.445922851563	256.370117187500	9.13068866729736	-4.64833166025454
630.658386230469	125.070220947266	8.27910327911377	-4.23967373555580
629.750000000000	399.247375488281	7.66459178924561	-4.65627901012991
644.956726074219	88.1605300903320	8.01208877563477	-2.05976435195087
644.956726074219	88.1605300903320	8.01208877563477	-4.58210502117783
645.140625000000	422.959991455078	8.71194171905518	1.48690109832285
645.140625000000	422.959991455078	8.71194171905518	-1.19556762675002
662.052551269531	20.2427177429199	8.00627231597900	-1.29325014282828
693.208801269531	320.769714355469	8.04246044158936	0.162018551320643
696.476501464844	50.8637542724609	7.48151874542236	-0.0998682436721348
729.538696289063	385.041229248047	8.67370796203613	1.36538505234035
153.212142944336	352.792999267578	10.3569498062134	-1.62564603701068
166.189071655273	289.669952392578	9.76593971252441	1.53480750121221
184.196334838867	54.4685096740723	9.00468444824219	1.18532191081007
184.196334838867	54.4685096740723	9.00468444824219	-0.424387228657881
230.592056274414	415.904266357422	10.8410024642944	-1.42050623511271
316.876739501953	208.652221679688	11.7516326904297	0.123623779295087
404.606964111328	351.181854248047	11.1658515930176	-1.53570519671516
438.089355468750	249.989578247070	10.5066509246826	-4.66105756906864
448.958465576172	122.511039733887	9.56882858276367	-4.17875253730947
482.300964355469	341.808898925781	9.87347984313965	-1.66099128672662
511.589599609375	465.853698730469	10.0249319076538	0.0460146628232598
517.428710937500	205.110794067383	11.0526866912842	-1.91335485705246
520.241455078125	278.776580810547	10.3080034255981	-3.16647774356430
570.210388183594	206.466293334961	9.73946285247803	0.00861124884421805
570.210388183594	206.466293334961	9.73946285247803	-2.74238079248284
668.681945800781	188.647735595703	10.0249147415161	-3.22441132290937
24.8038272857666	254.851257324219	13.7603559494019	0.777478622558957
24.8038272857666	254.851257324219	13.7603559494019	-4.21795709182208
37.6367683410645	29.9588813781738	13.2503528594971	-1.91317431632002
184.720108032227	184.504943847656	13.2404813766480	-1.89179490870937
194.551742553711	89.5013351440430	12.6648349761963	-0.271505471243864
194.551742553711	89.5013351440430	12.6648349761963	-2.76978653681908
231.265548706055	262.732330322266	13.0870256423950	-4.31052864749702
319.258056640625	42.6142921447754	12.7430238723755	-4.38057093097015
316.698211669922	207.069061279297	12.5869264602661	0.0733654942911231
344.090637207031	430.269958496094	11.8348531723022	1.44993334988811
364.139801025391	369.523590087891	13.9970226287842	-1.43889454182145
413.048919677734	278.525970458984	12.8053112030029	-4.70509109175902
416.977874755859	30.0837898254395	12.1832599639893	0.928364350240674
416.977874755859	30.0837898254395	12.1832599639893	-3.56934918000743
498.923278808594	174.868927001953	11.3252124786377	-4.40267170009790
517.072204589844	206.682952880859	11.4138097763062	-1.94061862545576
568.216735839844	1.31046366691589	12.8779745101929	-1.62562244785317
579.538757324219	178.255950927734	13.6355361938477	-3.39788815337749
594.016784667969	320.715301513672	11.9490833282471	-1.31889660597442
597.050109863281	50.8746986389160	13.9304933547974	-0.196976300297851
38.6172180175781	32.4162712097168	14.4484004974365	-1.92188838824791
102.647369384766	350.132507324219	15.3442087173462	-1.53815797428577
145.758132934570	217.795822143555	16.5150279998779	0.711790780164927
153.710205078125	46.6419792175293	15.1112728118896	0.187313112052539
229.557266235352	451.768859863281	16.2321720123291	-1.38052541235744
229.557266235352	451.768859863281	16.2321720123291	-4.04494828935368
236.805328369141	306.646759033203	15.4991521835327	-4.01007128017061
351.401275634766	282.161682128906	15.1085519790649	0.278840697234824
362.640625000000	370.824554443359	14.9714078903198	-1.44656538340147
379.945312500000	243.163024902344	15.7643251419067	1.44299677498738
432.289733886719	377.688629150391	16.1397037506104	-1.64954453140280
600.986328125000	442.827453613281	15.0377931594849	1.40125848494486
660.397033691406	296.913818359375	16.1336898803711	-3.09273862643116
83.7745437622070	304.830657958984	18.9917869567871	1.03797529999965
83.7745437622070	304.830657958984	18.9917869567871	-1.44479684650743
246.454544067383	115.004859924316	19.3031730651855	-2.71059483968075
253.201034545898	60.5427703857422	20.4966449737549	-2.85330385782950
297.482788085938	298.105346679688	19.3947525024414	0.215327592574047
407.360626220703	444.747650146484	19.5058135986328	1.34814629852702
416.285125732422	150.114974975586	19.6395435333252	-4.22324065922353
488.175170898438	118.751029968262	23.6838569641113	-4.18945682019549
496.762329101563	295.833709716797	22.3888015747070	-1.95074592622273
554.804870605469	244.607238769531	22.8633193969727	0.745356367644350
554.804870605469	244.607238769531	22.8633193969727	-3.79586134109300
606.480163574219	287.312347412109	18.3988895416260	-1.32092674487952
606.480163574219	287.312347412109	18.3988895416260	-3.17831751143389
675.913208007813	76.0774612426758	20.7293968200684	-0.422656216380994
126.084381103516	114.454650878906	24.6927452087402	0.0226964320744063
543.473205566406	352.052093505859	27.4055004119873	-2.02527566654370
660.699951171875	353.470550537109	24.3181076049805	-0.473367578789528
673.088806152344	259.436706542969	24.5737419128418	0.662257910340348
673.088806152344	259.436706542969	24.5737419128418	-3.31476881044394
70.2701568603516	98.4168930053711	58.1010208129883	-0.122332538597525
143.617034912109	295.432189941406	48.0558815002441	0.780704487694182
289.627410888672	222.916732788086	46.0103530883789	0.0244215015941367