4.205471 445.808990 2.035632 -1.446524
4.425965 99.318695 2.153097 1.301333
4.872303 612.250000 1.961605 -1.651996
7.285121 554.093933 1.972436 1.436178
10.918979 397.916962 2.141593 -3.741732
11.756821 27.494595 2.025167 0.318808
15.094736 535.090332 1.875976 -1.486698
22.727501 282.582001 1.962727 -0.142302
22.727501 282.582001 1.962727 -1.942074
23.208733 318.134705 1.954720 -0.738240
23.048550 552.773438 1.891376 0.874632
24.625483 369.087952 2.411005 -1.212477
24.508663 545.072083 1.906592 1.014973
27.352036 632.562439 1.746759 -2.808104
27.744432 323.530121 2.227867 -0.817427
27.670267 356.448120 1.974857 -0.886902
30.996363 489.639832 2.261845 -4.532050
31.988071 313.519623 2.217633 -2.661906
33.437321 200.039886 2.030977 -3.982492
33.245998 334.406281 1.665378 -1.144046
34.605118 437.683716 1.892812 -4.453953
35.660889 176.744888 1.966704 -3.398549
40.115311 25.900663 2.070496 -0.102307
42.281837 522.922974 1.992345 -1.896530
42.498497 349.594727 2.070966 -0.829808
44.117531 449.942963 1.976947 -1.377143
45.850613 510.651489 2.239529 -1.492944
45.850613 510.651489 2.239529 -4.460568
48.275852 407.261871 2.252519 -3.085559
48.826622 614.747925 2.047181 -0.482954
50.998444 32.241394 2.086491 -1.916995
54.593224 530.835449 2.055744 -1.181962
56.455830 363.003235 1.716502 -0.346875
56.038933 434.022644 1.849901 -4.560514
61.918407 239.795578 1.864130 -1.504298
64.312958 550.215942 2.092214 -1.893501
64.312958 550.215942 2.092214 -4.469509
66.419342 391.823486 2.021957 -2.426078
67.168633 345.331146 2.015393 -1.789629
67.168633 345.331146 2.015393 -3.705292
67.985886 328.785248 1.969513 -2.358489
72.939423 532.589111 2.100579 -1.912621
73.746567 564.758362 1.947507 1.494649
81.442551 126.299088 1.704103 -1.989777
83.392456 246.533936 1.815445 -0.636465
84.284126 521.449707 1.927456 -1.382063
86.920631 129.678802 1.996763 -1.943921
87.879578 14.680086 1.950635 -2.927426
92.312218 501.411072 1.893168 -4.522063
95.355713 10.998438 1.935043 -2.454615
94.730286 280.280579 2.128505 -2.172088
95.266479 620.052673 2.021807 -2.342031
96.184761 425.724457 1.891816 1.565466
96.625694 570.017639 1.787214 -4.542111
100.272659 287.829773 2.189967 -2.015941
102.240746 209.174652 1.917948 -3.907524
101.885231 543.385010 2.179611 1.234621
103.398041 349.449402 2.262115 -0.975172
105.063812 291.235962 1.915794 -2.114661
106.527237 421.740601 2.168747 1.510799
106.478302 502.082031 1.906553 1.498834
107.880661 413.266815 1.864538 0.547174
107.880661 413.266815 1.864538 -2.627800
108.979240 312.520630 1.988802 -2.249054
111.080376 333.931519 2.021450 -2.354739
115.919685 148.934753 2.048062 -4.576480
115.742050 330.518158 1.906895 -3.269227
115.742050 330.518158 1.906895 -4.030062
116.066154 422.186371 1.877706 -0.855148
119.128464 8.911406 1.868472 -3.520446
119.686050 159.279312 2.105276 0.958985
122.585823 409.399811 1.767125 1.365377
126.865280 367.726868 1.976196 -3.133674
126.865280 367.726868 1.976196 -3.900791
127.766487 498.532715 1.926295 -4.272602
129.954269 624.831482 2.001314 1.347400
132.413864 246.714798 2.054008 -2.814314
132.165649 406.410828 2.405881 1.466714
136.364578 202.212906 1.974228 -3.517582
135.971680 415.395691 2.285049 -1.724450
135.971680 415.395691 2.285049 -3.823122
135.907120 422.839600 2.015251 -1.661776
137.447311 153.365402 1.874874 -0.814361
136.925507 359.901276 2.016718 -3.995843
138.231659 110.921753 2.057359 -1.691547
139.227524 443.827209 1.853344 -4.309052
138.823715 630.778442 1.978513 -2.267267
141.048111 605.695129 1.933038 -4.635726
142.096191 37.069870 1.783882 -3.092372
142.174194 196.553528 1.883099 -2.770818
142.976074 23.850101 1.912254 -4.069234
143.330902 82.694641 2.092303 -0.899757
142.859634 272.941376 1.895400 -1.856427
144.177734 515.604370 2.132722 1.558000
145.225754 444.839142 2.007720 -4.440260
144.407898 558.597046 1.924078 -4.415490
146.256516 18.870632 2.106961 -0.738610
147.252029 339.826935 2.002499 -1.548574
147.252029 339.826935 2.002499 -3.935278
147.614334 34.713192 2.061388 -3.735815
148.340607 234.710190 2.060280 -1.782486
149.516571 425.203400 1.694708 -1.947323
149.516571 425.203400 1.694708 -4.564225
151.435455 381.548157 2.199334 -3.448179
153.307190 95.041809 1.879005 -1.093729
159.276047 34.969841 1.821372 -0.817629
159.845825 437.653076 2.209651 -1.628296
161.321152 393.611359 2.260412 0.133905
161.321152 393.611359 2.260412 -2.810212
162.880493 188.072052 1.908409 -1.698778
162.880493 188.072052 1.908409 -3.881725
164.913391 632.694824 2.084690 -2.237329
164.913391 632.694824 2.084690 -4.252140
166.360428 144.659958 2.131812 -0.998217
166.748627 334.089966 2.109117 0.861625
168.118042 115.908066 1.926508 0.958645
168.770721 134.001205 1.771494 -4.079193
171.137344 18.524010 2.003250 0.322232
171.137344 18.524010 2.003250 -2.445680
171.121674 244.164902 2.097323 -0.539572
173.383560 423.593903 2.194155 1.518924
173.873276 632.558716 1.942389 -1.296663
175.473526 91.550110 1.933186 -0.614418
175.084351 565.333923 2.094851 1.266716
177.100113 514.515747 2.146430 1.439764
179.063248 197.887268 2.059596 -4.566003
182.165085 58.251202 2.020211 -0.676746
183.086288 518.510376 1.858106 -4.213413
184.472366 576.958618 2.160832 -1.550841
184.474075 356.333496 2.055250 -2.841167
186.931931 139.743103 2.174624 -0.841464
191.479172 60.914669 2.257941 -1.446689
191.681992 51.190132 2.066995 -4.419742
192.375061 90.013756 2.020239 -3.922901
193.155853 74.745750 1.888544 -0.602023
192.941452 284.411285 1.941777 1.151641
196.169113 121.814072 2.216258 -2.776574
196.169113 121.814072 2.216258 -4.212553
196.586151 226.606110 2.027485 1.176996
198.312103 205.883484 2.189319 -0.933016
198.312103 205.883484 2.189319 -4.344250
199.595093 64.148422 1.961589 -3.148232
200.773499 262.284119 2.020637 -3.374379
204.109772 153.711166 2.025756 -1.082604
203.563141 510.297119 1.882591 1.418808
205.361954 27.006969 2.049777 0.259586
204.958008 244.061539 1.917410 -2.054765
205.893738 170.891846 2.082826 -1.487209
206.259048 307.984802 2.047269 -1.602642
206.512970 33.865009 1.871001 0.207849
209.141800 158.437790 1.979630 -1.701869
210.307800 176.758545 1.755343 -1.568523
211.503662 374.262634 2.143985 0.776514
211.503662 374.262634 2.143985 -0.828654
211.515137 47.365711 1.803246 1.529531
211.515137 47.365711 1.803246 -0.954398
213.066071 574.396790 1.937040 -4.603787
213.698181 498.104645 2.055779 1.347740
213.698181 498.104645 2.055779 -1.322142
213.668747 535.924438 2.008732 -4.649898
214.431992 122.362152 2.404135 -0.366618
218.216187 97.593369 2.050458 -1.652640
218.513306 128.371246 1.965732 -0.777098
218.513306 128.371246 1.965732 -3.740222
218.577484 115.111641 2.257067 -0.184399
219.584335 211.862183 2.004861 0.969377
220.663773 521.976746 2.245273 -1.383570
222.261230 183.278580 1.901751 -0.551811
221.252838 239.859787 2.073165 -0.250053
225.885361 19.370916 1.946000 -3.960637
226.167297 460.125977 1.976365 -1.639124
227.212723 289.857208 2.092142 -2.297638
227.212723 289.857208 2.092142 -4.369241
229.860443 258.851074 1.903268 -0.556803
229.450500 283.137878 2.093192 -1.694954
229.854599 342.270996 1.843535 0.288202
229.809189 529.055786 1.832754 1.428870
230.663788 84.219780 2.153223 -1.254212
230.663788 84.219780 2.153223 -4.304931
231.695175 69.038368 1.894913 -3.998490
232.244781 182.242889 2.199159 -3.601811
232.244781 182.242889 2.199159 -4.644697
232.074173 404.168030 1.940039 -0.026192
232.228485 466.750366 2.053895 -1.643446
234.537781 105.128677 1.842478 0.117567
234.537781 105.128677 1.842478 -2.334534
234.972870 126.357010 2.072963 -4.173466
234.925583 273.906158 2.247522 -0.806288
234.925583 273.906158 2.247522 -4.070495
234.685410 614.643005 2.041059 -0.581264
234.685410 614.643005 2.041059 -4.424528
237.243820 84.523560 1.910313 -3.127428
237.840439 90.610886 1.925141 -2.012001
237.840439 90.610886 1.925141 -3.111732
237.888214 192.552078 2.173311 -3.897810
240.042664 612.923706 1.964535 -0.579923
240.042664 612.923706 1.964535 -1.862240
242.351547 157.283096 1.988061 0.588239
242.351547 157.283096 1.988061 -1.970691
242.081467 276.541473 2.126658 -1.162336
243.137894 38.802494 1.879491 -1.066312
242.816376 467.910248 2.210029 -1.714497
244.496155 490.043579 2.289951 -1.435129
247.321518 150.461014 2.048167 1.051816
247.321518 150.461014 2.048167 -3.387992
247.165344 273.080627 2.052182 -1.191641
246.866028 512.817383 1.952586 -0.681772
247.904114 459.114716 1.854158 -1.411514
251.572449 359.702881 2.138123 -2.374567
251.572449 359.702881 2.138123 -4.232922
252.040482 128.654816 2.160058 1.077000
253.572983 26.783604 1.990542 -3.769209
255.496155 571.567505 1.966840 -1.444733
255.921112 93.775414 1.997694 -0.637870
255.830032 311.857361 1.999455 -1.703506
257.821198 493.206421 1.825032 -1.451856
257.937225 505.848022 2.198639 -4.486693
258.770355 163.850739 2.181899 0.933092
259.768494 6.168183 2.127229 -1.415062
259.768494 6.168183 2.127229 -2.458419
261.337799 30.129906 2.243343 -2.399266
262.301270 433.282501 2.210817 -1.468212
262.996979 135.004791 2.080656 -2.261561
262.653839 195.755157 1.940169 -1.397128
263.432922 306.408325 2.113183 -4.049487
263.563873 68.711472 2.108085 0.652400
263.563873 68.711472 2.108085 -4.076961
266.781403 98.913010 1.818393 -2.286616
268.280884 119.715218 1.929070 -4.119170
268.249451 222.742844 1.922375 0.581605
268.249451 222.742844 1.922375 -2.525666
269.662292 284.827972 2.230527 0.686640
269.662292 284.827972 2.230527 -1.717633
270.390198 592.786987 1.746061 -1.710276
274.066772 117.473640 1.984488 -3.731499
273.983459 147.362534 2.116365 -0.424981
273.983459 147.362534 2.116365 -1.672303
274.897705 182.087677 2.118240 -3.374350
277.106720 255.332047 2.081316 -3.203163
278.138000 50.276783 2.087931 -3.803582
278.907257 245.445419 1.902383 -2.680270
278.853119 269.214722 1.893579 0.462675
278.853119 269.214722 1.893579 -2.943983
280.258514 34.165367 2.158609 -1.629922
280.067444 160.162888 1.995413 -4.031859
287.261841 300.896973 2.166182 -0.507672
287.603973 26.406824 2.085338 -1.043720
287.661835 610.600586 1.912823 -1.062149
288.957062 207.698990 2.004877 -0.116306
289.321960 218.417709 2.065958 -0.653913
290.872559 102.834061 1.939522 -4.268916
290.867340 259.867096 2.020043 -3.446232
293.136292 61.107769 1.945681 0.418955
293.128143 372.524353 2.238145 -0.479201
293.128143 372.524353 2.238145 -3.289326
292.872314 185.390762 2.312374 -1.261444
292.872314 185.390762 2.312374 -4.113214
294.625214 463.057220 2.042264 -2.589283
295.241119 489.881348 2.094965 -2.701544
295.241119 489.881348 2.094965 -4.450084
297.429993 545.291199 2.229301 -4.649421
304.070770 88.056686 1.982533 -4.076675
303.915649 134.432343 1.819747 -4.056255
303.548981 145.852432 2.263810 -3.854253
306.096405 258.756683 2.329731 -0.354946
307.051636 153.814438 2.207586 -3.311783
308.183929 420.870331 1.609543 0.116001
309.465668 145.960953 1.961841 1.429825
309.465668 145.960953 1.961841 0.207244
310.597809 21.611141 1.945172 -1.030562
312.013184 93.666885 2.176070 -0.376146
311.447968 532.490601 1.808171 -1.515525
311.447968 532.490601 1.808171 -4.609557
312.920593 132.018631 1.883734 -4.469685
312.769440 308.405884 2.146488 -0.004811
312.769440 308.405884 2.146488 -0.808039
312.829132 376.491364 1.921621 0.142066
313.327515 126.532669 2.143577 1.434426
315.148407 87.137856 2.214893 -0.128600
316.008240 337.831360 1.899328 0.723157
317.604950 103.352325 2.082646 -1.179121
316.941345 365.774750 1.813569 -3.283979
317.419708 275.808868 2.256383 -0.027890
317.787628 385.345184 2.131191 0.302166
318.741608 97.022682 2.046305 -0.990274
319.902069 452.826904 1.828981 -0.070907
321.207886 187.774017 2.079191 -2.723554
322.719604 540.921631 1.915933 -1.330660
323.510956 139.681213 2.296842 -4.165423
323.969879 244.369568 1.996414 -1.932543
323.900726 608.887329 2.168864 -1.314518
323.900726 608.887329 2.168864 -4.143905
326.062775 381.915588 1.952940 0.466965
326.567047 550.190002 1.986036 -4.643190
328.586273 504.044067 2.264859 -1.305149
329.997437 41.056847 2.065262 -0.746341
331.599304 12.063570 2.394510 -2.416528
330.962372 82.928581 2.236250 1.049518
331.481018 428.993256 1.794593 -4.691472
331.122162 589.923584 1.933804 -1.813392
332.807526 240.030426 1.881796 -3.231507
333.548035 594.759827 2.058224 -1.997731
333.688538 469.514038 1.899793 -1.513626
338.589569 335.723206 2.311966 0.359320
339.642212 128.419617 2.161930 0.366385
339.642212 128.419617 2.161930 -3.821475
340.093201 107.732193 1.980078 1.050894
339.859467 379.004211 1.833901 0.836461
340.292328 510.792175 2.024752 -1.493113
340.274384 587.989624 1.981956 -1.793490
341.299286 214.102036 1.748446 -0.986977
341.740112 231.156631 2.018050 -2.638921
341.723785 295.663727 2.037846 -2.348812
345.316895 175.342514 2.065073 0.172478
345.316895 175.342514 2.065073 -3.339012
346.265747 58.552303 2.122490 -2.190937
346.265747 58.552303 2.122490 -4.121351
346.186981 520.889526 1.901347 1.301288
346.186981 520.889526 1.901347 -3.291899
346.622833 220.203445 2.004227 -2.315094
347.587677 64.653053 1.994155 -2.211482
347.587677 64.653053 1.994155 -4.034624
348.093567 377.686554 1.996350 1.012483
348.715363 103.810211 1.825698 0.868588
351.606018 313.024261 2.000244 0.362943
353.590240 26.178246 2.170960 -3.057196
356.399689 537.165588 1.978538 -4.488173
358.381104 288.422913 2.197062 -2.182147
358.012573 532.134888 1.832083 -4.509783
359.420624 124.152512 1.873349 -2.577497
359.564484 148.474045 2.265506 0.723569
359.742340 328.483490 2.233208 -1.054044
360.721954 560.376709 1.838005 1.481257
364.344910 125.838997 1.961088 -2.616292
366.236877 261.518555 2.180608 -3.522059
367.357086 73.303154 2.214399 -0.296520
366.853882 240.813751 1.965350 1.511553
366.630707 385.023834 1.776751 0.972806
366.630707 385.023834 1.776751 0.220854
366.630707 385.023834 1.776751 -2.644981
370.777344 176.629288 1.881063 -3.678258
371.549133 246.371979 2.169208 -4.413396
372.414825 64.696259 1.775022 -0.959095
371.984467 515.117920 1.893568 -1.557433
371.984467 515.117920 1.893568 -4.356794
372.869385 204.526505 2.013335 0.041548
372.272736 336.334869 2.206753 1.247451
372.272736 336.334869 2.206753 -1.907001
376.719635 61.241867 1.995184 -3.378332
377.574524 367.531921 2.237488 -1.416798
377.948181 404.370972 1.877898 1.339301
378.693298 258.940582 1.873609 1.470361
378.630157 373.841400 2.023627 -4.507199
378.944916 545.929626 2.071048 -4.647541
381.714447 526.005371 2.215942 -1.494631
381.714447 526.005371 2.215942 -4.287804
383.106476 90.780495 2.068990 -3.412248
384.407135 76.051704 2.176338 0.639143
384.720764 118.849625 1.884173 -3.472902
384.941467 606.721252 1.868057 -1.379840
385.625793 48.046036 2.038445 -2.740571
385.625793 48.046036 2.038445 -3.735020
386.299072 359.204254 2.345228 0.547619
386.299072 359.204254 2.345228 -1.183495
387.130341 66.880722 1.919801 -3.331982
388.791779 80.645027 2.137973 0.649495
388.791779 80.645027 2.137973 -2.692873
389.178619 108.696648 1.923638 -0.093826
388.498627 267.989044 1.938446 -3.505636
389.141632 595.761841 1.827791 1.364580
389.865112 117.470245 1.963021 -0.099226
389.865112 117.470245 1.963021 -3.471924
391.139618 418.836243 1.632580 -2.242960
392.060425 160.863266 2.138035 0.373061
393.349701 369.310181 1.790871 -1.283445
394.111877 260.006592 1.903145 -4.370653
395.077728 43.555771 2.080897 0.656217
394.999176 52.440285 1.951637 -0.362359
395.202057 80.532600 1.895820 -3.070789
394.903992 148.346329 2.050793 1.059387
396.178833 169.642410 2.017007 -2.443674
399.125366 210.588684 1.899334 -1.794205
398.615845 492.312927 1.820969 1.531955
401.124664 134.702393 1.836983 1.207190
401.124664 134.702393 1.836983 -1.477626
402.541443 61.439304 1.999629 1.492215
402.541443 61.439304 1.999629 -1.477713
402.541443 61.439304 1.999629 -3.148041
402.725220 463.931793 2.037454 1.247595
403.427856 263.213165 1.978281 0.746022
403.401581 367.496979 2.169373 -0.115364
404.610107 600.417480 2.201793 1.050201
405.551270 305.026459 2.065538 0.567265
409.687775 238.841934 1.976941 -3.055443
410.991150 497.634827 2.144658 -1.639476
411.232025 526.838013 2.123421 -4.622439
411.538757 558.450500 1.765850 1.556953
410.907623 633.216187 1.920203 -1.492385
414.567627 42.186157 2.074213 0.883305
414.567627 42.186157 2.074213 -2.698063
415.007172 365.027191 1.996553 0.144617
416.729858 126.556389 1.728158 0.994311
416.729858 126.556389 1.728158 -1.610349
415.252716 227.942490 2.214918 0.877013
417.357819 340.760284 1.863599 0.378346
417.357819 340.760284 1.863599 -2.671726
419.202087 160.594330 1.842918 -1.514369
419.288696 206.905548 1.888012 -1.192840
419.172943 336.289093 1.891568 0.698967
419.172943 336.289093 1.891568 -2.789660
418.995819 406.413208 1.965238 -1.939542
421.542847 344.610535 2.117315 0.307180
421.542847 344.610535 2.117315 -2.390321
422.174316 224.205673 1.943535 1.086590
422.174316 224.205673 1.943535 -1.189770
421.621674 253.326721 2.025501 0.031751
425.481201 276.000397 1.982836 1.351111
425.892731 533.448303 1.952531 0.496827
425.892731 533.448303 1.952531 -4.557400
426.859009 348.126617 2.263492 -2.413498
429.044464 208.235977 1.898129 0.571693
429.668365 281.220825 2.222095 1.560357
430.230499 307.023010 2.046519 0.156542
434.102600 4.885535 1.931902 -3.245561
434.267365 71.815300 2.056516 0.868220
434.905975 103.367256 2.263242 -2.167926
437.806335 159.760712 2.088062 1.281309
440.209869 47.408611 1.970056 1.146466
440.209869 47.408611 1.970056 0.341368
440.149780 257.200256 1.892524 1.214043
440.149780 257.200256 1.892524 -4.457785
442.575287 317.709717 2.140773 0.877481
443.146423 563.183289 1.817724 -4.522872
444.354736 24.331085 1.897780 -1.712222
446.578033 259.493317 2.109711 -1.996705
447.637207 517.652283 1.809829 -1.583993
448.564423 636.362427 1.971564 -0.513413
448.409515 321.296173 2.250835 1.012075
451.030762 215.876877 2.008385 -1.284059
451.695740 420.016754 1.941865 1.399380
454.298370 10.792188 1.985688 -0.594678
454.298370 10.792188 1.985688 -3.360533
454.831757 297.865601 2.015576 -3.758548
456.746765 517.433655 2.159837 -1.445137
457.909821 100.339226 2.303386 0.671758
460.113708 619.896179 2.185250 -1.272726
460.113708 619.896179 2.185250 -3.838509
461.615723 364.883362 1.908691 -3.721660
461.847687 473.105560 2.203250 -1.531907
461.616608 545.952881 1.806711 -4.364069
464.038879 268.939514 1.844824 -1.136855
464.038879 268.939514 1.844824 -3.137484
465.085052 333.475006 2.272631 -1.502148
467.893585 213.029984 2.079060 -4.087104
468.134521 165.358948 2.307068 -4.669408
469.281952 396.131439 1.934757 0.359169
469.281952 396.131439 1.934757 -1.647530
473.020020 305.649628 1.783224 -1.135197
474.530304 242.565765 2.040898 -1.925332
474.998138 368.333252 1.913075 -0.268470
474.998138 368.333252 1.913075 -3.047147
475.386780 410.913544 1.892439 -3.513937
475.652832 43.515068 2.102566 -2.427579
476.054413 78.883896 2.001588 -0.000179
476.159485 228.488556 2.200733 1.115235
476.159485 228.488556 2.200733 -2.809232
475.681458 333.993744 1.905802 -1.272398
475.968689 583.914917 2.097528 -1.036219
478.092346 599.867676 1.703556 -1.498569
2.792237 164.971542 2.420020 -0.985582
4.326894 393.526245 2.636919 -4.047062
5.368050 142.237930 2.699949 -1.437802
5.368050 142.237930 2.699949 -4.353541
4.518414 561.120605 2.625506 1.534247
6.408080 42.506927 2.788121 -1.764319
6.080526 227.598404 2.327152 -1.136414
6.080526 227.598404 2.327152 -4.072334
7.444251 353.976898 2.175802 -2.803931
12.853134 511.060486 2.716436 -1.576617
14.380816 6.324660 2.583951 0.727685
15.014194 360.568329 2.717035 -2.399808
17.018785 596.644165 2.421842 -0.882505
25.719954 245.209381 2.454128 -1.428037
29.339203 107.190514 2.862483 0.218598
29.339203 107.190514 2.862483 -2.059713
28.906437 285.312256 2.452549 -0.871660
33.310333 636.178894 2.658808 -2.893031
34.493576 411.767639 2.320040 0.134696
34.493576 411.767639 2.320040 -1.861438
35.396503 584.077759 2.424717 -1.539750
38.519875 369.522827 2.628199 -0.219215
39.408508 380.053711 2.545870 -0.237105
39.855801 35.589912 2.503341 -1.713003
44.029781 268.465057 2.465744 0.883288
44.330688 510.264801 2.568641 -1.626302
44.998894 260.378601 2.430575 -0.153245
45.902832 107.104286 2.605897 -3.921044
50.951237 607.248779 2.532043 -0.167039
55.583881 450.359344 2.448382 -1.448265
61.431889 257.959198 2.722279 -2.481564
61.699127 341.063568 2.281564 -2.904520
61.867275 363.261566 2.266919 -3.353056
61.679379 570.416077 2.719094 -4.414515
63.523994 532.229309 2.675550 -1.732914
66.910454 525.258972 2.556237 -1.393823
66.910454 525.258972 2.556237 -4.362760
67.567375 5.737025 2.710490 1.014511
67.881569 413.617584 2.841943 -3.878714
70.161949 271.880585 2.591799 1.295146
72.754829 155.585464 2.726533 1.204900
72.754829 155.585464 2.726533 -3.461495
74.672806 137.112946 2.562454 1.350734
77.425285 323.538544 2.607153 -2.442233
81.817436 313.876556 2.327264 -2.643200
82.035324 403.796631 2.697060 -0.824395
81.752220 510.980988 2.693508 1.308410
81.752220 510.980988 2.693508 -0.662336
84.390747 228.171112 2.319724 -1.553524
84.831398 136.408173 2.415311 -4.247969
90.518745 297.128174 2.481874 -2.201212
95.883835 205.812027 2.472760 1.507575
95.817940 414.106140 2.816224 -0.340481
96.019066 517.062073 2.731005 -1.716853
97.647713 242.500336 2.364732 -2.882286
99.071091 465.851410 2.341657 -1.492126
100.294800 36.928936 2.467239 -3.532566
101.508972 366.114288 2.534643 -0.773102
103.758461 27.893173 2.353957 0.044536
103.758461 27.893173 2.353957 -4.451936
104.544243 519.749451 2.720184 -1.316731
104.544243 519.749451 2.720184 -4.049414
105.602791 268.905579 2.590390 -2.952057
105.881401 327.479218 2.704279 -2.380701
105.881401 327.479218 2.704279 -3.959836
107.394859 36.816116 2.528468 -3.422428
109.961823 6.362457 2.621530 -3.631032
115.839478 246.030823 2.736831 -2.553579
117.946251 115.009216 2.646240 1.188766
117.946251 115.009216 2.646240 -3.575900
122.029396 212.788406 2.367677 -2.858654
121.697777 282.884247 2.625084 -1.437642
124.017784 539.456238 2.684360 0.267064
128.932007 299.259125 2.463039 -2.156079
130.274139 513.686707 2.609756 -2.031222
130.274139 513.686707 2.609756 -4.302235
131.970566 147.120071 2.742575 -0.854450
136.385757 304.723969 2.607707 -2.421724
139.656845 174.388382 2.672776 -2.399232
142.239578 242.556885 2.689887 1.526522
143.721573 295.279236 2.467288 -2.069128
144.087067 586.431946 2.630697 -4.702134
147.096832 417.715820 2.635993 -1.984491
147.096832 417.715820 2.635993 -4.673063
148.660690 543.750610 2.202910 -1.488137
148.498077 572.591736 2.503207 -1.150305
150.292953 132.997192 2.609490 -3.618437
150.872925 159.451477 2.240488 -4.137305
151.287949 186.474899 2.446940 -1.470186
152.314301 193.438492 2.609709 -1.469338
152.814163 313.438324 2.759276 -2.113317
158.233490 32.458488 2.320693 -0.814294
156.970886 240.597855 2.839871 -4.003290
157.768936 524.682617 2.807311 1.353519
160.519653 15.631602 2.584527 1.378608
162.633926 88.557762 2.547656 -2.210684
162.633926 88.557762 2.547656 -3.832744
163.174332 122.302139 2.472564 0.418891
163.174332 122.302139 2.472564 -4.533705
164.032990 516.375549 2.272310 1.499981
165.087524 80.123009 2.349342 -0.517447
165.087524 80.123009 2.349342 -3.564126
167.301422 306.064667 2.324676 0.746441
166.508194 478.383087 2.393083 -1.461704
168.425400 233.052887 2.545891 -0.392888
168.528305 72.475090 2.773514 -0.836555
170.508301 438.259521 2.494334 -1.471265
169.683716 535.232727 2.881407 -1.342752
171.679855 9.520536 2.202103 -0.038241
171.895508 412.451660 2.408769 -4.138936
172.972885 593.292969 2.797659 -4.137132
177.968140 176.807007 2.359802 -1.365936
178.922211 129.835144 2.374726 0.639157
178.922211 129.835144 2.374726 -1.905063
181.222092 441.687683 2.307532 -1.373885
186.339783 524.826050 2.752155 -4.611460
188.261749 392.403748 2.643195 -1.484659
188.261749 392.403748 2.643195 -3.082900
188.155380 543.886047 2.421906 -1.483948
188.609192 192.186417 2.540498 -2.166161
191.079758 67.334724 2.344477 -1.345361
191.202148 469.668457 2.302037 -1.574015
192.945343 254.106415 2.658526 -4.540482
193.109222 346.135223 2.373527 -0.733035
193.538147 543.046204 2.457790 -1.376402
193.937286 579.847046 2.420065 -1.564373
194.950516 161.648621 2.546241 -2.152616
196.150085 168.634277 2.641619 -0.151714
196.150085 168.634277 2.641619 -3.168347
195.600723 614.105103 2.485096 -1.342272
196.643539 535.837769 2.470867 -1.394096
197.945908 589.348633 2.733978 1.497299
199.289352 131.903519 2.331043 -4.110633
198.674591 292.986877 2.442470 -1.459123
198.674591 292.986877 2.442470 -2.858709
198.674591 292.986877 2.442470 -3.791561
198.717163 337.498260 2.052714 -0.164579
198.717163 337.498260 2.052714 -4.678444
198.980148 573.514038 2.247847 -1.619758
198.980148 573.514038 2.247847 -4.164833
200.671417 93.673340 2.679784 -0.952099
200.671417 93.673340 2.679784 -4.055514
202.363068 85.908188 2.286243 -0.920246
202.336090 140.972229 2.625104 -2.675377
204.165176 230.275986 2.862256 -4.705239
204.423569 281.940613 2.513899 1.047433
205.628342 147.078125 2.326940 1.097030
205.553116 301.958557 2.445883 1.253311
206.446091 515.857971 2.476673 1.430322
207.825333 382.353333 2.326111 -0.807832
208.517838 264.053131 2.831183 -0.385215
213.842148 53.594368 2.597195 -1.254290
213.866425 132.347046 2.325662 -3.703483
215.011017 283.055359 2.487832 -2.107343
218.516876 44.108490 2.548356 -1.425430
219.116333 247.247482 2.376383 -3.767985
219.210968 417.954041 2.460240 1.512295
225.021881 216.314743 2.555575 0.994978
227.324127 145.723312 2.740145 -3.758536
229.078186 297.120575 2.514816 1.131084
229.078186 297.120575 2.514816 -2.436990
228.625061 352.031219 2.552841 0.301428
229.030380 372.676483 2.442102 -0.380368
233.681915 450.808990 2.589387 -1.482461
233.566177 207.384689 2.508464 0.926145
234.185440 304.858215 3.304962 1.355499
234.185440 304.858215 3.304962 -2.122869
234.353561 495.206329 2.340619 -1.282047
236.044022 590.224609 2.544952 -4.172571
237.297134 409.731720 2.382457 -0.515507
237.297134 409.731720 2.382457 -2.042569
241.949905 415.529388 2.341429 -1.974142
241.486664 585.203613 2.230776 -1.456065
245.160843 252.249756 2.644831 1.335926
245.160843 252.249756 2.644831 -1.650639
245.160843 252.249756 2.644831 -3.170418
247.041931 297.520569 2.717417 1.162089
253.701111 173.791794 2.548372 -4.623522
257.048187 113.901772 2.423174 1.150192
258.404846 417.897156 2.813675 0.358153
262.258270 141.757278 2.287749 1.387765
262.258270 141.757278 2.287749 -0.438421
262.838989 500.502716 2.724958 -1.362913
267.943024 129.567123 2.749231 -2.245108
269.197144 48.806702 2.794059 -3.526458
269.238098 412.771149 2.364896 1.333737
269.592712 495.502136 2.299466 -1.392041
271.732178 264.892090 2.766873 -3.132428
273.535034 419.171844 2.629474 1.385315
274.550903 233.961807 2.458720 -4.580188
275.215210 226.465500 2.674472 -1.391690
275.215210 226.465500 2.674472 -3.944086
276.808533 57.131077 2.543079 -2.202645
276.808533 57.131077 2.543079 -3.846265
281.375610 180.395172 2.676636 -3.304343
281.574768 367.917114 2.523418 0.917917
282.401001 548.808472 2.231882 -4.104168
285.561615 95.112366 2.760092 -1.894539
288.848419 418.268738 2.717583 -3.413540
288.848419 418.268738 2.717583 -4.700586
291.779449 161.306671 2.428998 -1.084279
292.766174 185.155304 2.288831 -4.456475
296.976685 355.806763 2.584831 -4.042196
297.929077 49.440281 2.497401 -1.844251
300.956177 56.493637 2.639205 0.963294
300.956177 56.493637 2.639205 -1.915964
306.560547 63.844196 2.561028 1.062499
308.235260 626.750305 2.396553 -0.841391
310.293884 268.749268 2.798082 -0.199931
313.288757 317.562042 2.611020 -0.317354
315.287903 572.457947 2.705091 -1.203786
316.308868 345.170837 2.771797 -2.596615
318.940338 287.404266 2.338886 -1.561026
321.056732 600.789490 2.512789 -2.337121
321.056732 600.789490 2.512789 -3.968520
321.878967 295.470032 2.538515 -3.066945
322.900970 335.668274 2.958165 -2.725249
322.430695 534.266418 2.755519 -4.620263
323.585144 527.149536 2.512329 -4.633488
334.297821 397.870544 2.264354 -4.700571
336.269043 182.507477 2.363389 0.586014
336.885406 39.148788 2.477754 -0.852596
338.500977 20.921190 2.585380 -1.067295
338.737244 345.716125 2.358766 -1.104271
341.141479 196.473984 2.633152 -2.754084
340.998138 376.635193 2.755910 0.827656
343.906830 505.132385 2.427473 -1.480678
345.490295 512.231689 2.505192 -1.493877
346.385773 236.294846 2.744546 -2.564228
348.141449 119.985085 2.715884 -1.091293
350.457947 36.729229 2.730683 -2.186009
351.244110 333.834778 2.397695 -0.732542
351.534454 52.999218 2.539244 0.255020
352.525604 75.091797 2.404156 -3.574988
351.879791 136.759384 2.653283 -2.526855
352.277618 302.552124 2.687924 0.725917
353.104462 272.444824 2.345387 -1.624958
354.257721 217.334534 2.767703 0.395904
356.500031 142.361237 2.491641 0.834053
356.500031 142.361237 2.491641 -2.315937
358.586578 545.250916 2.335140 -1.560485
360.527435 74.123535 2.588815 -3.444016
360.291443 596.988220 2.619563 -1.463583
360.291443 596.988220 2.619563 -4.670711
361.469666 313.316040 2.547488 0.317580
360.450531 383.630463 2.716339 1.393031
362.436188 29.226534 2.688868 -2.846873
361.944916 158.922806 2.387500 -0.442616
361.944916 158.922806 2.387500 -3.704631
364.996338 46.045940 2.494873 -3.844711
366.285400 180.137222 2.515288 -3.559935
366.139923 537.872253 2.468150 -4.415350
366.719421 92.709320 2.462685 -3.436242
367.007965 121.528580 2.495949 -2.619799
366.937927 170.772232 2.531197 -3.764572
373.503326 57.352242 2.810771 -3.611253
376.562225 49.017399 2.366137 -4.217173
379.694122 16.701670 2.494702 -0.406155
379.987885 204.243942 2.492880 0.004079
381.084198 83.902992 2.523888 -3.338463
382.286377 218.004837 2.671525 -0.933130
383.095734 431.292725 2.466274 1.542629
383.100983 600.191895 2.383520 1.466039
383.100983 600.191895 2.383520 -3.304333
383.535492 184.678925 2.301669 0.090421
384.507019 281.773346 2.687102 -2.003791
383.783234 311.885437 2.469570 -3.758176
385.958099 158.649597 2.449179 0.383517
385.958099 158.649597 2.449179 -2.707679
393.872437 67.269798 2.612525 -3.298695
394.361389 248.302185 2.314832 -1.285991
395.193542 446.421722 2.373751 -1.782399
396.263306 364.286102 2.507369 -3.530382
397.296600 302.536835 2.531915 -2.257701
396.874573 526.661255 2.558571 1.557812
396.874573 526.661255 2.558571 -1.345501
400.852020 334.587433 2.719901 0.114278
407.540833 70.270393 2.642653 0.410213
407.892761 250.813538 2.365571 1.153845
407.892761 250.813538 2.365571 -2.446689
407.694153 346.401123 2.576148 -0.168034
409.054718 231.202881 2.456236 -2.580120
409.054718 231.202881 2.456236 -3.527400
411.272827 31.045233 2.625249 -0.337978
414.486328 280.833282 2.442758 1.034962
414.065826 615.203369 2.370746 -3.909107
418.551208 94.497841 2.688726 0.992769
418.278931 377.131073 2.640587 0.181284
418.678864 6.101433 2.357239 -3.888737
419.393066 196.539520 2.409622 0.760485
419.103180 486.447144 2.518869 -1.714417
421.826935 34.541695 2.384090 -2.204073
421.865814 528.199951 2.337324 -4.661084
423.972839 331.333008 2.587593 0.903428
423.972839 331.333008 2.587593 -2.377013
424.848907 124.240242 2.314524 1.344464
425.113892 611.104431 2.324933 -1.135912
424.697296 618.834473 2.530582 -1.161118
426.285736 107.274330 2.427621 -1.897091
431.186554 32.653130 2.316227 -1.850567
431.313721 39.965530 2.765443 -1.783512
431.155731 334.267181 2.500457 1.097317
431.567169 130.811218 2.636143 -4.569916
431.706177 275.088440 2.664097 1.427676
432.968292 185.399612 2.671368 0.762310
435.518616 210.923553 2.850989 0.581237
435.518616 210.923553 2.850989 -1.166873
435.510681 262.246002 2.371667 -1.938581
436.473083 197.680695 2.852010 1.033311
438.168518 308.762848 2.664726 -1.100579
438.168518 308.762848 2.664726 -2.357192
437.565582 376.025940 2.524243 -1.859383
438.318085 431.593811 2.695417 1.521518
438.087677 399.632782 2.434437 -1.576288
440.010376 360.256805 2.564468 -3.697491
440.939514 175.676483 2.618948 -0.380280
440.939514 175.676483 2.618948 -1.400739
442.073334 195.220795 2.880922 0.925738
442.563141 551.419617 2.554635 -4.700979
443.940704 81.170212 2.809467 -2.213411
447.540466 230.551407 2.559909 -0.755449
448.389130 328.132935 2.471832 -1.607191
448.389130 328.132935 2.471832 -4.335775
448.431519 57.949326 2.740351 -1.244743
448.431519 57.949326 2.740351 -4.479045
453.105072 94.646568 2.624383 0.501279
454.967285 404.889099 2.479841 -3.069248
457.257507 38.196262 2.548726 1.233431
459.029297 510.900024 2.308621 -4.549664
459.685455 397.854675 2.626345 -1.645321
460.319733 257.512054 2.264215 -2.209974
460.618591 599.991821 2.484601 -1.471859
462.541779 66.435608 2.893371 -1.168064
461.981171 152.016129 2.353039 -1.660116
464.902557 517.495300 2.676996 -1.314116
466.260620 220.827621 2.379639 -0.011627
466.260620 220.827621 2.379639 -2.733864
466.230988 501.403320 2.598949 -4.377620
467.524963 508.667664 2.245197 -4.654971
468.155884 290.682190 2.403238 -2.872548
469.892181 46.453999 2.358317 -3.396159
469.411835 89.307640 2.685058 -3.816764
469.544739 561.769653 2.427896 -4.698024
472.283844 135.321701 2.309885 -0.786954
472.664368 188.851242 2.568826 -1.447614
475.337677 149.387772 2.685932 -1.859981
474.602722 201.584442 2.537494 -0.781539
474.602722 201.584442 2.537494 -3.331618
474.782257 266.640991 2.404396 -0.943250
475.288361 447.844299 2.556842 -1.529033
13.523543 122.650406 3.354195 -0.992972
13.523543 122.650406 3.354195 -4.371077
13.579610 631.327576 2.927874 -1.676495
17.287701 322.354828 3.341428 -0.970856
17.823101 381.994965 3.344601 -3.454923
22.439337 34.312542 3.442509 -1.967396
24.261806 488.810974 3.096949 -4.392640
25.068392 140.021500 3.372959 -4.121794
25.951338 408.580750 2.955608 0.103357
29.679800 106.499725 3.048490 0.095950
29.679800 106.499725 3.048490 -2.145927
36.971226 542.553345 3.043416 1.368036
39.232208 420.065460 3.122267 -4.616916
42.341370 549.435425 2.943845 -1.605093
43.575520 603.104797 3.499700 -0.040903
43.575520 603.104797 3.499700 -2.219416
48.093327 51.113846 3.367049 1.320366
49.269257 458.535797 3.299536 -1.486346
53.856178 134.378021 3.392564 -2.136533
55.116673 419.769165 3.559086 1.518951
56.604298 249.546951 3.178991 -1.545696
63.952480 266.429047 3.279980 1.570476
63.400558 540.407837 3.120563 -1.766341
74.530067 553.717712 3.519284 -1.415082
77.685165 526.218933 3.094896 -1.261370
81.208626 148.684692 2.919042 -3.045630
87.007668 529.402466 3.232281 -1.502781
88.539780 629.544312 3.759297 1.101972
88.539780 629.544312 3.759297 -1.807848
102.583015 82.677681 3.266407 -4.032130
105.686478 543.016296 2.989535 1.338544
106.149132 631.317932 3.586645 0.909263
113.969841 407.045410 3.117379 1.178792
116.229553 102.419846 3.215158 0.722280
116.229553 102.419846 3.215158 -2.572199
119.278671 385.061340 3.189219 -0.100196
122.647209 189.454117 3.524986 -1.932481
122.647209 189.454117 3.524986 -4.125719
129.007446 214.338989 3.188221 -2.819815
131.456329 326.574677 3.032907 0.822457
133.699249 191.573730 3.304272 -2.850982
139.090775 51.756824 3.154600 -3.713493
140.014069 470.655334 3.645048 -1.606956
141.588333 145.458954 3.534373 -0.892510
142.321350 410.066589 2.888583 -3.476714
141.985779 523.791382 3.550540 1.536127
143.834076 372.463776 2.916201 -3.562756
147.455902 83.593643 3.243955 -1.400533
146.823975 280.448364 3.276867 -2.046460
151.545929 367.817993 2.963786 -1.111929
156.299118 9.291673 2.920098 1.349425
156.299118 9.291673 2.920098 -1.960839
156.263702 240.302429 2.861573 0.851942
156.263702 240.302429 2.861573 -4.272635
159.404953 259.329559 3.540789 -4.108268
162.057526 299.366333 3.081652 -1.872034
161.744095 466.662781 3.090269 -1.329100
163.865601 249.231888 3.215196 -4.143856
167.353119 141.232422 3.615424 -0.957494
167.162903 179.101532 3.746884 -3.361467
171.203033 313.301575 3.361284 -0.434680
171.907379 205.746887 2.986078 -3.029422
177.977631 408.078339 3.043158 -1.309262
177.977631 408.078339 3.043158 -4.072913
181.360214 249.577591 2.992043 -3.093667
181.401047 398.427460 3.229208 -1.258462
182.493652 157.863159 2.880551 -1.076922
182.493652 157.863159 2.880551 -2.262107
183.346771 328.553894 3.044118 1.104966
183.480118 534.411011 3.238793 -1.473362
187.386520 217.446899 3.235156 -2.114570
187.386520 217.446899 3.235156 -4.702732
192.298431 203.387665 3.510332 -4.521818
196.739990 518.635498 3.294177 1.379826
195.541046 566.633972 2.846794 -1.614975
198.001389 103.371033 3.268116 -2.945186
198.001389 103.371033 3.268116 -3.921110
200.827759 154.244064 3.029555 -0.508463
200.827759 154.244064 3.029555 -2.406872
201.081497 422.351746 3.371852 -4.614323
201.550201 459.239777 3.259790 -1.844157
206.636688 179.462814 3.567583 -1.585894
207.502213 567.681885 3.559443 -1.546427
208.397827 366.611481 2.924932 -0.172096
215.398895 164.135696 3.116705 -1.590169
214.633957 281.124664 3.245966 1.431007
214.633957 281.124664 3.245966 -1.845729
216.502686 63.868515 3.415847 -1.070083
216.954529 447.502258 3.059760 -1.509914
217.260681 528.539307 2.844889 -4.658793
221.488617 90.805313 2.963065 -1.803636
221.315750 132.547089 2.954202 -0.746253
221.315750 132.547089 2.954202 -3.658588
222.482437 152.329346 3.213420 -3.745514
222.080078 562.991455 2.889114 -0.970170
227.387604 202.460388 2.953776 -1.899713
232.065750 416.239288 3.399444 -1.014201
232.065750 416.239288 3.399444 -4.647222
232.963150 10.072500 2.979431 -0.683976
235.768936 129.505600 3.353282 -4.168853
237.169052 624.798706 3.766060 -4.654508
241.196838 442.769257 3.457578 -1.460273
242.168274 44.536991 3.022156 -1.097168
242.161835 183.678604 3.326361 -3.762099
248.699341 59.507458 3.403857 -0.455785
248.699341 59.507458 3.403857 -2.528876
248.641403 223.834030 3.466553 -1.791399
250.767334 373.948822 3.477106 -1.786732
252.578384 94.533714 3.656638 -0.672954
255.192047 68.131363 3.103206 -2.454489
258.905731 451.833252 3.494923 -1.500925
266.531525 131.356247 3.392969 -2.252178
268.137543 36.551151 3.008520 -1.528608
272.843262 169.118668 3.313380 -4.600733
272.842773 555.705261 2.772128 -1.516453
277.285156 31.056585 3.504599 -1.585797
276.754028 196.119720 2.982577 -0.989879
276.035461 362.467041 3.340512 0.840110
278.453369 123.139297 2.938978 -0.897946
278.453369 123.139297 2.938978 -3.945884
282.247345 219.330521 2.957660 -0.706245
285.962860 224.520126 3.252719 -0.773057
294.430298 29.074724 3.382854 -1.050113
297.060669 489.049652 3.067364 -2.843038
300.570984 530.519043 3.187976 -4.414219
301.829529 201.414627 2.281703 -3.880051
303.827484 538.637024 2.850255 -1.724284
305.450226 24.802874 3.143849 -1.237122
307.980865 127.443176 3.267405 -4.612810
307.780548 162.053726 3.159970 -0.472301
307.780548 162.053726 3.159970 -3.709204
309.189453 323.643219 2.786538 -0.348600
311.384369 491.352875 3.232057 -4.620320
322.995270 561.852295 3.368279 -4.511599
324.033081 271.124420 3.064116 -3.182215
325.353607 511.509491 3.385550 -1.408851
326.199219 211.722626 3.333549 0.220633
330.237793 61.178650 3.099451 1.231141
334.922974 143.893295 3.409211 -3.448552
344.410370 396.154297 3.612544 1.482289
351.128693 8.230936 3.364388 -3.415186
352.677429 614.468811 3.308834 -1.834614
354.278870 174.447372 2.965756 -2.423048
356.596649 280.827545 2.887181 -1.944784
361.576355 112.812759 3.372685 -2.968345
361.902771 353.764740 3.309620 -1.411657
362.070007 588.993896 3.107763 -1.623969
370.164764 321.383026 2.937809 -2.656556
375.457062 184.459763 3.402365 0.008973
379.399170 423.383728 2.936087 1.532504
378.521454 588.924988 3.357013 1.472593
381.354980 143.207321 3.324377 -4.097635
381.279297 242.012314 3.300209 -3.906075
385.923737 101.840866 3.391080 0.444222
388.014221 258.199554 3.245471 -3.901055
388.851257 288.703949 3.104913 -4.139964
388.614838 586.898926 3.463606 -1.389114
390.964569 130.343445 3.411219 -2.322804
391.119568 325.282654 2.981611 -3.368575
391.348785 234.043930 3.627802 0.717082
391.348785 234.043930 3.627802 -1.508247
392.781525 187.855240 3.188370 -2.373702
399.544098 344.753815 3.151146 -0.152813
401.442108 24.008698 3.363507 -0.127269
402.203644 373.688477 3.033164 -3.587347
403.290741 243.656967 2.918614 -1.253518
403.290741 243.656967 2.918614 -2.737181
403.950256 114.310371 3.412446 -0.853790
405.019897 160.603943 2.960126 -1.828243
405.019897 160.603943 2.960126 -3.928018
405.489410 40.124325 3.285946 -0.435556
410.303131 139.389648 3.415052 -0.198397
410.657257 311.234192 3.450640 0.154031
411.293121 519.575867 3.023679 -4.596400
415.492371 357.985413 3.041542 0.157029
415.492371 357.985413 3.041542 -2.073107
414.785889 188.935715 3.595037 -1.492798
419.202667 118.697998 2.895721 1.093537
419.202667 118.697998 2.895721 -2.860466
426.840363 172.022247 2.650026 -0.369846
427.827789 62.799664 2.952405 1.030888
431.283569 326.026855 3.215070 1.254894
430.899719 636.421204 3.210586 0.177891
430.899719 636.421204 3.210586 -3.969314
432.182770 18.542410 3.324886 -2.963488
435.008850 533.503235 3.251534 1.525317
436.439789 167.723206 3.386610 -1.182625
438.213745 56.025146 2.891239 1.065760
438.097137 144.978226 3.151976 -1.034966
437.404175 197.346573 3.023805 0.985863
440.583252 269.752747 3.008265 -1.992842
441.921997 488.929504 2.942042 -1.311113
443.439392 481.025696 3.019624 -1.344179
446.443329 290.811737 3.314037 -2.815742
447.651947 313.069122 3.535017 1.156472
447.651947 313.069122 3.535017 -2.313713
450.357025 329.142792 3.079015 -4.359118
450.840240 49.846970 2.898940 0.616650
450.840240 49.846970 2.898940 -1.321614
450.840240 49.846970 2.898940 -3.111552
452.735870 569.624756 3.249155 -4.497554
455.188843 261.957306 2.935127 -2.005806
456.348328 251.533783 3.370931 -2.288129
456.618195 271.328247 2.902481 0.956443
457.856598 618.729675 3.047665 -1.114177
459.009613 167.032089 3.148106 -4.690558
461.515594 361.463715 3.081226 -0.853083
473.153931 458.192108 3.179753 1.225067
11.810992 621.523193 4.046155 0.458244
11.810992 621.523193 4.046155 -1.581414
16.782391 247.118759 3.987583 -1.824121
18.955622 519.341431 4.008492 -1.687293
28.111597 600.293762 3.698637 -1.436001
34.215305 51.837521 3.564670 1.472606
32.415634 476.605194 3.864363 -1.511626
34.029732 395.562927 4.027901 1.162700
53.145126 419.156189 4.247076 1.529388
59.168736 146.483887 4.405560 1.480371
74.089310 256.717010 3.699832 -2.883237
74.421844 553.343140 3.614603 -1.363546
75.357498 573.025879 4.269155 1.254776
75.357498 573.025879 4.269155 -1.629759
77.449623 542.815002 3.750134 -0.711808
77.449623 542.815002 3.750134 -4.703504
80.947296 491.183136 4.419677 -2.068704
80.947296 491.183136 4.419677 -4.346296
83.695526 10.401721 4.407678 -2.759961
85.081261 205.216873 4.414961 -4.533784
86.785362 294.297424 4.162945 -2.223347
87.663742 502.750031 3.705241 -4.432277
88.344467 629.445496 3.814148 0.804808
88.344467 629.445496 3.814148 -1.898753
90.341927 398.626617 4.128771 1.181247
90.341927 398.626617 4.128771 -0.798069
95.529274 563.005676 3.859130 -4.601075
101.561783 385.154877 4.407413 1.220539
106.540062 195.720856 4.353327 1.417387
106.540062 195.720856 4.353327 -3.029245
105.932167 597.216736 4.503812 -1.917722
106.081207 631.246704 3.596797 0.729374
116.146568 292.305237 3.744054 -1.915421
117.822372 305.045410 4.034288 -1.976272
117.014008 523.661255 4.520410 -1.628886
123.317703 536.000549 4.486806 -1.773460
135.440842 15.626011 4.543736 -3.957573
133.164597 69.060783 3.610805 1.098755
134.039246 98.728119 4.243937 -3.456075
139.857727 390.463318 4.261748 -3.356806
140.261887 470.335449 3.339327 -1.611355
147.794739 100.519043 4.290479 -3.605609
155.382446 50.293015 3.841635 -4.425781
161.455154 367.419525 3.845702 -0.236842
167.268066 141.059860 3.617102 -1.097513
166.872238 179.422653 3.593816 -3.342984
167.240814 618.871826 3.827862 -1.727657
173.403152 271.187073 3.687562 -1.906339
178.595779 119.619713 4.119301 1.200548
180.525085 544.127441 3.957938 -1.470145
180.599884 104.572136 3.990248 1.231738
180.613068 192.216507 4.266960 -2.730068
185.724640 69.015419 4.441350 -1.191050
185.724640 69.015419 4.441350 -3.894523
190.683228 242.351273 3.643266 -1.071734
190.683228 242.351273 3.643266 -3.348824
199.977524 45.239777 3.844181 -2.186927
208.474335 212.781433 3.993296 -0.849861
209.906357 268.874695 4.247756 -0.399759
211.088104 351.123840 3.602848 0.460999
215.546082 28.886187 3.814107 -1.115385
215.546082 28.886187 3.814107 -4.542554
216.572357 330.377777 3.954295 -1.534671
218.360611 470.065552 3.612493 -1.714581
219.055405 262.944183 4.092546 -0.373989
223.437469 119.213081 4.499265 -0.317720
223.437469 119.213081 4.499265 -4.135766
224.566467 101.554413 4.179235 -1.884005
227.662613 56.689342 3.655832 -0.957311
227.662613 56.689342 3.655832 -2.535365
229.975449 238.069260 3.935276 0.301109
233.284897 74.037918 4.436663 -2.585178
234.883652 161.513916 4.256050 -2.781854
245.674423 268.808289 4.089321 -1.234964
246.691010 281.581299 4.685778 -1.432019
254.094498 232.605865 3.800027 -4.657592
261.189819 122.944458 4.701834 1.148633
268.047668 233.193939 4.618495 -4.440493
268.373718 250.170853 3.896557 -2.983265
273.104950 56.802139 4.177921 -3.554597
273.576416 377.495148 3.873789 -0.038249
272.309906 485.067139 3.999385 -3.886042
272.503876 516.862122 3.794845 -4.555781
276.354858 279.954926 3.994962 -0.174326
276.354858 279.954926 3.994962 -2.032794
279.434174 155.271469 4.449953 -4.478627
282.594421 113.413017 4.113227 -4.274910
287.027313 256.200226 3.597348 -3.541927
287.703827 537.585999 3.788163 -1.237642
287.703827 537.585999 3.788163 -4.454310
289.854462 83.959915 4.003609 -1.829246
290.449707 518.740417 3.963916 -4.535615
295.488220 433.134613 3.827652 -3.155570
300.549713 169.608749 3.959904 -3.833076
300.434235 265.954132 4.339711 -0.360508
301.131317 499.130493 3.882750 -4.521801
303.749725 379.557526 3.845711 -3.128609
306.172424 227.908981 4.118480 1.285386
305.837921 181.793167 4.375710 -3.662500
306.117584 341.117920 4.395552 0.169842
306.154510 596.206604 3.585896 -0.755229
321.474396 199.767944 3.964515 0.239598
327.167877 417.261414 3.968119 1.233734
332.644257 174.998535 3.825143 0.640257
333.373505 273.981049 4.145350 -3.106040
334.784241 143.764648 3.412356 -3.478392
337.317566 408.883331 4.450508 1.564650
338.866913 162.368118 4.708590 0.622972
343.809235 445.904907 3.922268 -1.565979
350.522247 10.022669 4.378197 -3.375531
351.137482 148.637054 3.876588 0.842637
353.608795 161.879700 3.969447 0.732081
352.838226 203.521698 4.024108 -2.723844
356.480011 95.407478 3.858880 -3.331858
361.605530 446.784637 4.300613 -1.574042
373.976257 112.507843 4.662374 -3.108179
378.886871 406.356049 3.780696 1.131749
378.730042 534.812683 4.028114 -4.454269
381.015930 201.174896 3.951228 0.465928
380.948730 241.728134 3.368778 -3.921363
381.513214 326.985016 3.911400 -2.687330
387.789368 134.952835 4.149707 -4.027743
401.119507 171.906342 4.768402 -1.728259
404.821228 39.562351 3.590584 -0.363869
409.135590 87.366486 4.188497 1.100591
408.726959 381.992554 3.971126 -0.040464
417.568207 57.059078 4.425023 0.861346
419.809418 134.612579 3.806375 -0.146363
418.421570 397.923981 4.104018 0.202345
418.421570 397.923981 4.104018 -2.082427
422.251770 235.354080 3.707233 -0.702978
423.033539 408.981476 4.103342 -2.082766
423.033539 408.981476 4.103342 -3.493800
424.771210 511.099915 3.849745 -1.302306
426.037323 53.628666 3.786782 0.975247
427.240784 448.925781 4.127546 -1.521098
432.703827 17.909664 3.739230 -2.918571
433.532104 344.756805 3.901338 -1.152083
433.117859 523.590088 3.597032 1.495713
432.430786 576.165527 3.875697 -1.243849
441.789642 408.787476 3.960032 -0.935634
444.904053 449.602997 4.514775 -1.565717
447.359253 339.899384 4.197083 -1.340185
459.189972 184.080399 3.932667 -0.171878
467.692596 273.938812 4.023993 1.127058
468.197845 220.913773 4.116067 -2.628099
469.463074 249.942459 4.086912 -2.446748
471.131470 13.250217 3.814820 -1.301742
472.300140 549.493958 4.510186 -4.694362
12.788788 156.569122 5.082463 -0.828419
12.788788 156.569122 5.082463 -4.112098
17.542061 498.884186 5.468218 -1.619183
17.542061 498.884186 5.468218 -4.353185
19.682013 417.140076 5.365653 -4.454619
19.704926 577.348694 5.384057 -1.556977
22.139936 195.147018 5.239123 -3.810151
22.139936 195.147018 5.239123 -4.579614
28.361143 172.852692 5.120030 -0.678688
51.817917 579.127686 5.164614 -1.811245
51.817917 579.127686 5.164614 -4.533657
57.119873 196.593109 5.268194 -0.763501
63.577385 54.558098 4.590288 0.920959
68.273361 620.965820 4.032658 -1.499376
68.273361 620.965820 4.032658 -2.129614
73.255302 358.960815 5.209302 -2.641973
87.802399 308.735443 5.635104 -2.348794
89.010017 373.799072 4.693211 -0.962256
93.688988 455.999847 5.003479 -1.502144
100.592735 531.611328 5.124135 -1.457941
116.269760 220.542313 5.195455 -2.592285
117.865005 470.496765 4.890299 -1.599513
122.969666 257.226227 4.725211 -2.699207
125.277290 272.674500 5.396566 -1.940385
125.277290 272.674500 5.396566 -4.629023
126.004860 331.862793 4.925931 -3.179919
139.358429 299.884125 4.927757 -2.239383
142.301941 240.123871 5.036222 1.444584
142.301941 240.123871 5.036222 -2.192690
142.362381 336.164551 5.553961 -3.804638
153.473801 83.674675 5.619195 -3.222981
158.374847 22.650677 4.700459 -0.563153
158.975662 332.016205 4.993891 -4.016654
172.748978 41.545002 4.959509 -0.243869
172.748978 41.545002 4.959509 -0.945869
173.209747 291.206940 4.997911 -0.256036
179.149384 83.866058 5.552938 -3.743102
180.612396 567.064697 5.512568 -1.730484
196.316864 554.634644 5.106000 -1.629347
200.838028 339.393372 4.863605 0.886498
206.431549 252.964523 4.791122 -0.071556
213.073456 541.181458 5.645028 -1.252042
213.073456 541.181458 5.645028 -4.693008
218.635010 231.820236 4.873412 0.476318
244.451843 487.114532 4.499129 -1.294569
246.395126 212.599762 5.012197 -4.232370
247.609650 430.965668 5.603412 1.454504
251.388855 145.848679 4.572663 -1.717772
251.135605 200.919556 4.600266 -4.167499
250.013474 396.378357 4.942388 -3.579908
270.641754 84.282845 5.169404 -1.468923
281.063293 44.489712 5.219724 -1.607041
289.369568 276.140717 5.281624 -3.474020
289.864014 98.057999 5.787724 -1.851475
302.998840 354.197174 5.562234 -3.707750
306.274109 242.994629 5.163604 0.101122
306.403931 307.599945 5.027994 -0.326273
306.403931 307.599945 5.027994 -2.309833
310.875061 584.119080 4.902334 -1.183050
319.193390 299.669342 4.984048 -0.547551
319.193390 299.669342 4.984048 -2.848309
322.779633 157.467194 5.388588 -2.910637
326.575592 547.612976 5.255090 -4.559003
331.149231 326.823303 4.689681 0.335418
334.979065 361.607819 5.587127 0.136988
342.352936 101.368736 5.060015 -1.950914
347.692657 78.418983 5.329073 -3.530914
349.064850 418.636963 5.207577 -4.676620
361.116791 308.782532 5.097102 0.654297
365.478455 137.055023 5.684021 0.995339
365.815125 232.213135 5.530303 -4.511132
376.629883 355.054810 4.595752 -1.540574
376.329346 466.594238 5.264266 -1.599154
379.426025 272.879791 4.756054 -1.158478
379.426025 272.879791 4.756054 -3.219018
382.479919 497.936066 4.794991 -1.570105
386.648926 549.023560 5.559624 -4.492054
394.868256 91.902000 5.616894 0.969627
394.509521 434.871246 5.449988 -2.976975
402.586243 285.103302 5.137685 0.757974
402.586243 285.103302 5.137685 -3.762454
402.279999 417.487915 5.606039 -3.367908
413.228729 461.869843 5.294315 -1.377372
421.479675 165.536621 5.438857 -0.110899
421.479675 165.536621 5.438857 -2.686898
434.128601 155.162811 4.784614 -0.918269
442.716919 417.900238 5.220006 1.561590
448.171631 30.318138 4.558512 1.061459
453.437103 146.020142 5.196629 -0.689135
454.148041 352.903717 5.075279 -1.472952
458.144409 381.181488 4.687503 1.485045
458.144409 381.181488 4.687503 0.654989
471.823578 463.909119 4.672445 -1.460475
28.551292 169.093140 6.671906 -4.595463
30.151007 319.758026 6.793056 -1.154484
45.180115 123.135445 6.349835 -1.850686
44.651451 563.825500 5.890192 -1.936692
44.651451 563.825500 5.890192 -4.322979
53.187160 339.814209 7.170964 -0.891883
68.953392 315.587128 6.345861 -2.406267
73.740105 334.916840 6.431134 -2.465842
78.743584 385.156738 6.015513 -2.596935
89.138306 470.634583 6.606902 -1.564133
106.859863 579.040039 6.543322 -2.065411
109.345543 248.573181 5.846933 -2.899432
115.606316 82.915222 5.945637 -2.823355
115.606316 82.915222 5.945637 -4.182698
116.359863 349.720032 6.919599 -1.127049
116.359863 349.720032 6.919599 -3.157216
131.008316 30.824898 6.396025 -3.751152
137.342010 169.297958 6.791838 -3.903906
158.113937 218.441208 6.468938 -2.381904
174.108078 530.447327 6.959427 -1.316329
174.108078 530.447327 6.959427 -4.663818
190.582092 136.057129 6.091308 -3.622718
206.434204 119.465157 6.406580 -2.864073
206.434204 119.465157 6.406580 -3.734741
207.304657 215.196487 5.713522 -0.012680
207.304657 215.196487 5.713522 -4.441643
211.833664 598.162292 5.746485 1.431840
211.833664 598.162292 5.746485 -1.733858
223.464676 431.500183 6.805518 1.243109
223.464676 431.500183 6.805518 -1.454900
235.460907 169.327103 6.769734 -0.069375
235.460907 169.327103 6.769734 -2.546387
235.460907 169.327103 6.769734 -4.085632
251.707932 345.482208 6.833704 -3.359470
289.532867 61.503681 6.220955 1.322035
289.532867 61.503681 6.220955 -2.956086
289.632538 293.592590 7.245213 -1.102922
292.544617 238.030731 6.516525 0.319173
292.544617 238.030731 6.516525 -3.636954
297.162170 214.009552 6.232865 -0.861890
297.162170 214.009552 6.232865 -2.746543
303.547058 330.022034 6.946484 -0.067278
313.740021 223.076904 6.295259 1.356896
313.740021 223.076904 6.295259 -2.658656
315.850189 48.814926 6.653800 -1.910135
319.202576 276.041901 6.629120 -0.500721
319.202576 276.041901 6.629120 -3.078280
325.476685 92.652321 6.352795 -1.680107
325.701202 462.170166 7.175985 -0.428471
325.994141 432.341675 6.224895 0.462798
338.227783 193.744217 6.361613 -2.531561
351.977692 480.076904 7.186421 -1.518230
359.408020 463.771790 6.541800 -1.557401
358.384003 570.830811 6.161580 -1.789263
370.559540 288.110474 6.419211 1.288366
370.559540 288.110474 6.419211 -1.110912
375.479218 150.684250 6.422356 0.994432
374.405975 585.292480 7.189985 -1.663264
378.089264 450.636261 6.214409 -1.655366
379.218475 483.280701 5.970268 -1.547377
397.011139 311.467194 6.049038 0.112229
401.381287 108.991615 6.447985 0.793307
417.296112 17.599354 6.708900 0.058736
421.275330 435.490112 5.968761 1.431282
429.522247 47.124474 6.603974 0.910352
429.339722 286.651764 5.820260 0.989784
438.737244 232.287567 7.116378 -0.596826
35.474819 616.517212 8.157190 -1.358742
63.818001 614.603943 8.512110 -1.858662
126.847092 378.842407 7.689691 -3.492388
128.025513 455.512604 7.925876 -1.657899
136.015900 130.946625 8.170706 -1.556717
136.015900 130.946625 8.170706 -3.392287
145.844437 73.287399 8.295890 -3.119169
179.356888 585.127502 7.459304 -1.756637
207.289825 571.978638 8.604897 -1.369240
222.885132 431.537659 6.970339 1.062787
237.213318 581.130371 8.766917 -1.267256
265.967499 185.233963 8.079791 -0.924019
276.213837 312.156464 8.206617 -1.365772
276.213837 312.156464 8.206617 -2.992128
274.621246 512.515015 7.781402 -4.462682
289.016541 293.107849 7.280149 -1.350684
290.009216 378.530121 9.548906 -3.157617
293.385345 583.328552 7.121318 -1.157377
325.026978 516.915710 8.417819 -4.544484
335.701660 252.130707 7.354686 -2.831328
338.073669 308.462738 8.583523 0.315212
343.686066 150.413559 7.634389 0.916505
374.416229 585.041199 7.276622 -1.673191
397.392303 134.809708 8.751740 -0.395122
436.306152 186.760559 8.798510 -0.235805
439.289551 232.206909 6.790961 -0.585582
462.285828 413.422882 7.281311 1.531517
1.000862 147.312149 10.102196 -4.502446
40.843102 64.941772 10.227627 0.748397
69.659302 409.853088 11.525200 1.530304
155.686462 391.547943 9.957763 -3.721265
196.830933 410.802002 11.225495 1.363663
243.192505 316.653137 10.922276 -3.154124
248.483948 103.216324 10.453159 -0.973065
248.483948 103.216324 10.453159 -2.118777
251.787384 466.043579 9.938419 -1.577844
307.857727 411.040161 10.585072 -3.130820
313.036041 366.503540 9.274469 -3.382384
321.042206 566.003296 10.553873 -1.442117
328.339478 114.013641 9.488398 -1.437099
348.147339 21.244102 9.276686 -2.951603
363.732422 318.256714 10.320764 0.282081
363.372650 363.592499 9.785859 -1.392002
433.234039 71.549149 10.132216 0.591472
439.621796 109.164459 10.724543 0.877542
451.812500 209.743637 10.107533 -0.434016
5.051222 543.218872 11.908610 -1.605250
63.296566 441.147797 12.672158 1.565690
113.154907 482.727631 12.366453 -1.682461
335.769989 80.889160 13.198366 -1.389764
359.232117 219.358932 13.584062 -2.352036
449.212646 22.412687 12.471323 1.215400
449.212646 22.412687 12.471323 -0.750852
449.212646 22.412687 12.471323 -2.673481
144.585983 229.277832 16.087837 -2.782092
162.991913 490.580017 16.831795 -1.672449
247.156006 248.846390 15.856400 -1.731458
289.289062 183.920563 16.961767 -1.841464
302.242950 468.158936 13.239768 -1.976028
67.594475 548.558716 17.784365 -1.835182
128.147888 433.284119 22.340294 -1.702718
258.194550 548.869812 19.360514 -1.312123
288.700043 324.351471 18.799017 -1.810375
325.493317 564.715088 17.812197 -1.534044
359.809021 434.552368 20.139557 -1.486397
391.892456 50.456051 21.966070 -2.881366
186.923721 196.542191 23.904442 -2.675311
148.110733 321.779144 31.802187 -2.190626
398.886597 229.987946 30.350189 -0.623867
250.208145 106.157509 38.645420 -2.192766
