4.573143 87.221230 1.906458 1.329322
4.573143 87.221230 1.906458 -1.754576
8.763432 627.921753 1.996248 -1.999628
10.579737 127.104759 1.960860 0.659828
10.579737 127.104759 1.960860 -2.164776
11.171742 463.710236 2.234184 -1.902885
11.171742 463.710236 2.234184 -4.012865
11.780955 117.158920 1.848390 -0.912911
16.226173 415.557098 1.872820 1.163817
17.000763 401.262085 1.822023 1.557504
18.100061 190.321548 1.721001 -1.940689
18.100061 190.321548 1.721001 -4.699626
18.103218 276.160217 1.954764 -1.512197
17.608631 451.966370 2.043602 -1.700799
17.249619 499.170258 1.857536 1.461651
19.184395 57.643734 2.124237 -0.554625
18.847721 139.501160 2.089216 -4.200261
21.493526 314.844757 1.973732 -0.507487
21.957903 363.031006 1.887773 -1.649394
23.159906 61.542824 2.168493 -0.593460
23.550482 280.199921 2.037764 -0.847278
23.836681 457.959869 1.891242 -1.516222
25.880650 617.913269 2.102193 -1.880414
27.943954 498.095886 1.832991 1.396426
30.378166 394.718140 2.070863 1.515899
30.731689 491.921692 2.058146 1.290580
31.972542 162.114410 2.205012 1.190930
31.972542 162.114410 2.205012 -2.405015
32.430153 485.305695 2.023307 -1.741194
33.485199 313.591339 1.937225 -0.553008
35.666122 10.778324 2.008203 0.972537
38.106411 192.296387 1.946537 -0.019883
37.613560 394.606323 1.778563 1.509650
40.723900 534.630249 2.088482 1.270899
42.461498 74.071487 2.236196 -0.042407
43.458038 472.561279 1.845281 -1.844127
43.458038 472.561279 1.845281 -4.563661
43.417118 105.426109 1.772109 1.214668
47.487267 114.633034 1.698842 -1.959145
48.215168 186.091827 1.976658 -1.198713
48.441193 533.343994 1.913040 1.135776
50.090321 367.791260 1.904385 0.170820
49.672318 463.372772 2.000529 1.337777
52.325748 394.357422 2.104048 1.518456
54.464027 364.016632 2.158877 -1.749067
55.874470 157.828293 1.891664 -0.496452
55.697453 489.978455 1.993661 1.470524
58.623837 214.453049 1.870242 -0.304192
59.481834 503.164307 1.873020 -2.391964
61.242268 355.576508 2.207492 -1.340032
64.004639 566.656982 2.215258 -1.869608
66.075653 487.149414 2.094756 -1.369003
66.075653 487.149414 2.094756 -4.661628
67.283638 292.391998 2.094355 -2.681201
69.002296 243.008102 2.092168 -1.125818
69.301743 368.473816 1.968323 -3.394908
68.587059 586.933472 1.874381 -1.660641
69.935860 95.165558 1.987831 -3.379434
75.131531 358.875427 1.944050 -1.273235
76.071182 329.751190 1.883871 -0.881876
78.779167 70.543701 1.818827 -2.977549
80.009239 542.411560 2.089744 -4.150984
81.906006 210.860916 1.991094 0.775911
84.221710 538.268738 1.893329 -4.098982
84.945419 339.693176 2.139472 0.797923
84.945419 339.693176 2.139472 -2.900029
85.959175 473.751831 1.889969 -1.589677
85.959175 473.751831 1.889969 -4.693307
86.508629 595.566406 1.896200 -1.602483
87.796013 215.959747 2.200502 -3.557043
88.453278 296.072601 1.884614 -1.319444
89.020126 434.795898 2.145920 -1.714021
90.303192 388.127991 2.064139 1.463924
90.742195 381.292358 2.104231 -0.007652
91.464851 314.453491 1.735312 0.823780
93.005768 195.521057 1.994803 -2.960048
93.919350 57.763168 2.134886 -0.947923
94.168259 222.516861 2.177032 -3.110471
95.721901 384.170074 1.945830 0.060151
96.804390 566.170776 2.341129 1.002196
98.078949 320.900818 2.257761 -2.424617
98.641037 169.502274 2.149786 -1.845231
98.641037 169.502274 2.149786 -4.668064
98.503662 296.399261 1.993816 -1.817627
100.169144 68.809219 2.005773 -0.237502
100.370918 413.982666 2.199487 1.511202
101.964317 630.052979 2.138470 -1.878353
104.158066 501.687592 2.089113 1.361928
104.228683 531.278625 2.155082 -1.814405
104.891273 71.906525 2.047821 -0.449231
104.891273 71.906525 2.047821 -1.999623
107.818993 312.476959 2.041367 -2.268305
109.955544 218.418823 2.028145 0.601749
109.769623 607.124573 1.876461 -1.603207
109.769623 607.124573 1.876461 -4.546654
112.199791 451.961456 2.113601 -1.586742
111.565430 613.185486 1.913640 -4.615501
116.114807 316.993713 1.979683 -2.972915
121.136009 179.072617 1.833158 0.883117
121.136009 179.072617 1.833158 -2.129758
123.181229 231.822601 2.239005 -1.756506
126.648079 301.254852 1.748139 -2.069461
127.991425 413.320984 2.383458 1.488005
130.182617 244.285934 1.778192 -3.808874
133.094971 107.081520 2.085797 -0.162624
133.094971 107.081520 2.085797 -2.022875
136.330139 413.797089 1.954070 1.495885
138.087021 188.649658 2.099234 1.321380
138.087021 188.649658 2.099234 -2.035771
140.108444 446.642120 2.204686 -4.653389
142.747162 222.037109 1.993069 -1.379027
143.545181 413.733521 2.092026 -4.693010
147.541199 548.806274 2.058081 1.331898
150.055695 143.409393 1.962794 0.200840
153.109741 128.115082 2.238051 0.068729
153.109741 128.115082 2.238051 -2.475680
152.525604 378.914856 2.279199 -1.618740
153.452164 413.623383 1.933359 1.492410
153.117004 445.743866 2.037058 1.451201
152.559357 604.960754 1.971679 -4.429979
153.553741 223.183258 2.257615 -1.565133
154.332153 240.007812 2.248893 0.245255
153.587860 276.117950 1.755618 -1.208850
153.968124 456.411163 2.076254 -1.737393
156.468262 324.202942 1.965397 0.126783
158.057755 292.117126 2.001855 1.066849
157.836868 444.977448 1.866133 1.513981
161.460480 275.655701 2.092436 -1.622331
161.038971 412.934967 2.076315 1.512608
162.065720 533.832092 1.839369 -1.070374
162.777084 297.225494 1.869321 -1.488261
162.777084 297.225494 1.869321 -3.613958
165.857941 292.113190 1.949260 1.245746
165.857941 292.113190 1.949260 -1.495375
165.856552 475.033997 2.152184 -1.377490
167.541214 138.692856 2.118243 0.191195
167.541214 138.692856 2.118243 -2.484589
167.932404 333.058014 1.866746 -1.540456
169.221939 274.346344 2.004660 -1.652618
168.845795 412.473907 2.111684 -4.706173
171.465256 319.018860 1.896426 0.053005
173.986984 348.593445 1.930072 0.254979
174.904968 289.798828 1.893339 0.507310
174.904968 289.798828 1.893339 -3.547390
175.829346 164.698166 2.061623 -0.026719
175.802902 324.353271 1.709241 -0.893200
176.711456 222.793762 1.750257 0.693053
176.781876 332.244598 2.038676 -0.324518
177.139404 418.809143 1.952415 -1.747921
178.308701 482.847351 2.102284 1.419589
180.083359 467.405731 2.133041 1.315348
185.056076 626.951538 2.004150 -4.612590
188.024933 287.493896 2.240524 -4.711671
188.047424 267.372833 2.136069 -1.735745
191.291763 618.334778 1.940728 -0.866720
196.590927 286.369171 2.066540 1.188565
197.803436 101.464745 2.240175 -1.913400
197.803436 101.464745 2.240175 -4.544456
198.024109 481.175323 2.067580 1.380220
198.024109 481.175323 2.067580 -1.452104
199.147827 587.129822 2.017163 -2.720355
199.423294 431.995575 2.191718 -1.527761
200.786942 299.542847 1.886500 -3.195331
202.000702 154.233078 1.990935 0.877847
202.000702 154.233078 1.990935 -3.079632
203.928925 321.926971 1.941241 -0.152638
203.928925 321.926971 1.941241 -2.352603
205.785645 237.487534 1.987678 -2.342615
205.754608 244.027863 1.998152 -0.035131
205.754608 244.027863 1.998152 -2.922363
209.064453 631.927856 1.970391 -4.252530
211.622635 309.749054 2.157724 -3.394911
213.208160 343.966888 1.879121 -3.478618
213.826874 373.791016 1.966535 -0.362043
213.826874 373.791016 1.966535 -3.463355
214.922775 269.948578 2.166465 -1.624866
215.471237 189.849167 2.168386 -1.631364
216.008499 292.527618 2.074927 -3.386503
216.805054 299.790253 2.096891 -3.192774
218.433838 102.440109 1.828025 1.183303
217.876648 145.191971 1.850658 1.240009
218.148300 164.934921 2.060936 -2.411308
218.031174 340.595825 1.921258 -3.721422
218.139923 370.320404 1.934309 -3.375609
220.149704 287.310181 2.022470 -1.616782
220.016785 438.459595 2.053413 -1.776247
221.786301 596.207458 2.166396 -4.526562
222.754288 89.755852 1.931418 -1.303063
224.516373 269.098816 2.133730 -1.663666
226.349533 300.779938 1.921983 -2.866478
225.941376 591.217957 1.896915 -1.118479
226.581192 335.306854 1.916255 -2.850719
227.349518 392.082306 2.125954 -2.931705
229.079025 89.722443 1.824843 -1.334633
229.039246 286.999023 1.909925 -1.435411
229.959656 67.011353 1.833573 -3.359135
231.484787 455.562164 1.922874 1.386552
232.468994 374.804871 1.790544 -3.177614
232.239243 381.121490 1.954209 -4.492721
232.663193 251.988159 1.896154 -1.965516
233.181015 268.164001 2.220135 -1.679903
234.241989 281.180878 1.955313 0.682407
236.187988 518.077820 2.093751 -1.739501
237.108261 208.457764 2.082270 0.636162
236.620453 492.382294 2.087586 -1.908110
241.364258 172.890869 2.128216 0.362850
240.851990 529.359070 2.056859 -4.577337
241.674713 352.766602 2.064762 -2.946395
242.761581 184.112778 2.023030 -1.335622
243.462051 93.287781 2.161616 -1.615338
244.053497 117.769135 2.106526 -1.865542
244.398575 280.214417 1.874105 0.825497
244.398575 280.214417 1.874105 -3.732808
245.833221 70.420586 2.145957 -1.917909
246.720139 196.328201 2.180088 0.541848
246.720139 196.328201 2.180088 -0.450270
248.107666 514.386719 1.915097 -1.830209
249.451050 91.411659 2.297427 -1.928091
248.757797 321.781830 2.233285 -0.672456
249.009369 573.290710 1.918904 1.243864
252.173676 200.134018 2.209706 -2.478506
253.899323 38.746445 2.225069 -2.426492
254.150681 174.298431 1.956286 -1.919387
255.760590 499.570496 2.020757 -4.503043
258.505920 201.591431 1.757483 -1.982768
258.092957 222.434647 1.909984 -2.726311
260.829529 14.930615 2.015691 -4.576146
261.941895 211.106430 2.184308 1.153476
264.426239 240.841965 1.787727 -4.031480
262.908966 339.465637 2.232417 0.654341
265.270081 175.841064 2.061179 1.129560
266.697693 63.357929 1.972223 -2.289592
266.209839 535.678894 1.819472 1.189280
266.209839 535.678894 1.819472 -1.340413
267.692322 31.180893 1.949696 0.970630
268.743164 180.067322 2.005754 1.179683
269.437164 298.073090 1.993353 -1.757294
269.603638 79.400803 2.235025 -2.236227
269.495636 232.165222 1.997524 1.031022
269.495636 232.165222 1.997524 -2.120029
270.210938 393.043823 2.203642 -1.592780
271.259155 366.431244 1.852198 -1.352876
271.896484 237.344376 1.960990 -2.164631
271.411133 592.021057 2.150435 -1.674365
272.975861 111.165306 2.172919 -2.381518
274.754089 38.918472 2.220836 -2.967787
276.366852 309.368958 1.721761 -1.375910
275.668762 452.520508 2.214419 -1.333398
277.067688 279.497375 2.131561 0.126275
276.632172 371.209717 2.248430 -3.202471
276.777618 467.423401 1.915595 -1.755179
278.149933 346.851959 1.858002 -2.754904
278.149933 346.851959 1.858002 -3.683795
279.269409 197.580658 1.921145 0.663039
279.269409 197.580658 1.921145 -3.070938
278.329712 331.531921 2.328588 0.905749
278.774811 438.993134 2.086311 1.154182
280.515594 135.276367 2.096560 -0.593010
280.515594 135.276367 2.096560 -4.123510
283.357849 235.996674 2.112192 -2.430833
283.325958 263.081787 2.233148 1.432497
283.325958 263.081787 2.233148 -1.775450
286.004333 155.894821 2.018790 0.747105
286.004333 155.894821 2.018790 -3.013624
289.468140 328.884705 2.236258 -3.961605
288.963104 365.297394 1.871092 -3.326059
289.115723 581.891357 2.036259 -1.801055
293.297028 359.900208 1.961113 -1.232002
293.297028 359.900208 1.961113 -3.337399
292.796753 612.553894 2.015585 -2.633099
295.711090 213.834290 1.895303 -1.704969
300.021179 365.465668 2.224176 0.080991
302.152466 539.377014 2.009629 -1.759636
307.229614 225.959320 2.117694 -1.322072
307.674225 5.449096 2.144509 1.331028
313.176697 319.506805 2.265623 1.297410
313.760712 185.416260 2.166187 0.913393
314.200226 192.209015 2.079506 1.000146
314.200226 192.209015 2.079506 -1.850761
313.831818 325.812408 2.093628 0.547829
314.827148 72.377075 2.082750 -1.506655
314.827148 72.377075 2.082750 -4.698456
314.856873 392.958801 1.965016 -0.092884
315.229523 276.859741 1.844205 -3.947994
315.881195 300.956177 2.146248 -1.844916
317.182220 579.971252 1.852727 -1.263629
317.410980 224.843430 2.211941 -2.917886
319.127747 107.593124 1.853603 1.389391
319.127747 107.593124 1.853603 -3.979967
321.184113 153.883408 1.889858 -0.810938
321.184113 153.883408 1.889858 -3.796708
321.089600 267.791168 2.151293 -3.739361
320.914215 626.231384 2.176136 -1.269831
320.914215 626.231384 2.176136 -4.609103
321.553192 113.987053 2.093126 -1.295978
322.269653 340.110199 2.134569 -2.271256
322.267303 384.081787 1.989810 -4.643489
321.653473 597.563049 1.797876 -2.386035
322.620544 10.675238 2.064036 1.171307
323.678253 316.558533 1.844918 -1.223785
324.780762 5.078705 1.980320 1.147566
326.414764 247.597656 1.916650 0.216192
326.414764 247.597656 1.916650 -0.870316
328.223846 142.993958 1.886065 -0.172554
328.223846 142.993958 1.886065 -4.594137
328.031281 428.258423 1.883549 -1.954155
328.031281 428.258423 1.883549 -4.510288
328.076904 619.497559 1.948905 -1.332559
329.479675 82.035057 2.186024 -0.519472
330.177460 113.334938 2.181977 -4.315318
331.379608 164.057098 1.800022 0.211463
330.894318 221.232727 2.187759 -1.047627
331.927551 120.248505 1.979482 -1.250948
334.287292 90.590057 1.894676 -1.185185
335.027405 232.903702 2.272823 -4.628916
335.794312 59.709789 2.157722 0.451874
335.794312 59.709789 2.157722 -1.520482
336.380585 487.500641 2.340736 -1.768262
336.215790 519.626831 2.052955 -1.863891
335.542297 542.024780 1.850095 1.262033
336.596039 631.543457 1.719253 -1.316507
338.009399 117.827164 2.010354 -1.294937
338.044647 249.551697 1.867938 1.029807
339.359711 36.868298 1.906050 -4.518771
340.095886 96.974403 2.249933 -1.303863
342.971344 169.427765 2.180733 -0.506050
342.971344 169.427765 2.180733 -2.462913
344.122528 206.305542 2.116954 0.656747
343.902740 433.572662 2.444779 1.413949
344.138855 504.914978 2.217201 -1.514802
345.206970 248.643311 1.794248 0.386446
345.167938 589.662781 1.833467 -0.512464
345.167938 589.662781 1.833467 -2.364730
345.882355 311.113922 1.977164 -0.101871
346.771362 122.484612 2.334208 -1.523171
347.737305 474.844727 2.020649 1.565490
350.024475 481.409363 2.032164 -1.877364
351.424622 165.047272 2.062634 -4.120661
350.369598 597.306580 2.106953 -1.753561
353.312164 94.944542 1.836229 -1.817906
353.298431 255.831955 2.100362 -1.913708
355.253998 349.059998 1.895708 1.113508
355.253998 349.059998 1.895708 -3.713420
354.878845 474.169220 1.990037 1.563067
355.957520 71.522362 1.915538 -0.717564
356.832336 523.133240 1.801049 -1.021255
357.273163 371.723663 2.339120 -0.122875
359.104797 91.823242 1.885273 -1.301542
361.329895 79.021271 2.047211 1.545963
361.329895 79.021271 2.047211 -1.094826
361.848663 135.149216 2.045085 -0.874301
362.898102 128.411194 2.220781 1.373231
362.898102 128.411194 2.220781 -0.196232
362.984009 372.952972 1.843264 -0.138494
364.889648 418.633362 2.067778 -1.513484
364.889648 418.633362 2.067778 -4.570704
366.282806 20.476357 1.957989 -4.265373
366.759918 582.798218 1.986068 -4.205782
368.110565 362.486969 2.080564 -3.022918
368.776947 413.817566 2.167336 -1.592880
373.185242 315.185516 1.836519 -0.192228
373.567169 217.833160 2.298180 1.231400
373.567169 217.833160 2.298180 -3.617244
374.954071 137.168564 2.446945 -1.437273
378.123474 6.899801 1.886263 -0.610585
379.532715 429.389374 2.412666 1.471339
381.999298 258.920349 1.929753 -2.116662
381.689117 405.406250 1.997726 -1.745286
383.691132 527.812439 1.996228 -1.337113
386.510803 570.979736 1.767739 1.191710
386.907959 143.343887 2.093131 -1.752454
392.375885 149.521347 1.841034 -4.635191
393.837585 143.919724 1.794940 0.296367
393.837585 143.919724 1.794940 -1.404750
395.711609 202.247101 2.059705 -3.397702
396.206146 379.004730 1.841381 0.005996
399.049347 142.714584 1.846064 -0.123229
399.631226 306.933197 2.037855 -0.030056
400.337921 480.978638 2.029934 -3.702998
400.685181 77.349472 2.561162 -0.205575
402.522919 20.149940 2.047578 -0.094107
405.999176 56.772923 1.925943 -4.145120
406.205811 464.187347 2.045993 1.527267
405.973022 579.433533 2.141450 1.041616
407.047180 205.498322 2.053207 -0.035820
409.255524 130.170578 1.920208 1.333156
409.255524 130.170578 1.920208 -1.842259
409.430573 218.963898 2.117741 -0.676781
410.567413 252.346756 2.358440 -4.645582
412.561890 257.808624 1.990754 -1.845689
418.955444 573.087280 1.842808 -0.485427
418.955444 573.087280 1.842808 -3.468256
420.460083 468.888245 1.815164 1.430827
422.185272 237.357620 2.188430 -1.861111
421.302948 347.496796 1.853409 -1.347953
423.466858 25.486330 2.133161 -2.425079
423.527832 317.506287 1.625775 -3.932120
425.705475 328.551422 1.893416 -4.098404
430.610535 278.449585 2.276319 -0.219164
433.303650 256.564362 2.178665 -0.846601
434.564728 24.299824 2.098217 1.451645
434.564728 24.299824 2.098217 -2.078108
436.380646 444.842743 1.877531 -1.731577
437.262329 531.057495 1.934003 -1.619562
440.342743 149.220901 1.740807 -1.531758
440.888489 67.224068 1.663056 -1.011455
443.246582 73.552216 2.137822 -1.041849
443.246582 73.552216 2.137822 -4.441332
443.459717 154.544113 2.260899 -1.027277
443.428619 462.772095 2.108029 1.553856
445.033081 230.759415 1.922790 0.883859
445.695374 567.050476 2.156660 -1.383765
447.782715 13.766782 2.196477 0.918270
447.782715 13.766782 2.196477 -2.062793
447.716797 148.832947 2.036257 -2.215471
447.716797 148.832947 2.036257 -3.859336
449.022034 208.837601 1.959376 -2.279928
451.167603 369.998444 1.851513 0.007526
452.570465 151.594986 1.678788 -3.705636
453.130737 213.363403 2.022236 -2.325300
454.047791 204.259033 1.843712 -3.737783
455.309235 199.238083 1.809125 -1.105020
457.474731 229.974731 2.242582 -0.648831
457.558502 496.373871 1.771003 -1.625792
460.812012 421.410004 1.887366 -4.642728
464.541473 529.558777 2.060941 -0.130255
465.678314 352.014069 1.933078 -0.143522
466.767151 209.944916 1.943793 -3.817103
467.972015 230.520660 2.071126 -3.009171
469.916290 20.624601 1.884180 -2.866991
471.236389 568.617065 1.738190 -0.668456
474.858673 157.079391 1.997324 -2.922198
8.369663 35.128239 2.814854 0.622157
8.947594 633.996094 2.393395 -2.054211
11.036686 285.684418 2.561900 -3.591925
14.541700 302.078003 2.605488 -1.666226
18.278313 74.486595 2.418641 -0.068715
18.278313 74.486595 2.418641 -2.448162
18.483696 494.041870 2.467227 1.415949
19.125832 351.483368 2.740461 -3.736451
23.782314 63.448772 2.504452 -0.623017
24.553135 175.659210 2.381166 -1.634440
28.920549 13.746362 2.662982 -0.350055
29.297285 243.751678 2.446894 -3.790466
30.945614 352.274750 2.701428 -0.997381
31.847982 469.309387 2.480120 1.420476
34.374718 633.991760 2.725195 -1.082353
34.374718 633.991760 2.725195 -3.927570
36.886295 576.069153 2.400353 1.441027
37.869919 19.192722 2.638947 1.092876
38.556843 610.898438 2.339646 -1.695890
39.650742 337.738739 2.309810 -0.453558
40.488518 450.203857 2.814531 -1.485851
41.544579 48.131985 2.263676 -1.151120
41.544579 48.131985 2.263676 -4.682622
40.666237 300.732056 2.357520 -1.688385
46.096920 511.480438 2.785520 -4.629653
48.656715 168.633621 2.671308 1.434848
48.656715 168.633621 2.671308 -2.818629
50.056019 70.541397 2.650284 -0.089445
51.223877 590.556763 2.462527 -2.069364
52.090698 127.586433 2.333047 -0.139911
53.581413 430.306854 2.827251 1.493712
53.581413 430.306854 2.827251 -1.633877
52.620968 45.492424 2.936498 -2.059008
56.299763 326.056396 2.295781 -0.784379
58.152027 335.041901 2.625439 -3.840534
59.551834 456.448334 2.306605 -1.284493
60.374668 414.961914 2.389210 -4.659441
63.703770 281.227234 2.584533 -2.642279
65.921341 125.554260 2.296324 -0.846950
67.205597 355.615540 2.488647 -1.539799
66.989204 429.745056 2.684595 -1.672576
67.277527 494.226837 2.591447 -4.643219
68.179977 414.624817 2.579352 1.453162
74.685356 489.102386 2.476779 -4.593723
77.930916 434.376312 2.403443 -1.771780
79.520943 59.991428 2.591376 -2.402137
80.707977 414.788727 2.683288 1.289392
82.264221 296.564636 2.677441 -1.180694
90.482491 623.709595 2.362763 -1.359909
92.420998 546.112427 2.826256 -3.873063
93.796829 214.188431 2.401125 -3.566405
100.089493 617.174805 2.426621 -2.127419
104.132431 305.997162 2.837189 -2.425464
105.468933 379.155151 2.473444 -0.263582
106.147011 234.756531 2.790738 -1.043327
108.028381 211.610779 2.467445 0.438617
112.221527 367.112305 2.419546 0.688416
113.780899 88.230644 2.542187 -0.150567
114.592834 240.516907 2.323833 0.690486
113.631203 581.063904 2.322183 -1.440706
115.439804 477.125336 2.333692 -1.610059
115.416107 625.509705 2.289656 -1.604881
115.550781 275.150909 2.431457 -1.368154
119.082199 83.061317 2.378785 -0.136286
120.305641 266.475128 2.542400 0.194487
121.370468 148.957718 2.683209 1.301026
122.216988 388.898590 2.534172 -4.673233
124.337212 224.651855 2.331508 -2.606482
125.157455 485.344055 2.765322 1.469029
125.157455 485.344055 2.765322 -1.884509
127.664589 267.972290 2.391264 0.237376
127.664589 267.972290 2.391264 -1.669798
128.305893 382.665283 2.585251 -4.638701
134.596024 239.870544 2.384867 -3.797080
136.247910 145.217331 2.641307 0.899472
136.247910 145.217331 2.641307 -1.319932
136.924683 353.975403 2.581346 1.461203
137.956146 329.057800 2.520571 0.167293
137.956146 329.057800 2.520571 -1.853178
138.819641 627.938171 2.422033 -1.398151
140.261856 382.741760 2.681451 -4.641378
140.794983 618.865112 2.362770 -1.583941
141.550034 275.841400 2.438565 -1.751657
147.661469 240.984680 2.283783 -0.185640
148.692245 521.521118 2.550005 -1.740911
158.905273 539.683044 2.289680 1.319443
160.329041 148.871658 2.802971 0.564885
160.287460 613.456543 2.420542 -1.323215
166.223145 322.961029 2.322701 0.105021
166.223145 322.961029 2.322701 -1.300741
165.557449 605.889587 2.434442 -1.355653
167.426514 400.830231 2.733282 -4.666894
175.695557 429.736206 2.436295 -1.524320
175.436523 461.472656 2.641345 1.426954
182.546631 394.728882 2.716881 1.560807
182.135437 632.272034 2.468277 -0.525984
182.135437 632.272034 2.468277 -4.578084
188.947205 287.249207 2.453804 1.532176
190.280350 465.459167 2.820741 1.316510
192.909286 204.994873 2.500859 1.121037
195.562836 132.374588 2.623869 -1.687313
195.562836 132.374588 2.623869 -4.095733
196.402176 376.425232 2.560719 -0.415234
196.402176 376.425232 2.560719 -1.662427
195.865860 575.221802 2.826058 -1.442499
197.817154 139.246078 1.867673 -3.598063
201.221222 269.946899 2.746068 -1.549392
202.224075 535.806580 2.507310 1.556823
208.200089 258.540009 2.509512 1.208638
208.200089 258.540009 2.509512 -2.073448
213.138885 228.476654 2.719449 -1.416536
213.302734 617.998108 2.801520 -1.739275
218.239395 158.114960 2.579351 -2.498685
219.822388 555.684875 2.511677 -1.803373
221.675354 216.828339 2.604605 0.734400
225.962967 7.259975 2.409660 -1.182309
225.962967 7.259975 2.409660 -3.688688
225.322372 575.604370 2.486764 1.490293
228.313766 180.161713 2.527673 -2.072984
229.830307 76.470940 2.525602 1.039701
233.513687 319.617279 2.461186 -2.150388
235.417908 143.428848 2.479997 -1.590192
235.417908 143.428848 2.479997 -3.195344
236.953064 306.052887 2.682714 -1.630770
237.887756 230.261658 2.508778 -1.629286
238.162125 553.084778 2.282007 -4.643064
243.870834 477.151733 2.512004 1.557918
246.048447 18.518852 2.552387 1.532329
246.997253 37.952007 2.612051 -2.235973
247.476746 213.383972 2.451141 -4.143812
249.417618 128.397690 2.681393 -1.510508
250.356445 340.868683 2.501010 -1.893350
251.101883 181.699966 2.712932 0.977240
251.101883 181.699966 2.712932 -1.897285
252.268890 100.667572 2.657768 0.718648
252.268890 100.667572 2.657768 -4.130976
252.306549 528.863464 2.539474 1.436305
252.331009 114.957451 2.263561 -2.030339
253.707870 29.687622 2.497135 -2.332705
253.707870 29.687622 2.497135 -3.549376
254.360748 67.979126 2.669065 -1.788391
255.098862 261.261169 2.584553 -1.865206
255.098862 261.261169 2.584553 -3.615351
254.300690 281.319153 2.344720 -1.794968
256.831970 155.606720 2.446910 0.662205
261.014618 48.200455 2.481039 1.329724
263.028198 176.684769 2.515979 1.184503
264.870667 475.592438 2.579024 1.558730
264.870667 475.592438 2.579024 -1.583365
266.795715 150.556961 2.615712 -0.976335
267.880585 344.883209 2.549761 0.146908
271.057465 169.908554 2.310989 -3.727515
270.928223 253.332733 2.413787 -3.754528
275.024841 475.230011 2.516507 -1.661997
278.259766 70.162071 2.687367 -3.538688
278.715546 172.872360 2.369872 1.514496
278.797760 183.256454 2.465090 -2.998624
278.761932 513.985168 2.466349 -1.681126
280.340424 123.188354 2.765591 1.145385
280.340424 123.188354 2.765591 -3.895353
282.164490 506.554962 2.519104 -1.594606
283.156769 372.705475 2.590404 -3.201346
283.235260 607.847046 2.416900 0.598485
287.809570 62.301613 2.479578 -2.324123
288.400421 454.751373 2.725872 -1.331983
290.535309 52.433617 2.625763 -0.270474
290.535309 52.433617 2.625763 -3.701599
290.350433 488.089539 2.324090 1.138134
292.101929 131.387955 2.474812 -3.233188
292.889954 313.772980 2.363129 -2.213529
297.316895 428.986816 2.255773 -1.451798
298.059204 94.277634 2.522886 0.182152
298.059204 94.277634 2.522886 -3.554678
300.190369 57.474979 2.919703 1.517179
307.891022 381.688629 2.553816 1.123558
307.891022 381.688629 2.553816 -3.628440
307.605011 606.036987 2.417385 -1.621942
309.117188 154.355789 2.336338 -4.668379
308.903595 429.910461 2.329311 1.470839
308.903595 429.910461 2.329311 -1.339296
310.305145 464.318298 2.424268 -1.691278
310.320679 584.755310 2.638315 0.958187
310.320679 584.755310 2.638315 -1.744691
310.931732 161.384201 2.415713 -1.866537
311.764587 110.216537 2.836333 -1.380082
311.989044 245.986252 2.563931 -1.308372
313.329437 117.235657 2.441069 -1.359555
318.242676 5.077141 2.645549 1.171147
318.652374 566.602112 2.428723 -0.583895
318.652374 566.602112 2.428723 -3.954994
320.438721 177.306122 2.516785 -4.502399
319.504272 633.190918 2.539878 -4.580528
320.967834 534.802795 2.298921 -4.638850
322.469849 541.597168 2.444265 -4.615787
324.065887 436.297150 2.493539 -4.688570
326.904419 548.052185 2.382233 -1.989726
328.524719 610.117676 2.569222 -1.245562
328.524719 610.117676 2.569222 -4.447780
331.226868 202.394989 2.601155 -1.863171
332.429688 154.253326 2.458307 -1.305927
333.135437 252.612381 3.374144 -1.321347
332.780914 106.937767 2.602521 -4.496713
333.048889 535.927795 2.590232 1.380293
336.283661 167.041306 2.516267 0.115612
339.472595 289.916473 2.373686 1.417395
339.472595 289.916473 2.373686 -2.013888
340.099457 470.403442 2.329095 1.423465
342.426361 417.579193 2.566159 -1.535909
347.593384 141.512238 2.707711 -3.932438
350.072693 67.383240 2.368935 -2.203714
353.242371 232.621719 2.275000 0.771123
355.161774 299.977661 2.690408 -2.150424
361.201416 188.060242 2.723915 -0.719055
362.918762 253.123032 2.584592 -1.789036
364.172852 453.635559 3.158876 -1.625699
368.050110 288.922882 2.497067 -1.226656
369.027863 431.070129 2.742354 1.432843
371.003906 160.522781 2.679450 0.472040
372.756592 538.175720 2.312528 -1.261027
374.222870 450.469177 2.232271 -1.801572
374.616455 249.135132 2.390164 0.566844
374.616455 249.135132 2.390164 -2.000497
375.652130 282.674194 2.452281 -1.491105
376.245697 306.352936 2.436430 0.329775
376.245697 306.352936 2.436430 -3.298921
376.245697 306.352936 2.436430 -3.788926
376.346405 465.748657 2.616556 -4.676012
376.493561 631.430603 2.678079 -0.940399
378.371887 157.546295 2.583347 0.655137
378.263000 533.196960 2.688488 -4.404813
377.313568 623.505920 2.624820 -4.390974
385.051361 376.989746 2.559292 1.124399
385.051361 376.989746 2.559292 -2.485578
388.361084 347.178528 2.719687 0.112108
388.845123 466.044586 2.814739 1.510489
391.483643 416.746033 2.753988 -4.685405
393.723175 31.278450 2.364119 -4.069983
392.640594 405.884277 2.668379 -1.651500
393.619446 330.258820 2.390924 -0.312025
395.646820 58.779190 2.325307 -3.125091
395.946716 82.825554 2.728349 -3.186569
396.967621 128.413544 2.425588 -2.863790
397.079071 137.221680 2.654301 0.128409
397.079071 137.221680 2.654301 -2.490860
396.707672 539.402710 2.049542 -1.658173
398.552521 26.850983 2.509723 -1.026799
402.849487 268.972839 2.483141 -0.032525
402.849487 268.972839 2.483141 -3.300645
403.377045 624.683716 2.425560 -4.037740
403.955139 54.078911 2.517943 -4.276333
406.169037 592.545593 2.706851 -1.225928
408.454010 19.305145 2.544845 -0.051426
408.793213 398.073669 2.750239 -0.025462
408.793213 398.073669 2.750239 -3.194226
409.065704 585.366089 2.553962 -1.216883
410.023438 368.150482 2.337317 -3.100173
412.318970 33.964363 2.535457 -0.595455
411.877258 44.417862 2.659892 -0.234924
411.312225 597.529968 2.429677 0.111488
416.598724 268.565765 2.828626 1.568229
416.598724 268.565765 2.828626 -1.762242
416.509674 57.462437 2.772406 -0.410199
417.420990 228.470367 2.499539 -0.587419
419.204895 282.273346 2.213382 -1.433625
421.990356 545.605713 2.459071 0.802939
422.650330 618.724243 2.415870 -1.798733
422.650330 618.724243 2.415870 -4.397576
424.299438 251.249420 2.516972 1.262212
429.100281 421.659546 2.537889 1.430751
430.877350 87.438095 2.818262 -0.441198
430.877350 87.438095 2.818262 -3.603984
430.580231 485.984650 2.301838 -1.272350
431.564087 305.890442 2.924107 -0.467475
431.729004 612.365906 2.670894 -1.343998
432.818481 504.983856 2.415799 -1.460133
434.856873 452.192474 2.300357 -1.214540
435.966583 212.899002 2.688777 -1.736350
437.023346 234.416946 2.365777 -1.498702
440.516968 632.049500 2.512344 -1.639450
442.462158 10.252712 2.136492 -2.115477
441.569489 419.623535 2.900482 1.401997
443.766418 201.533920 2.717625 -4.274412
446.674683 626.274048 2.476528 -1.569683
447.019562 244.877243 2.702914 -1.124687
447.019562 244.877243 2.702914 -4.257832
448.005707 315.977753 2.277040 -1.527495
448.682434 424.661438 2.980834 1.357546
454.305023 386.841766 2.549040 1.381880
455.356628 162.745438 2.644071 -0.744150
455.356628 162.745438 2.644071 -3.441116
460.053223 205.301865 2.317887 -1.495119
460.053223 205.301865 2.317887 -3.101862
460.053223 205.301865 2.317887 -4.426581
460.696747 279.041382 2.420630 -0.055311
462.642731 197.708771 2.707276 -3.353657
467.116943 274.632324 2.718928 -3.490586
467.402313 383.699829 2.686235 1.078173
468.456421 609.060425 2.483784 0.504212
472.366425 270.051056 2.532536 -3.479975
474.143494 131.597107 2.264313 -3.114988
475.731445 346.044769 2.713870 -2.041357
474.556458 389.937805 2.462071 -1.707608
475.792297 414.031525 2.708327 1.370338
3.572374 629.604065 3.051126 -2.107776
25.653446 23.086704 3.413742 0.561167
28.364134 97.815407 3.263117 0.316988
30.918016 60.078056 2.977718 -0.706035
32.121143 594.843811 3.067962 -1.585503
34.567150 585.313599 2.939045 1.381264
34.567150 585.313599 2.939045 -1.615236
36.269135 28.287022 3.598837 0.901183
35.950516 237.587814 3.258833 -3.978456
43.156193 489.535645 3.593976 1.485623
44.174488 40.721977 3.257997 -1.074141
43.967701 91.898911 3.428714 0.783269
43.967701 91.898911 3.428714 -1.391259
45.442226 102.495735 3.308802 -1.462083
44.585884 431.167603 3.486789 -1.582157
46.023090 218.370377 3.070925 -1.885007
46.023090 218.370377 3.070925 -4.083797
45.556885 583.899170 3.221006 1.476357
45.556885 583.899170 3.221006 -2.059577
53.735901 256.117584 3.023679 -0.364985
54.670708 138.922791 3.356026 -0.683963
59.140305 576.275574 2.923710 1.153255
71.363579 407.327728 3.654790 1.449300
76.701591 155.428650 2.931502 -0.635039
76.701591 155.428650 2.931502 -4.145453
79.867622 322.898102 3.294346 -0.845064
81.915092 456.422760 3.362289 -1.839677
82.050789 479.683228 3.465682 -1.428769
87.012260 314.579071 3.175016 1.278175
93.228821 526.857178 3.256640 0.831531
94.722031 285.093964 3.347273 -1.777725
101.192108 540.421082 3.168126 -1.691361
104.243843 316.197296 2.904870 -2.286796
105.230400 477.389679 3.029348 -1.373968
107.169678 554.014587 2.864238 0.617300
107.169678 554.014587 2.864238 -1.364287
108.655373 545.920959 2.942033 0.776986
115.713600 213.662659 3.475900 0.302929
117.818634 319.287415 3.200562 0.213401
117.705994 444.184570 3.452595 -1.817665
117.705994 444.184570 3.452595 -4.677359
122.608749 193.016083 3.527076 1.289014
127.425102 163.463516 3.429817 -2.259251
133.316254 182.383484 3.297750 1.080358
135.620895 337.988525 3.506329 -0.121782
135.878204 583.242798 3.217789 -2.212822
137.794968 247.526764 3.319019 -2.927081
140.468552 419.662231 2.950797 -1.568341
146.488861 569.178650 3.006063 -1.902363
146.562057 257.875702 3.178028 1.034887
150.120102 306.448608 3.315022 -0.624040
151.580978 192.863342 3.449695 1.211325
150.857285 530.278076 3.343175 -2.063457
152.305023 381.889435 3.209036 1.568297
152.819183 483.147430 3.306043 1.505390
154.889847 160.209366 2.963059 -0.225445
154.889847 160.209366 2.963059 -4.653431
158.207718 140.223648 3.115908 0.078940
158.207718 140.223648 3.115908 -2.101180
157.926849 318.152130 3.248750 -0.012100
158.842697 283.472168 3.420615 -1.409798
166.171936 155.784317 3.570293 0.356616
165.968750 230.588547 3.144381 1.445320
174.547974 361.466187 3.533842 0.572469
181.099380 271.887573 2.913626 -1.841617
181.643539 589.329041 3.264824 -1.091727
183.653793 202.675247 3.500015 1.250472
183.653793 202.675247 3.500015 -2.645697
183.353256 555.783691 3.202169 -1.821115
185.178223 474.144073 3.079893 -1.601775
192.063156 297.188324 4.034068 -1.546083
193.638245 394.764740 3.398124 -4.602163
193.995972 597.505127 3.122171 -1.753163
202.577774 471.568634 3.597514 1.352972
202.577774 471.568634 3.597514 -1.323018
204.897186 141.879471 3.261193 -3.333482
205.927307 98.874680 3.054739 -2.001694
214.059448 183.212265 3.186507 -1.723507
213.664749 214.517609 3.321875 0.767300
213.664749 214.517609 3.321875 -2.899122
221.436295 175.335480 3.094975 0.987483
221.436295 175.335480 3.094975 -2.951452
223.556625 71.613892 3.193673 -3.044376
223.989990 16.981813 3.118185 -4.001955
225.396118 148.355759 3.433614 -2.776150
225.396118 148.355759 3.433614 -4.575880
228.056320 306.777924 3.434638 -1.525116
229.401489 156.533768 3.459565 -2.700369
231.462830 562.214478 3.234939 -0.975567
232.906326 72.533890 3.328897 1.108474
232.906326 72.533890 3.328897 -3.031425
234.238251 57.357883 3.015199 -2.409088
236.450577 416.753906 3.490725 -4.483313
237.834503 210.942520 3.187666 0.997853
239.219635 64.664108 3.053028 1.058785
238.600586 297.324371 3.254282 -1.759405
247.486618 174.848801 3.116370 1.176049
247.666519 264.932007 3.111887 -1.694453
248.482956 205.267471 3.164393 -2.351118
250.437881 82.790199 3.546112 -2.209005
252.967880 60.279743 3.261431 1.057061
252.160858 459.043762 3.354340 1.294357
254.331955 615.182068 3.032684 -3.337693
261.423737 233.119690 3.227596 -2.557226
261.983002 39.946686 3.055547 -1.847519
265.330139 225.947128 2.944621 -2.667335
275.538910 207.602356 3.305747 -1.247372
279.928009 150.676346 3.606460 -2.491318
283.508911 282.618042 3.002760 -1.632782
284.697693 537.934937 3.491372 -1.587451
285.794800 201.175568 3.139123 -3.045613
287.600616 390.610687 3.570378 -4.551522
291.503052 103.886162 3.027972 -0.174221
291.702362 65.453773 2.943020 -0.171162
292.879425 161.569000 2.864699 -3.195366
294.554138 223.509262 3.147291 -0.535917
294.554138 223.509262 3.147291 -3.197864
301.734955 107.163551 3.021955 -0.419039
301.734955 107.163551 3.021955 -1.178888
304.480011 292.901855 2.947695 -0.319706
304.309052 614.930420 3.461457 -1.574043
304.309052 614.930420 3.461457 -4.433515
305.309814 42.619125 3.224198 -0.107233
312.674774 168.727432 3.206589 -1.975202
313.698364 118.123177 2.898037 -1.344627
322.535645 492.554504 3.459013 -1.641877
329.246582 173.939758 3.474108 -4.223675
341.088501 349.694122 3.171483 0.199231
342.183868 65.301453 3.254978 -2.076282
342.392548 298.740387 3.156018 -1.594498
344.136078 243.707016 3.038958 0.447765
346.888123 555.758118 2.881769 -1.487963
348.118439 601.865417 3.235577 -0.244288
349.886169 373.695068 3.148503 -0.065040
353.123413 248.580185 3.435030 -1.773063
352.838043 257.837006 3.194382 -1.851474
358.488708 108.582672 3.372433 -0.026721
360.299255 35.587822 3.069263 0.696434
360.299255 35.587822 3.069263 -3.085972
359.536774 88.060089 3.386935 1.376334
359.536774 88.060089 3.386935 -1.396168
361.302002 125.732712 3.412015 -0.434386
365.041016 402.970001 3.059706 1.435714
365.041016 402.970001 3.059706 -1.594514
365.947815 172.642166 2.988574 0.518893
366.811401 302.232910 3.125839 0.528550
367.024536 309.489624 3.006668 0.256230
368.083649 411.661591 3.617860 -1.622143
370.885040 509.007416 3.229238 -1.898793
372.817841 378.666779 3.062514 1.331863
372.817841 378.666779 3.062514 -0.746124
372.817841 378.666779 3.062514 -1.815341
373.595520 16.868366 2.970552 -1.074779
374.476440 237.141098 3.091378 -1.897434
377.506714 136.339508 3.470181 -1.455480
379.551758 329.311798 3.458066 -1.765107
385.395813 27.011343 3.076585 -4.532417
390.201935 547.533569 3.033800 -1.646134
395.573486 529.836487 2.941777 1.405257
396.470947 12.772140 3.119324 -3.046794
400.972107 389.152863 3.314996 -4.677204
404.131042 35.650043 3.416450 -0.665452
404.131042 35.650043 3.416450 -3.940571
409.540192 440.115417 2.942986 -0.098834
409.540192 440.115417 2.942986 -3.029726
413.936768 288.737885 2.865292 -1.500960
420.134674 11.778481 3.297330 -1.062109
421.266449 64.731087 3.073421 -0.692476
421.266449 64.731087 3.073421 -3.466943
423.204224 213.660294 3.035829 -1.806054
423.722626 74.625130 3.293859 -3.697578
425.561279 56.781658 3.478027 -0.567532
425.409363 221.594650 3.325754 -1.787151
427.472809 267.680908 3.213554 0.026731
431.063568 241.427231 3.132707 1.292181
431.063568 241.427231 3.132707 -2.014611
431.038300 612.427795 2.880156 -1.366570
431.063568 241.427231 3.132707 1.292181
431.063568 241.427231 3.132707 -2.014611
434.000183 78.910370 2.890953 1.501551
434.000183 78.910370 2.890953 -0.350895
435.848999 462.247620 3.061853 -4.705341
436.463531 71.104431 2.890830 -1.142026
440.280975 251.492233 3.289876 -4.494354
442.566132 140.673431 3.371161 -3.937478
444.367340 120.932861 2.937619 -0.411728
454.228577 470.090729 3.377650 1.512424
455.560913 330.481049 3.011166 -1.460618
458.762390 369.498016 3.030977 1.469736
458.762390 369.498016 3.030977 0.090477
459.399139 620.861206 2.957391 0.562071
468.476105 92.489639 3.085215 -0.807475
468.476105 92.489639 3.085215 -3.788407
468.025696 242.641541 3.052122 -1.254404
468.025696 242.641541 3.052122 -3.343181
479.236786 92.969078 3.230538 -1.060615
6.930563 418.353180 4.127766 1.436821
8.826500 614.458984 4.185337 1.252502
15.055980 407.302002 4.031650 1.521544
17.363598 239.778885 3.671731 0.408213
17.363598 239.778885 3.671731 -1.242183
17.359798 493.022888 3.766154 1.377866
19.179066 279.867523 3.983885 -1.435449
24.625799 479.750610 4.302615 -1.389808
33.482838 162.253891 3.804898 0.093521
32.567593 325.691254 3.981687 -0.075848
41.283943 363.922516 4.090732 -0.884158
42.863411 489.322662 3.715889 1.484122
49.603451 570.754517 3.621859 -1.476607
58.958649 109.652016 4.514200 -1.168005
65.291931 199.018021 3.665404 -0.468591
70.122871 103.498634 3.710334 -3.031599
71.696304 407.072327 3.822701 1.429612
77.203835 92.634377 4.134837 -2.989986
98.953476 394.733826 4.417776 1.438732
107.065788 487.621918 4.380667 1.414434
107.065788 487.621918 4.380667 -1.385515
114.914536 532.705444 4.073751 1.349812
114.914536 532.705444 4.073751 -1.573405
123.256989 105.623528 3.953924 -0.688460
126.607796 243.889297 3.694674 -1.309786
136.036880 117.060516 3.604244 -0.193574
134.248108 338.208923 4.284009 -0.144908
144.421448 126.129761 3.810781 -0.123419
144.646454 317.139404 3.738159 1.045573
144.646454 317.139404 3.738159 -1.636241
149.723526 171.174774 3.676956 0.599051
151.613663 182.563690 4.039917 1.101355
152.142563 326.662659 4.530107 0.023187
152.711365 370.896973 3.967782 -1.285052
157.912842 238.367432 3.693610 1.334215
165.910172 156.009659 3.479200 0.118749
168.083801 382.811920 4.344342 1.485284
188.634171 243.435257 4.103531 -1.752552
188.919525 383.843658 4.161642 -4.636158
191.900848 297.394318 3.663767 -1.513292
195.131821 185.199020 3.817517 -1.736211
202.288605 471.605469 3.509410 1.319219
202.288605 471.605469 3.509410 -1.265631
205.633621 208.571487 3.699106 1.360578
205.633621 208.571487 3.699106 -3.070191
208.424149 515.137146 4.266446 -1.636427
213.966263 327.091675 4.452425 -2.189731
217.536652 96.167221 4.012303 1.518668
217.536652 96.167221 4.012303 -2.057314
231.076691 94.449028 4.429844 1.491886
233.514755 534.728455 3.898005 -1.854428
234.843307 83.262207 3.669513 -1.543167
234.969498 264.791840 4.461036 -1.639739
235.840164 468.200684 4.148615 -2.274799
236.840118 12.139096 4.077888 -1.452676
236.840118 12.139096 4.077888 -4.473003
246.164230 222.962036 4.287084 -1.745315
246.164230 222.962036 4.287084 -3.848428
251.348419 11.052940 4.133195 -2.301072
251.348419 11.052940 4.133195 -4.247573
252.028992 163.380936 3.779503 1.090847
254.159882 212.670563 4.020751 -2.411946
254.159882 212.670563 4.020751 -3.983276
259.002777 58.574265 4.307786 1.146297
262.606964 102.138771 4.314230 -1.835761
262.606964 102.138771 4.314230 -4.523811
269.780060 92.337654 4.055344 -4.427276
268.827454 508.432831 4.108741 -1.592034
271.338074 142.757767 3.636125 -0.291800
271.338074 142.757767 3.636125 -2.459457
271.686188 375.312103 4.348256 -0.113783
271.686188 375.312103 4.348256 -3.088375
272.936890 22.968563 3.997018 -4.406698
275.966492 264.973633 3.628947 -2.641450
275.966492 264.973633 3.628947 -4.233152
281.537689 629.818726 4.023937 -1.423327
284.318085 378.932526 3.795034 -3.229908
285.689240 214.365280 3.226323 -2.029071
310.740021 583.621460 3.569654 -1.854838
326.613556 480.428894 4.045237 1.443546
328.169678 502.539978 4.258211 -1.629119
343.947327 31.807203 3.985727 -1.108152
343.947327 31.807203 3.985727 -4.682708
341.951050 622.792236 3.942014 -1.336558
348.861145 114.317307 4.258713 -1.477018
350.427032 545.661621 4.515278 -1.450728
356.138306 197.285233 4.469514 -0.736402
358.756714 9.186710 3.966446 -3.878102
361.036835 603.192261 4.518042 -2.816224
366.917114 524.243774 4.086567 -1.122995
369.353241 221.607681 4.120401 1.388387
369.353241 221.607681 4.120401 0.390909
368.031555 411.907684 3.626725 -1.630107
393.096771 207.691040 3.676003 -0.884649
395.794769 341.991699 4.127009 -0.269083
398.843658 131.636597 3.750156 -2.723196
398.929199 150.455292 3.712410 0.722651
398.929199 150.455292 3.712410 -4.314086
400.390381 196.337784 3.686423 0.107071
400.390381 196.337784 3.686423 -2.640752
406.955261 139.985718 3.999537 0.385347
406.955261 139.985718 3.999537 -1.255979
406.796906 515.030212 3.632866 -1.638393
406.796906 515.030212 3.632866 -4.171760
419.274261 336.041016 4.546091 -3.027205
421.168549 397.176849 3.785797 1.511682
420.124512 470.834534 3.510504 1.308929
433.810699 308.298248 3.878726 -0.269295
446.594360 131.370575 4.183011 -0.481319
454.165527 143.349823 3.505555 -0.511239
454.165527 143.349823 3.505555 -0.511239
454.420654 470.454834 3.535330 1.504553
457.435394 557.221497 3.612921 -1.427037
470.817017 157.520920 3.977249 -0.654385
470.817017 157.520920 3.977249 -2.915605
9.960380 579.320557 5.597915 -1.747957
17.194080 464.218689 4.890130 -1.782812
30.859573 17.606432 4.990602 0.435463
36.530857 404.313538 5.590103 1.527327
59.388279 555.585144 5.444514 -1.842357
72.509369 141.823593 5.070441 1.086238
106.029770 501.738220 5.033637 1.335614
108.689781 223.160645 5.233076 -0.877054
120.020157 257.173889 4.772327 -1.215381
122.545944 90.891647 4.539751 -0.498636
123.696594 356.154114 4.874522 1.344306
148.895874 284.307770 5.156656 -1.361267
148.849304 471.478302 4.548911 -1.549653
154.262131 553.040771 5.202750 1.483973
154.262131 553.040771 5.202750 -1.764510
166.048294 170.648407 5.014915 0.709293
164.793076 225.702118 5.650770 -1.678307
179.117508 233.793427 5.138287 -1.655067
189.305298 196.709198 5.487753 -1.985649
192.412888 311.680206 5.379853 -0.589261
192.412888 311.680206 5.379853 -1.483522
192.412888 311.680206 5.379853 -2.860982
210.463531 314.482086 4.976092 -2.239818
215.933777 469.031464 4.723724 1.327023
223.516281 169.117447 5.016211 -2.965149
227.720108 397.658386 4.979665 -4.444552
247.016235 50.427837 5.316500 -2.201654
252.146194 95.062828 4.601737 -4.664119
254.401154 413.175018 5.328404 1.544660
263.451752 150.171722 4.601493 1.305413
263.451752 150.171722 4.601493 -0.228359
259.127655 379.301941 4.515176 -0.055622
264.996002 166.695755 4.858821 1.285439
265.138977 332.112305 5.238057 1.198038
266.756348 578.523438 4.828054 -1.452541
272.134033 358.119232 4.898078 -0.101318
272.134033 358.119232 4.898078 -3.138973
285.324158 41.438904 5.040838 -2.985918
283.837402 578.704285 5.411679 -1.755620
294.467133 271.922699 4.991029 -3.567709
297.516968 288.342224 5.412178 -0.433903
300.430176 234.062500 5.088825 -0.291759
300.919189 333.900085 4.686692 0.126654
314.173981 333.551941 4.997570 0.226828
323.860046 27.619780 4.829374 1.279928
323.860046 27.619780 4.829374 -0.913612
323.394196 166.333679 5.312482 -4.481520
329.110291 14.863037 5.399742 -0.940039
330.660400 190.941238 4.687050 -2.496445
330.727509 444.751495 5.402053 1.435479
330.727509 444.751495 5.402053 -1.598909
335.272644 101.509666 5.419020 -1.055206
341.041870 178.411270 4.695955 -0.337792
343.801758 87.984230 5.157709 -1.268996
349.218292 74.643066 4.788566 1.563564
352.430969 500.776428 5.572658 -1.659855
354.283325 101.441559 5.668677 -0.147087
354.283325 101.441559 5.668677 -1.342289
353.062714 223.752457 5.665628 0.435292
369.465546 208.969574 4.550264 -1.080365
374.197540 271.056915 4.886348 -1.084137
379.389313 212.781219 4.823016 -1.079023
391.006439 581.707214 6.081278 -1.359747
403.450623 597.975098 5.240305 -1.621838
407.355560 336.332855 5.466960 -0.291021
407.355560 336.332855 5.466960 -2.999886
415.964722 7.557712 5.184461 -0.016616
421.588928 384.958771 5.069941 -4.692830
431.828247 538.017822 4.819249 -4.632303
432.005615 524.101379 4.950449 -1.607365
450.869293 460.312347 6.173526 1.510174
450.869293 460.312347 6.173526 -1.618330
458.853394 251.274979 5.030794 -1.319947
461.802460 173.528961 5.673177 -3.730506
463.639801 220.178116 4.942899 -3.446150
24.035748 280.571411 6.284033 -1.049642
34.890938 532.924683 7.163224 1.493983
61.285786 221.798248 6.961988 -0.430963
65.999283 334.964813 6.159492 0.655811
69.787086 608.838623 5.796524 -1.460921
77.198120 361.916290 5.858668 -1.423767
99.071579 235.848007 6.414784 -0.825266
104.788605 61.953167 6.016091 -0.941661
118.552040 308.873077 5.845337 -2.636871
140.075409 225.821411 5.913297 -1.541771
165.667191 349.281433 6.530395 0.447226
165.667191 349.281433 6.530395 -1.108078
195.259399 574.951721 6.664861 -1.547496
206.920425 349.620361 6.234756 -3.236100
212.933533 114.597855 6.952686 -2.054728
223.897903 224.467117 6.676769 -1.635496
234.807724 192.183624 6.969816 1.055417
239.866837 108.828400 6.042395 -1.854988
263.975464 190.438660 6.969763 -1.884980
262.547333 560.876099 5.837831 1.476995
290.566254 146.711639 6.388129 -2.865503
304.508118 392.887726 6.858996 1.399180
319.558685 43.315781 6.178567 -0.821399
319.269531 207.083420 6.221869 -1.484388
319.366333 548.712402 6.637100 -2.058721
321.239777 61.415043 5.722854 -0.898207
328.581390 606.910034 6.048332 -1.601452
330.515167 325.328918 6.351810 -3.223371
334.388458 428.869263 6.925189 1.394556
347.402313 195.205704 6.846425 -0.678429
358.023895 384.699280 6.019215 1.361192
371.848694 149.732162 6.442716 0.913612
384.999512 160.338623 5.836502 0.924708
391.548096 291.851166 6.531772 -0.921181
396.560883 440.255157 6.099064 -2.002887
425.457031 72.070152 6.132098 -0.886609
425.457031 72.070152 6.132098 -3.847006
445.295929 332.140045 7.093797 -0.295045
445.295929 332.140045 7.093797 -1.418558
442.754303 556.871399 6.188545 -1.368879
453.727905 186.752701 5.794612 -3.617022
7.783109 295.900360 7.923079 -1.594728
44.202396 453.883850 7.898940 -1.445081
105.338432 340.976074 7.610112 1.020799
106.471268 505.695496 8.441498 1.235930
134.851364 377.097961 8.172019 1.522238
163.695984 416.786041 8.430819 1.530261
163.695984 416.786041 8.430819 -1.544043
174.078659 320.360382 7.730036 -0.262156
191.352173 376.430573 8.671512 -4.610642
191.719360 276.820007 7.364961 -1.617001
197.901306 575.906067 6.415899 -1.527945
200.743561 530.102234 8.605882 -1.606909
208.249191 136.690308 7.846677 -2.243420
208.249191 136.690308 7.846677 -3.724462
234.456085 192.717621 7.053179 1.072387
243.062485 30.045786 7.705754 -2.363732
243.062485 30.045786 7.705754 -3.994478
245.495682 442.784607 8.020711 -1.700845
258.953186 301.134094 7.508079 -1.968322
286.797058 116.360641 7.956721 -1.098644
295.882080 179.582565 7.826884 -3.370498
318.245880 94.219322 7.570630 -0.652259
332.852173 269.100525 8.141903 -1.294797
347.458740 194.342468 6.600750 -0.682883
363.388336 423.233154 8.312693 1.413184
365.431213 444.047333 8.288577 -1.668567
382.152863 559.179932 8.326283 -1.794918
389.637573 293.421753 7.544709 -0.875855
405.932983 322.692810 7.756447 -0.199758
403.664490 601.817993 7.533291 -0.159749
403.664490 601.817993 7.533291 -1.656582
408.335785 458.100403 7.380723 -1.881202
411.452789 416.732788 8.273701 1.339683
415.291718 93.731575 7.924352 -3.904766
416.978699 210.100464 7.818538 -1.561093
429.325256 434.462067 8.690211 -1.428758
434.183777 50.226929 8.479506 -0.687864
438.785889 229.856705 9.015000 -1.749553
451.849091 430.275421 8.085124 1.415079
451.849091 430.275421 8.085124 -1.532696
27.219080 81.468727 9.614953 -0.250526
188.849243 225.883545 9.411821 -1.841932
195.327133 504.179108 10.002780 -1.558533
212.574951 445.621033 10.035562 -1.698657
236.686615 219.427979 9.098427 -1.947885
264.126587 599.781433 9.649501 -1.709376
337.073212 318.645721 10.913800 -1.616154
339.872162 518.742432 10.167968 -1.637826
377.348297 114.463898 10.476282 -0.536456
377.925079 342.516541 11.614887 -0.429026
407.656830 45.626064 9.799902 -3.555278
416.966431 103.186974 9.820237 -3.990892
423.767120 301.260071 9.593215 -0.570560
59.784012 87.181679 11.859703 -0.359558
59.784012 87.181679 11.859703 -2.367072
93.875786 82.501434 12.746716 -0.807289
100.092865 258.571228 13.428863 -1.073621
194.679703 167.510574 13.650427 -3.439839
210.593491 416.606689 12.069852 -4.442765
351.552826 208.806564 12.757713 -0.872717
373.900360 54.424343 13.234478 -0.424219
373.900360 54.424343 13.234478 -3.616139
375.163116 183.731339 12.370549 -0.897972
183.421326 588.459106 18.083632 -1.945146
232.117554 139.333847 15.482471 -2.667898
272.562897 536.700439 16.529503 -1.685482
441.720673 365.175476 17.673794 -1.161786
32.320755 374.595947 20.761566 1.417491
53.708542 476.911499 19.004951 -1.354392
152.521057 465.392700 20.400066 -1.595518
290.492950 231.489563 19.263288 -2.444571
315.391724 371.483093 16.983852 1.336257
356.095642 48.026741 21.701630 -0.256151
410.172455 187.276184 26.568619 -0.995570
100.814056 561.204651 32.861530 -1.537570
354.110199 430.917603 31.182615 1.292052
174.999832 205.376785 38.124207 -0.768405
290.073090 112.447540 40.919975 -0.477296
290.073090 112.447540 40.919975 -2.738038
