21 494
23 311
27 875
52 111
72 530
175 530
203 891
237 33
248 5
261 97
262 19
265 15
266 16
267 20
268 444
271 24
273 27
274 28
275 33
278 36
280 37
284 46
285 42
287 51
289 456
290 457
291 874
292 63
293 64
295 58
296 38
297 62
298 61
299 74
300 75
301 50
303 77
308 80
310 82
319 85
320 73
322 83
323 55
324 91
326 87
327 94
328 95
329 90
332 98
333 99
334 485
341 105
342 100
343 101
345 102
347 103
349 110
350 104
354 113
356 498
357 109
360 502
361 126
362 121
367 506
369 122
370 123
371 134
372 510
373 131
374 128
375 135
377 133
379 137
380 136
381 142
382 143
384 519
385 145
388 140
391 147
392 1030
397 149
398 516
399 152
404 576
414 163
420 165
426 168
428 172
430 164
431 170
432 540
433 174
434 176
444 181
445 183
446 184
450 187
454 189
455 194
474 874
559 875
570 1167
622 521
641 182
646 688
648 689
649 690
650 440
651 442
657 695
659 447
660 452
661 455
662 459
665 451
666 458
671 465
673 81
674 704
677 473
678 479
679 478
680 475
686 484
687 487
688 486
692 481
693 306
695 490
696 709
698 492
699 493
700 494
701 114
702 115
703 503
704 500
708 504
710 495
713 136
715 515
718 512
719 517
720 518
721 521
723 156
724 158
728 525
729 524
730 529
731 537
732 530
734 174
736 167
739 544
740 539
741 545
746 750
747 543
749 547
751 190
752 754
753 197
802 306
818 747
824 111
832 964
850 684
851 685
852 686
854 692
855 693
858 891
859 877
860 699
861 702
862 882
863 883
868 462
869 705
873 707
876 710
877 713
878 714
879 500
880 718
883 723
884 724
887 729
888 725
889 730
890 513
891 732
893 726
899 731
900 735
903 737
908 738
911 741
915 745
916 746
920 743
921 744
925 749
998 868
999 872
1000 874
1001 993
1003 994
1005 878
1006 879
1007 876
1009 881
1010 1004
1011 1007
1012 892
1013 889
1014 893
1015 890
1016 894
1020 710
1021 895
1022 901
1023 902
1029 725
1030 907
1032 906
1033 908
1034 909
1035 910
1040 512
1042 919
1045 914
1046 915
1047 913
1048 744
1050 922
1055 1035
1098 988
1100 989
1101 990
1102 991
1103 1067
1106 995
1107 997
1108 998
1109 878
1111 1069
1112 1070
1115 1000
1116 1001
1117 887
1118 1006
1119 1002
1122 1003
1123 1008
1124 1009
1125 1010
1126 1011
1128 1013
1129 1015
1130 1016
1133 1014
1135 1017
1136 1018
1139 1020
1145 1023
1146 1027
1147 916
1148 1028
1174 569
1178 1066
1180 1117
1182 1119
1184 1073
1186 1074
1187 1075
1188 1076
1204 1115
1205 1122
1206 1123
1207 1124
1208 1125
1209 1126
1229 1145
1230 1146
1232 1148
1235 1163
1236 1164
1239 1178
1240 1179
