3.541861 151.826492 2.191218 -1.088037
3.739779 537.451721 2.027606 -1.542233
4.633541 42.574417 1.916677 -0.928027
4.633541 42.574417 1.916677 -4.042162
6.126748 120.654373 1.988067 -4.000805
6.746340 525.894836 1.855560 1.433320
8.703392 96.073402 2.074925 -3.237675
8.606351 174.147568 2.179865 1.193934
8.606351 174.147568 2.179865 -1.635794
10.061735 439.601776 2.052325 1.261306
10.061735 439.601776 2.052325 -1.867082
11.592697 305.811554 2.009290 -1.217736
12.445969 206.734299 1.999827 -3.485529
17.555235 208.100967 1.737974 -3.395753
18.868118 244.281616 1.978823 0.217635
18.868118 244.281616 1.978823 -3.277182
18.984236 267.892273 1.912782 0.142085
19.868532 276.702545 1.794572 -0.115637
19.769194 304.373383 1.955456 -0.273826
22.706627 187.278137 2.194365 -1.401428
24.843479 282.390320 1.839971 -1.286778
24.843479 282.390320 1.839971 -2.274176
25.419662 615.216614 1.990626 -1.657437
28.928375 244.861343 1.960775 -3.418961
28.741434 268.247986 1.942447 -3.350165
29.059111 297.699677 1.993936 -2.659122
29.246197 339.116058 2.168303 1.033274
29.246197 339.116058 2.168303 -1.574514
29.520103 589.006775 2.080553 1.515874
31.083193 423.650299 1.885804 -1.340934
31.941364 556.803284 2.144632 0.885061
31.941364 556.803284 2.144632 -1.586761
32.838524 40.044838 1.808890 -0.730770
34.895699 62.650215 2.230242 1.030193
34.441856 106.276993 1.828248 -1.091727
35.180607 193.452393 2.124125 -1.194149
34.923553 236.484238 2.096800 -1.602657
35.183613 572.436340 2.203501 -1.951004
36.296158 210.606155 2.013912 -3.968494
37.507328 245.413040 1.945649 -1.137807
37.237022 255.228394 1.985227 -0.026699
37.399017 296.684570 1.937917 0.773488
37.121532 309.349945 1.810957 0.191405
36.807831 380.279877 1.945709 1.491401
37.526676 82.774582 1.802690 -1.627298
37.610222 287.093903 2.005757 -1.530509
38.251827 484.587769 1.831532 -1.547628
41.109142 301.230682 1.878032 0.711470
41.109142 301.230682 1.878032 -3.066899
40.792576 605.729004 1.947818 1.508047
42.103985 101.890953 2.108903 0.917301
42.018387 281.897064 1.933579 -1.540646
42.743881 515.551514 1.794366 -1.275796
46.185661 245.759064 1.966794 0.285455
46.185661 245.759064 1.966794 -1.436416
45.886856 255.107513 1.938523 -0.241705
46.218811 268.559357 2.118108 0.344802
46.026627 308.872314 2.028659 0.081649
46.714600 277.876495 1.817161 0.064809
46.744965 286.884155 2.048698 -0.045747
46.744965 286.884155 2.048698 -1.483441
47.766640 120.777428 2.129227 -0.610552
48.481926 26.717049 2.194098 -0.414025
48.481926 26.717049 2.194098 -3.524155
49.155121 564.722778 2.008364 -2.410973
51.304806 263.840332 1.778078 0.238947
51.304806 263.840332 1.778078 -3.390222
51.221325 388.060913 1.857045 1.252848
51.003784 557.668091 1.934735 -2.126944
51.761051 281.969238 1.993428 -0.797459
51.761051 281.969238 1.993428 -2.401236
53.155548 475.689240 2.124406 -1.230317
53.155548 475.689240 2.124406 -4.665610
53.700562 126.746811 1.944564 -0.577064
53.700562 126.746811 1.944564 -4.290420
55.861046 246.306213 1.827418 -3.129849
59.159451 186.208282 1.869730 0.493097
60.282146 564.012146 1.895492 -0.968331
62.022377 239.175888 1.841539 -1.449120
63.325001 197.516907 2.214755 -1.230179
63.734886 209.874039 2.131899 -2.446426
64.971619 175.851227 1.909544 -1.649868
65.243187 488.705017 1.928704 -1.768668
66.542717 455.782074 1.897023 -4.694616
69.313751 188.362213 2.064952 1.049076
73.150101 229.858200 2.197870 -1.188426
80.837837 116.464302 2.080547 -0.175423
81.478653 403.726196 2.065336 -1.263285
81.478653 403.726196 2.065336 -4.637742
82.309891 196.719315 1.901043 -2.938573
82.350006 325.904633 1.883916 1.448719
82.107185 477.920532 1.973205 -1.389321
83.387901 30.609243 2.188637 -0.074607
83.343216 124.530350 1.933137 -0.258327
83.265465 135.872406 2.014387 -0.464418
84.265465 210.976959 1.954896 -3.041154
85.997688 233.570221 2.246831 -3.150643
89.233963 86.543106 2.196310 0.055958
91.030197 78.920982 1.879820 0.318844
97.343025 64.580063 2.115088 0.279985
97.343025 64.580063 2.115088 -3.112691
96.472984 342.157501 1.910567 -2.324317
96.949921 383.692108 2.073671 1.310110
96.896233 408.074249 2.030396 -4.561724
97.940575 44.483204 1.942702 -3.012727
98.219055 161.137222 2.136764 -0.026296
101.462845 98.983849 2.047145 -0.059585
101.462845 98.983849 2.047145 -3.084919
101.451965 437.667603 2.151108 1.472886
101.913155 107.237411 1.962501 -0.051175
103.484398 431.853394 1.928178 -1.513945
103.548561 26.206495 1.986058 -2.951904
106.957954 103.222420 2.175962 0.007277
107.988510 255.873352 2.037587 0.138058
107.988510 255.873352 2.037587 -3.269879
108.013535 268.205170 1.791166 0.050386
108.013535 268.205170 1.791166 -3.143227
109.304642 58.693172 2.107859 0.055324
110.849670 321.798340 1.932855 0.215879
110.849670 321.798340 1.932855 -3.156846
110.913368 329.550140 1.845418 -0.099858
110.875084 530.322144 2.050615 0.912793
110.875084 530.322144 2.050615 -1.662578
113.022499 72.432304 1.800099 0.431721
113.022499 72.432304 1.800099 -3.332870
112.626526 150.163345 2.071810 -2.872222
112.615067 561.044800 1.844122 1.425241
112.615067 561.044800 1.844122 -1.826810
113.634468 252.034180 1.955506 0.106565
115.501343 106.879105 2.153403 -2.872932
115.536606 430.343262 1.957449 -1.585585
117.207390 134.841171 2.043600 -3.329024
119.343132 525.246033 2.001338 1.116292
121.577896 117.835083 2.334318 -2.841075
123.945267 249.545822 1.971188 -0.103621
124.069679 549.533081 2.262277 -2.662544
127.326500 398.307617 1.733597 -1.416303
128.716248 89.999069 2.178307 -2.376099
130.595581 565.079590 1.888983 -4.081794
130.470673 512.088623 1.792692 1.441854
133.018784 53.122150 1.865396 -2.981532
135.418396 139.381210 1.973820 0.091278
135.418396 139.381210 1.973820 -2.545896
137.456558 268.648285 2.009058 -3.287538
136.806641 306.045532 1.783774 -3.332820
137.886459 258.801208 2.084666 -2.844061
141.251160 161.480957 1.839235 0.402253
145.277161 449.938721 2.025640 -4.381225
146.385941 210.966187 2.193821 -3.214478
146.360077 244.623779 1.960394 -0.430300
145.780746 566.023315 1.790645 -2.066198
146.974228 283.481110 1.889260 -0.015895
147.182816 556.884033 2.215960 -2.229773
148.710724 596.750916 1.736330 -2.285157
149.062286 357.100006 1.977634 1.422791
149.935593 322.589813 2.142628 -4.667798
151.662964 72.575928 1.856079 0.045409
151.543365 121.466270 2.155900 -3.427108
153.074188 270.179504 2.071442 0.864207
155.955475 111.108963 1.982797 -2.994698
160.251205 198.727493 2.086272 -3.974189
161.215302 370.079987 1.798563 -4.437719
164.750473 132.824646 2.228947 -3.797817
164.685486 564.997742 2.275106 1.314748
165.748672 214.898087 1.826086 -3.296994
166.353394 414.023438 2.236223 -1.989843
173.906708 343.358551 2.267030 -1.602204
175.137741 238.321579 1.903674 -0.451779
176.148804 79.844940 2.121150 -0.689713
177.056107 358.355927 1.955549 1.410699
177.056107 358.355927 1.955549 -1.546573
178.246185 114.961586 1.986304 -2.945369
177.792953 285.383057 2.054741 -1.767360
178.325302 248.352432 2.213209 0.076182
179.584991 52.393719 2.216314 -0.253607
179.956726 421.190613 2.067927 -1.378762
183.364624 338.115692 1.913083 -4.706045
184.179077 358.231506 1.930053 -1.585781
185.062088 38.295586 2.114114 0.949693
186.335419 596.035706 1.886932 -4.020314
189.732697 338.293976 2.209242 1.535046
191.799713 480.036224 1.984213 0.283669
193.445908 343.639801 2.046986 1.481167
193.445908 343.639801 2.046986 -1.478902
197.282211 294.432373 1.906207 0.932107
197.282211 294.432373 1.906207 -2.897191
197.282211 294.432373 1.906207 -3.928315
199.823944 377.072418 1.997116 1.397989
203.513428 16.808470 2.028261 -1.839949
202.976044 164.758255 2.138789 -3.391466
202.961975 249.917328 1.894406 -3.635802
203.943024 23.010471 2.225785 0.662242
203.943024 23.010471 2.225785 -1.964916
205.978088 73.302376 1.936828 -1.161850
207.153564 176.077774 1.998592 1.193759
209.858551 470.162933 2.173079 -1.356397
212.193130 70.022232 2.129030 -4.063513
212.509872 530.755676 1.854859 1.535151
212.509872 530.755676 1.854859 -1.800213
216.076889 304.566864 2.179424 -3.024979
215.821243 348.228027 2.111463 -1.299807
218.648712 546.158081 2.096824 1.146222
219.342514 581.048096 1.833880 -3.929547
219.945328 56.837250 1.894507 -4.621483
220.811462 49.236633 1.936297 -0.813777
220.811462 49.236633 1.936297 -2.044922
221.085831 603.557373 1.802973 -2.309740
224.223099 348.499207 1.980223 1.446125
224.223099 348.499207 1.980223 -1.646035
223.409790 506.936981 2.088183 -1.528759
227.040634 40.825428 1.923313 -2.929267
226.567184 378.178284 1.831314 -4.311779
226.532990 464.193115 1.976815 -4.630213
229.881119 192.741302 2.066382 0.235343
236.510117 96.545021 2.064117 -3.101376
236.028259 299.154907 2.196884 0.648334
237.068100 235.092010 2.030779 -1.532055
237.994217 71.562820 1.950374 0.689149
239.041107 139.255478 1.996240 -3.155498
238.917587 194.915375 1.863310 -3.915044
241.306625 51.224728 1.944915 -2.555881
241.901077 263.821014 1.961332 -2.821115
243.910278 320.378418 1.749878 1.317152
243.910278 320.378418 1.749878 -1.263958
242.941238 549.594971 1.651812 1.405012
244.302109 83.134682 2.237615 -0.673923
244.302109 83.134682 2.237615 -2.537395
245.300827 43.149025 1.984175 -2.644101
246.207001 70.382935 2.180651 -4.301251
246.524948 534.728149 2.052548 -4.264063
247.275085 49.995159 2.093659 -1.263216
246.488785 315.961853 1.933380 -1.595006
248.297562 203.789597 1.983523 -3.095100
249.408188 176.575378 2.045646 -2.910891
250.388062 340.390717 2.089083 -4.541865
250.773743 12.572492 2.204020 -3.353541
253.991089 51.534725 2.152613 -1.491938
253.991089 51.534725 2.152613 -3.007030
255.066391 282.716736 2.187544 -0.803372
254.616318 351.174255 1.706947 -0.773684
254.616318 351.174255 1.706947 -2.720701
255.904999 134.808655 2.156174 -0.903868
257.681458 248.363510 1.995372 0.938736
257.913147 335.223206 1.906822 -4.696629
259.955688 28.277269 1.962438 0.709699
259.658386 130.195938 2.142999 -0.956460
261.846619 3.855540 1.912467 -0.393321
261.846619 3.855540 1.912467 -2.626025
262.171661 275.008362 1.878112 0.787701
264.778809 35.710983 1.827419 -2.127300
266.423737 278.315002 1.861670 0.776419
266.423737 278.315002 1.861670 -1.545053
266.423737 278.315002 1.861670 -3.049093
266.121277 336.071838 2.002537 1.491949
267.222412 41.078297 2.145538 0.831410
269.367981 226.810715 2.076967 1.332172
271.787811 58.147232 1.988365 -0.169871
271.787811 58.147232 1.988365 -3.377895
271.696381 176.516693 2.280652 -2.741506
272.115448 276.439850 1.934186 -3.246396
274.007904 43.047894 2.134785 0.868338
274.007904 43.047894 2.134785 -2.239552
273.833649 49.184917 1.898793 -2.562309
274.043335 111.185593 2.246063 1.145503
274.043335 111.185593 2.246063 -1.757407
273.912415 482.218018 2.021219 1.551115
274.867798 165.880005 2.146387 -2.669451
276.901154 105.411324 2.040349 -4.344237
278.186523 34.624435 1.977611 -1.770961
276.901154 105.411324 2.040349 -4.344237
277.437256 584.548767 1.988289 -1.495336
279.535400 410.766327 1.895732 -1.665817
278.590729 481.257812 1.925730 1.553604
278.951263 528.443787 2.122092 1.303937
278.951263 528.443787 2.122092 -1.250856
280.011414 77.295189 2.164759 -2.671963
281.571899 174.978119 2.217596 -2.877839
280.789215 283.821716 1.905632 0.955547
281.516663 533.652527 2.120386 1.268720
281.516663 533.652527 2.120386 -1.891112
282.957275 573.339600 2.190754 -1.818203
286.108093 129.126526 2.013166 -1.366926
287.506287 476.480408 1.803647 -4.422790
288.338867 292.140381 1.997990 -1.969266
288.072815 400.468597 2.174264 -1.919734
292.353302 344.575897 2.054459 -1.752615
293.012909 520.168762 1.874265 -3.228520
294.506439 171.148712 2.700744 -3.562104
294.506439 171.148712 2.700744 -4.391774
297.111176 441.603943 2.120513 -3.469048
298.658051 598.077026 1.994335 -1.306043
301.011017 591.886841 2.257751 -3.785108
302.937561 240.349075 2.195197 0.626722
302.937561 240.349075 2.195197 -2.983093
303.745239 194.245544 2.147216 -0.575018
305.693573 274.744781 2.048903 -2.372788
307.456573 218.180161 1.893814 -2.262523
308.840240 306.288605 2.132815 0.907071
309.005157 586.264832 2.136317 -1.962440
311.145447 493.912720 1.794974 -1.533880
311.145447 493.912720 1.794974 -4.446636
313.399231 141.416428 2.090194 0.989849
313.628540 257.842926 1.726309 -2.759520
316.559296 578.847839 2.047898 -1.680738
320.628235 606.615234 1.984939 -4.516693
321.950745 90.980576 1.834923 -1.747917
324.017090 296.474304 2.028353 -1.331513
326.549530 191.097992 2.059731 -1.424250
327.771423 152.706146 1.822671 -1.896169
327.863678 314.397644 2.190522 1.518504
327.399384 396.908447 1.804636 -1.767517
329.312927 592.590454 1.831425 0.777966
329.312927 592.590454 1.831425 -1.185056
331.050446 243.837509 2.120267 -0.181934
331.151276 307.368011 2.041702 -3.108256
331.817047 522.956482 2.198320 -1.703253
332.099304 636.120239 1.840690 0.538350
335.980103 178.474014 2.210184 -3.876168
336.250488 224.054031 2.036613 0.221785
341.002838 22.543274 2.023544 -3.233267
344.153290 273.203827 2.168300 -0.093961
345.097412 80.584183 2.146683 -3.341575
346.334198 342.697235 2.088700 -3.031944
353.480103 140.841476 2.247931 -3.132004
353.273315 158.311157 2.213926 -3.476819
353.297180 210.206421 1.857252 -2.270968
352.801178 314.195007 1.929757 0.587349
352.801178 314.195007 1.929757 -3.493689
352.605469 622.736511 1.917538 -1.698545
355.147247 192.975861 1.855950 -2.594097
362.879456 388.990448 2.083808 -4.675488
363.986938 36.426243 1.771638 -0.133562
364.002167 332.468536 1.961041 -4.066305
363.669281 358.908295 1.898450 -2.473736
366.006195 340.798920 1.916192 -3.241813
368.742859 70.409081 2.114321 -0.541261
369.332123 159.583740 1.885021 -0.454878
372.506042 523.630127 2.124544 -1.673426
373.301056 37.216888 2.072292 0.427230
375.157318 150.667267 2.115343 -2.928367
377.512726 246.345078 2.183484 -1.649770
378.167297 376.762482 1.889221 -4.549565
382.418610 168.727310 1.777837 0.182488
381.777924 637.873718 1.973161 1.379494
382.883362 83.195572 2.213921 -4.298644
383.607635 9.258204 2.059904 -3.057062
383.786896 70.699928 1.975472 -3.142180
384.895752 195.604568 2.163249 -0.217062
384.657715 217.262131 2.036685 -3.620002
386.306885 465.813080 1.843187 1.361122
391.319214 180.922928 1.769681 -0.028513
391.319214 180.922928 1.769681 -2.861774
392.048096 96.305664 1.841770 -3.009939
393.047852 13.279014 2.008002 0.899585
395.081238 41.067619 1.986880 -1.985572
395.701630 549.588867 1.965788 -1.983377
396.910004 47.245308 1.886078 -3.402454
397.633850 358.747162 1.963431 -0.415850
402.220978 314.465210 2.193583 1.378093
404.239868 300.431519 1.897042 1.386203
403.942627 516.936035 1.873498 -1.625958
403.515839 570.692505 2.301479 -2.171502
404.933929 6.540658 2.159987 1.347843
404.933929 6.540658 2.159987 -1.169560
404.888519 223.418762 1.725447 -0.019421
404.903839 405.122070 2.061949 -1.390224
405.589142 112.824615 2.268826 0.568890
405.589142 112.824615 2.268826 -2.865173
405.593536 424.180481 2.056967 1.475988
405.589081 492.357422 1.837929 0.930739
406.840607 142.912628 2.125862 -3.232130
407.705933 251.372009 2.032918 -0.548336
407.705933 251.372009 2.032918 -3.958196
408.024261 502.392639 1.975451 -1.223559
410.149139 385.532990 2.389909 -4.452998
410.851624 567.202148 1.913796 -1.995042
412.178375 197.335083 2.227424 -0.455231
412.499207 5.503059 2.031845 -3.607880
413.194580 74.029449 1.922148 0.704339
412.551636 365.696686 1.932560 -4.630610
419.089386 132.442856 1.776369 0.240561
419.139740 148.449020 2.077767 0.411983
424.081818 419.439209 1.780241 1.271939
424.199615 577.101624 2.120715 -1.170000
425.579407 248.924698 2.103587 -0.024409
427.191254 122.380287 2.173568 0.424137
427.178040 345.178040 2.047242 -1.607309
431.583405 524.186096 1.921609 -1.708206
434.823273 173.719711 2.336430 0.082859
434.823273 173.719711 2.336430 -2.744282
434.723022 100.991348 2.078269 1.458242
434.723022 100.991348 2.078269 -1.631657
435.120361 106.214554 1.825954 -4.711027
435.795807 554.753479 2.001839 -4.257220
439.892365 105.580116 1.762240 -4.640628
440.908264 256.779510 2.023947 -2.820589
440.461273 402.106354 1.900925 -1.556099
443.005585 600.937927 2.006521 -1.238232
444.245148 120.724503 2.241964 -4.100942
446.730621 76.593414 2.196953 -0.288323
446.632385 302.039429 1.911936 0.977872
449.429596 92.272072 2.081530 -0.052714
449.088165 307.931244 1.822299 1.269923
449.088165 307.931244 1.822299 -2.549792
450.334167 135.898148 1.892487 -3.271948
450.472443 391.161407 1.848152 0.553576
452.414001 76.870155 1.881914 -0.329503
454.471527 109.148888 2.136547 -3.602455
453.994202 170.352112 1.878186 -3.227570
454.429901 327.740112 1.902245 -1.515956
455.130493 394.797577 1.984441 -1.883851
455.379608 465.968170 2.199878 1.337114
457.327576 449.833099 2.031572 1.545864
458.921448 165.176773 2.064189 -3.197366
459.694458 421.305695 1.875357 -4.660673
460.453003 206.271942 2.159189 0.198505
460.836670 315.234589 1.715870 -4.653239
462.374329 568.696472 1.980346 1.285372
462.374329 568.696472 1.980346 -1.861246
462.733948 374.642181 1.968109 -1.508697
464.753876 271.615265 2.305411 -0.184588
464.753876 271.615265 2.305411 -2.550001
464.945404 574.363342 2.207256 -1.795469
466.922699 121.286652 1.873580 0.114850
467.319305 539.024292 2.235608 1.248834
468.191132 260.717346 1.907959 0.276844
471.856476 35.065384 1.917410 0.873762
472.433563 72.490181 2.184736 -0.676535
472.284668 264.864075 2.285500 0.242309
473.122528 164.492554 2.060742 0.030060
473.122528 164.492554 2.060742 -3.089059
472.618500 605.838928 1.859247 -1.384424
476.399261 22.208223 2.136458 -2.214218
478.805389 428.174225 2.060854 -2.430260
5.116499 200.166046 2.599748 -4.070118
6.070593 257.158295 2.528450 -1.583245
6.060151 376.135040 2.282037 1.523254
6.359201 475.853210 2.378040 -1.485720
13.681044 601.671448 2.623586 0.854854
17.534945 375.266785 2.497386 1.414244
21.862225 64.029785 2.733473 -4.072566
22.410835 100.775574 2.588502 -1.144346
22.907547 499.367218 2.348423 1.157372
24.976229 81.135704 2.309400 -1.396965
24.571972 442.023193 2.439012 1.405535
26.129623 346.575104 2.296799 -1.280544
25.764324 465.244659 2.476065 -1.462077
27.652596 89.153519 2.617488 -1.753868
32.175350 457.773468 2.583049 1.287505
32.175350 457.773468 2.583049 -1.497869
39.537266 505.541626 2.552913 -4.525412
40.664379 10.746331 2.421718 -0.362145
42.938766 329.262939 2.350823 1.453814
44.534134 41.221722 2.752406 -1.093109
44.030457 108.578583 2.541126 -1.004249
43.451839 206.639145 2.560847 1.017794
43.451839 206.639145 2.560847 -0.954345
44.304150 440.306488 2.620063 -4.680822
45.428154 188.612213 2.846670 -4.283840
48.124397 45.134018 2.414552 -1.215277
49.372475 458.796661 2.433261 -4.679976
48.434830 624.548096 2.657096 -2.720339
52.537308 53.164242 2.700599 1.209712
52.537308 53.164242 2.700599 -1.453366
55.604122 401.718994 2.463723 -1.956866
61.105942 58.556499 2.530396 -3.860538
60.917358 554.572632 2.528023 0.591235
61.559456 387.960205 2.388386 1.433735
61.744308 460.009033 2.485480 1.449307
61.744308 460.009033 2.485480 -0.949813
68.797661 69.036636 2.312962 -0.007717
68.797661 69.036636 2.312962 -3.692791
71.430450 140.530365 2.481385 -3.559175
72.664536 161.001068 2.621297 -3.382980
72.838074 513.907837 2.510244 0.776420
73.807625 439.227509 2.509561 1.540288
75.041046 325.438721 3.196546 1.457588
74.428551 388.214020 2.669901 -4.562930
75.723320 41.024029 2.609926 -3.364213
78.414192 618.094238 2.339144 -0.233113
84.346504 565.192993 2.494520 -1.429693
85.048599 462.817474 2.494940 -1.892070
85.544708 141.864868 2.692708 -3.274292
89.576218 269.021881 2.672186 -3.183213
89.914673 94.932709 2.419116 -0.208330
90.872055 324.277863 2.741761 1.536304
92.886490 121.730743 2.444863 -3.239122
95.761749 549.683655 2.444488 0.789880
95.761749 549.683655 2.444488 -1.755944
98.125870 167.008835 2.483325 -0.188020
99.108749 32.054714 2.460610 -3.011054
102.246956 87.238869 2.581506 0.132534
102.246956 87.238869 2.581506 -3.264761
101.757019 483.268280 2.403732 -1.609475
103.048119 576.887939 2.701381 -1.870314
103.846870 163.044647 2.347739 -0.077698
103.846870 163.044647 2.347739 -3.222790
104.392815 299.249146 2.367761 0.128960
103.548882 312.420074 2.431433 -3.302053
109.948273 159.318527 2.753117 -3.071783
110.859093 221.165649 2.501237 -1.363863
110.859093 221.165649 2.501237 -3.201069
112.195496 77.736580 2.619747 -2.821434
112.210747 336.371582 2.808508 -0.362433
114.325073 537.355774 2.492357 -1.727583
115.434235 392.279053 2.453923 -1.616466
120.320847 41.983845 2.374407 -0.467552
120.320847 41.983845 2.374407 -2.037025
120.101318 177.178299 2.569200 -2.903950
123.848389 67.223137 2.429568 -3.027868
126.896454 297.397644 2.647801 -4.347247
132.943649 463.852264 2.054948 -1.322612
131.665939 454.788239 2.805903 -4.567972
133.369217 78.667603 2.451412 -2.586456
134.621231 208.785492 2.695246 0.604684
135.106110 603.112122 2.533477 -1.666751
137.983109 298.664764 2.371183 0.064399
137.983109 298.664764 2.371183 -3.390870
138.424225 276.759491 2.329446 -3.157900
141.851715 56.294830 2.594836 -2.528549
142.512848 130.618988 2.413972 -0.978111
151.669708 403.997437 2.630182 -1.443420
154.566254 281.828186 2.699152 0.534557
156.582809 531.564331 2.700744 -1.218836
157.137375 511.047272 2.339681 -1.688174
167.010117 104.020241 2.552606 -2.420043
168.407364 59.149670 2.639162 0.087298
168.407364 59.149670 2.639162 -2.879372
169.088425 434.475189 2.330636 1.494187
169.295532 484.839905 2.317544 1.069512
170.014572 156.577713 2.549502 0.655530
170.638885 98.733955 2.449938 -2.771058
171.472702 337.519928 2.800785 1.535647
172.454926 634.757446 2.455736 -2.342710
176.775360 102.752884 2.330217 -1.097758
176.775360 102.752884 2.330217 -4.655233
177.549240 125.230659 2.482262 0.770193
179.303665 575.494812 2.594177 1.213129
179.303665 575.494812 2.594177 -0.786786
183.697601 19.320095 2.681023 -1.478871
185.854645 26.038895 2.690813 -1.472890
185.295532 372.806000 2.682508 1.413981
187.760529 563.999084 2.398711 -1.355892
190.251892 277.597290 2.349276 -3.041290
193.118622 150.587051 2.466147 -1.540656
193.319504 558.776489 2.501334 -1.445456
197.492523 409.626465 2.115985 -0.537865
212.224228 271.181519 2.352237 -1.525732
212.738785 567.327271 2.690155 -1.436099
215.639832 157.205887 2.514633 0.421301
215.639832 157.205887 2.514633 -1.242117
217.710464 368.489197 2.585900 -4.639069
223.834763 481.278778 2.538206 1.495338
227.401886 30.780825 2.679121 -1.106276
227.016830 222.486740 2.235481 -0.308731
230.285995 71.291054 2.492122 -0.318319
230.146088 156.177170 2.346713 0.970415
230.146088 156.177170 2.346713 -2.373814
234.384262 199.108246 2.462255 -1.348453
234.128372 358.101379 2.447058 -1.442189
235.811401 48.251583 2.711368 -2.482598
239.360214 319.877869 2.790704 -1.236559
239.067444 364.298492 2.490249 -1.615388
241.046997 118.459633 2.812492 -1.398966
241.001862 214.006058 2.314475 -3.795251
240.568253 292.050110 2.236035 -0.079005
240.568253 292.050110 2.236035 -3.285485
242.190002 153.084015 2.498243 -3.545375
246.698547 57.109306 2.738236 -1.434905
246.698547 57.109306 2.738236 -3.731714
247.104126 555.170166 2.621173 1.420774
248.904404 232.324509 2.543262 -2.159107
248.802887 501.342957 2.801403 -1.933194
252.554077 27.130222 2.691953 -2.924642
252.541199 218.728638 2.357527 -3.265892
254.677429 106.255180 2.743074 -3.034390
255.178482 205.183807 2.360927 1.498721
257.490967 256.372650 2.536577 0.089120
257.490967 256.372650 2.536577 -2.679835
259.468903 46.708401 2.606518 -2.924243
261.035461 234.292496 2.699345 0.337711
261.067291 485.255890 2.670250 1.334990
261.067291 485.255890 2.670250 -1.966888
264.007385 97.454231 2.856224 -1.847789
264.567108 165.118546 2.385184 -1.500812
264.817688 407.687561 2.499540 1.018813
264.817688 407.687561 2.499540 -2.367285
268.066223 553.360901 2.276352 -1.380085
268.682709 596.883362 2.351314 -4.545573
270.012695 20.495886 2.724501 0.124991
272.622833 482.269379 2.496135 1.494089
273.687775 315.802216 2.589491 -4.710864
283.400330 265.879486 2.600857 1.245712
287.377197 217.579681 2.314368 0.247605
287.377197 217.579681 2.314368 -1.870778
289.997406 306.711121 2.487948 -3.421656
292.064331 31.047197 2.667626 -2.183924
292.757996 336.248260 2.615589 1.537920
295.903900 18.912949 2.445787 -2.989538
302.862732 256.409424 2.488436 0.274593
304.817474 158.515488 2.687374 0.137616
305.795135 148.760925 2.771551 0.210304
310.212097 369.268829 2.485146 1.534725
311.038849 10.069053 2.505537 -0.207458
311.038849 10.069053 2.505537 -2.295885
315.045563 147.847534 2.742684 0.939595
315.771973 278.906219 2.512589 0.243927
316.205566 330.060577 2.835489 1.435609
321.711761 504.555756 2.843907 1.174311
320.762482 514.151611 2.439168 -1.666761
325.190155 246.683899 2.521747 0.045194
326.651215 146.952988 2.824896 -1.897328
326.651215 146.952988 2.824896 -4.104267
327.271606 479.579102 2.474777 1.553537
327.461639 84.579338 2.469448 -1.175005
328.898071 191.692230 2.266067 -1.774805
330.303101 229.330658 2.454782 -2.946661
331.821564 78.508736 2.691743 -1.252336
332.262817 204.672211 2.381953 -1.424890
333.406799 69.080536 2.490462 -4.455352
334.448486 86.781479 2.571869 -0.270137
334.448486 86.781479 2.571869 -1.269914
340.815704 59.764744 2.443162 -2.536911
340.978271 164.117310 2.847521 -0.099934
342.855927 247.656754 2.516834 0.017870
343.514648 473.391571 2.337570 1.343928
353.061279 616.355469 2.339708 1.466797
354.887665 240.261490 2.473416 -3.082078
357.373413 463.376038 2.858716 -4.278775
356.702515 598.180054 2.610888 1.388254
356.702515 598.180054 2.610888 -1.406013
367.634796 204.511475 2.675378 -2.670032
370.681610 145.117737 2.487757 0.238563
371.668396 87.552773 2.370750 -0.546595
373.967346 45.285744 2.671196 0.223364
381.713135 136.148865 2.573081 -2.624434
383.599457 110.919418 2.589597 -2.938104
392.284119 617.825439 2.797994 -1.822119
392.676361 343.012726 2.871872 -0.131327
396.058411 555.684875 2.505876 -2.051849
401.315216 351.529755 2.694860 -0.300668
405.432098 113.273056 2.347779 0.542716
405.432098 113.273056 2.347779 -2.876992
405.023346 390.366089 2.332241 -4.494982
406.624146 42.638256 2.811893 -2.754521
407.443237 307.513641 2.705000 1.419038
407.443237 307.513641 2.705000 -1.491363
408.067627 99.492210 2.656375 0.348900
408.067627 99.492210 2.656375 -2.768777
412.002869 281.928955 2.560844 -0.957028
417.278564 469.898651 2.840459 1.150456
420.656311 308.511169 2.715577 -3.754678
423.583282 333.767029 2.611990 -1.558623
423.989655 352.192841 2.415370 -4.495363
425.097443 302.471954 2.473489 -3.762529
428.562653 345.855225 2.571985 -1.598808
434.719299 227.175018 2.803431 -0.947732
434.719299 227.175018 2.803431 -2.713748
436.445435 19.874271 2.498408 0.547559
436.445435 19.874271 2.498408 -2.618371
435.656250 80.701935 2.496644 0.153343
435.656250 80.701935 2.496644 -2.734373
439.195343 309.955536 2.454422 0.000787
441.178680 232.961670 2.307990 -2.508962
446.607910 176.684006 2.830472 -3.226143
447.093811 373.510864 2.658037 1.560330
449.027130 335.735077 2.776304 -1.598473
451.028900 277.220001 2.374677 -1.448526
452.759674 553.638184 2.225026 -1.509009
453.860260 290.121185 2.509059 -2.283719
455.171997 271.254028 2.428772 -2.107395
454.598358 349.837708 2.462775 -1.833210
459.600555 187.644745 2.775564 -3.075567
459.662384 24.522532 2.707141 -3.735220
459.912628 589.730591 2.489868 -1.093364
463.406189 248.712265 2.305130 -1.531355
470.054718 622.049683 2.553738 -0.951194
470.054718 622.049683 2.553738 -4.498002
471.029633 90.038521 2.654017 0.025787
472.311523 25.499573 2.863819 -1.892655
475.468353 369.310181 2.256866 1.369910
1.177601 403.516937 3.318563 1.021443
8.987160 7.827548 3.185635 -4.290895
14.054880 141.243347 3.184226 0.648023
14.054880 141.243347 3.184226 -2.982979
13.639666 156.014664 3.366769 -1.204565
14.817656 183.772995 3.009749 -0.826325
14.817656 183.772995 3.009749 -4.115338
16.779856 228.523529 2.881704 -1.625434
19.149555 149.409363 2.967548 -1.132199
18.893591 598.328003 3.653782 0.898831
22.536823 607.995239 3.449827 0.887613
22.536823 607.995239 3.449827 -1.481448
28.333700 74.152298 2.941783 0.124445
28.333700 74.152298 2.941783 -3.995876
42.077789 528.015076 3.351107 -2.208295
43.746174 404.042572 2.959645 0.456894
43.746174 404.042572 2.959645 -1.526448
51.767723 182.697479 3.343400 0.185420
51.767723 182.697479 3.343400 -4.277939
52.324471 533.970154 2.947797 -1.805416
52.624004 327.792542 2.957153 1.455138
55.172649 512.225342 3.022879 -1.344157
61.390625 438.907135 2.913106 1.449783
65.926819 115.206871 3.512342 -3.557812
66.195229 279.436127 3.305608 -3.079303
66.805794 507.727386 3.160663 -1.200673
75.984787 438.575714 3.053947 1.553935
92.844223 456.706909 3.177536 -1.414635
92.633270 484.935242 3.436947 -1.641845
96.467690 307.592316 3.036036 -3.537561
104.129959 419.746948 2.941664 -1.645079
106.031952 147.481491 3.477024 -0.137900
106.031952 147.481491 3.477024 -2.735673
106.924217 19.258251 3.307801 -2.869759
109.006668 584.655273 2.969522 -2.002391
109.309799 373.469452 2.748130 -4.685686
111.754028 311.844421 3.101720 0.019605
116.254082 35.051022 3.197111 0.347699
118.106621 82.984230 2.984622 -2.874490
121.255035 372.565369 3.535948 1.496104
124.920403 531.509277 2.984587 -2.276241
125.537209 52.184814 3.528716 -2.956865
128.416046 37.312820 3.383211 -2.896609
130.358917 436.143585 3.472041 -4.680643
132.588257 535.238281 3.145303 -2.238235
134.232758 370.963379 3.231714 1.565240
134.066177 612.160034 3.481936 -1.792511
136.078995 15.460757 3.467905 -3.048452
139.315079 100.342583 3.573950 -2.868888
141.515076 588.483704 3.309496 0.369865
145.528809 21.960255 3.509985 -2.470018
143.993423 626.937561 3.784110 -1.363929
152.083023 619.111755 3.275639 -1.315512
157.429337 46.984978 3.353297 -2.270063
157.835281 182.662506 2.861686 -3.076634
160.553131 330.269165 3.043789 -4.387221
166.300217 208.990707 3.232765 -3.642049
168.196106 89.093536 3.098131 -3.733612
171.302155 35.350655 3.021478 0.232964
177.486374 257.644562 3.419124 0.294476
179.314651 27.217360 3.227730 -1.153365
183.780640 476.796265 2.883543 -1.539501
189.377853 441.457916 3.462418 1.463395
190.190414 46.906139 3.008948 0.863680
190.190414 46.906139 3.008948 -1.351705
193.802994 177.155441 2.938539 1.470446
197.900101 102.532761 3.375453 -1.389692
197.443359 193.811554 3.061328 -2.117198
198.746796 281.111420 2.993532 -3.074993
203.966019 42.436134 2.989784 -0.951964
205.976242 431.183777 4.020356 1.550663
208.626099 13.340111 3.074358 -1.919089
209.393677 56.387402 2.774160 -1.706047
211.067474 550.438904 2.954166 0.257762
216.501434 430.407043 3.184368 1.453821
223.042618 54.509766 3.335352 -0.868860
224.016037 250.771103 2.886471 -0.060940
225.498169 170.496262 3.115791 -0.099305
226.581665 540.892944 2.951333 -4.702931
234.502670 228.680450 2.908185 -0.629951
234.502670 228.680450 2.908185 -1.323049
236.004166 207.250992 3.143893 -1.399568
239.738342 306.115173 2.920137 0.553650
239.738342 306.115173 2.920137 -1.279176
246.126617 385.829224 2.427795 -4.587312
248.677002 253.504974 3.521127 -3.997601
248.953278 377.080383 3.397604 -4.644871
251.513367 567.378235 3.082747 -1.463865
251.513367 567.378235 3.082747 -3.875341
251.575058 49.586834 3.318020 -1.643467
251.575058 49.586834 3.318020 -2.815209
262.081696 8.256859 3.100703 -0.358636
261.851532 347.747040 4.083194 -4.688076
266.777985 567.855164 2.886650 -0.899832
269.171234 258.621704 3.389702 -1.514935
269.171234 258.621704 3.389702 -2.372099
273.148346 293.249603 3.336908 -1.146228
277.327301 222.265182 2.847409 -4.546864
280.183228 178.431122 3.312663 -3.062782
281.679291 427.177734 3.281942 1.516991
291.421021 328.721008 3.221040 1.570637
291.077454 364.641052 3.204376 1.419137
291.816223 523.386292 3.427849 -1.021679
293.656494 382.731445 3.460278 -4.698290
295.930511 188.332687 3.200077 -2.161679
295.706818 415.504028 3.301176 -1.773666
298.228912 392.096802 3.207234 -1.505425
298.228912 392.096802 3.207234 -4.617971
299.993164 424.431976 2.971548 1.516221
299.993164 424.431976 2.971548 -1.789626
311.475098 618.101440 3.024902 0.026271
314.307678 571.396912 2.782632 -1.709189
315.057098 164.642471 3.127128 -0.907817
316.274353 361.175354 2.963762 1.528393
317.962219 338.848999 3.449408 1.505808
319.756561 156.415787 3.263438 -1.702340
321.225555 14.206284 3.325941 -0.278028
321.305939 459.790070 3.135402 -1.575036
323.509918 49.897461 3.003638 -0.733997
325.801727 171.428986 3.154805 -1.976103
325.801727 171.428986 3.154805 -4.562962
327.544617 28.944693 2.894108 -1.399628
328.863678 137.765610 3.258483 -4.115609
331.879211 422.469879 3.470035 -4.677389
334.182495 489.980347 2.861777 -4.513206
336.119019 313.597015 2.956736 1.343839
336.441864 69.515915 3.193033 -4.159594
337.669891 302.706085 3.366730 0.513241
339.938782 116.898811 2.979169 0.145258
339.938782 116.898811 2.979169 -3.205093
340.858002 497.036957 3.193305 -2.190666
342.281433 33.196415 3.411102 -3.278014
341.878174 262.042877 2.986666 0.097309
345.899506 307.496979 3.199047 0.547546
346.846497 352.796295 3.617160 -4.491344
348.337280 342.511566 3.110743 -0.317670
348.337280 342.511566 3.110743 -3.121706
348.337280 342.511566 3.110743 -4.474998
350.496216 186.730453 3.104773 -0.280553
350.496216 186.730453 3.104773 -3.253220
351.413666 565.894470 3.363710 -1.801962
351.413666 565.894470 3.363710 -3.946563
355.384369 589.508728 3.243157 1.484592
355.080750 607.521667 2.973886 -1.339745
356.026398 322.746094 3.216801 -3.052874
359.837830 223.680313 3.254543 -3.281547
361.957336 270.555817 3.336900 -1.294007
361.957336 270.555817 3.336900 -3.618182
365.181213 20.543764 3.535398 -0.486750
367.340820 128.838074 3.158988 0.013445
370.322601 578.659302 2.994031 -1.857315
380.078369 272.488373 2.966626 -3.200824
381.315033 211.350784 3.662688 -3.303557
383.715210 597.271057 2.877880 -0.945790
383.715210 597.271057 2.877880 -3.157691
383.715210 597.271057 2.877880 -4.224282
390.629303 78.609863 3.235459 -2.904615
392.673492 331.767120 2.967044 0.175702
398.439087 592.214661 3.067642 1.326574
398.439087 592.214661 3.067642 -0.917486
401.373596 377.745758 3.068059 1.476027
403.062225 508.231689 3.188339 -1.317958
416.051300 296.862396 2.903067 -0.875420
416.051300 296.862396 2.903067 -4.550416
419.790039 280.456238 3.002572 -3.205488
422.334473 290.934143 3.193915 -0.901158
422.334473 290.934143 3.193915 -3.118880
430.606140 288.554443 2.994037 -3.173340
433.740143 92.268005 3.253966 0.123341
435.298279 10.318061 2.961808 -0.244729
445.768097 210.119186 3.196573 -2.897724
447.264893 164.134460 3.152978 -2.679007
448.311310 84.458229 3.020262 0.169600
448.826569 103.375893 3.423241 -0.555646
452.270233 595.835571 3.267624 -1.159671
455.891815 88.971115 3.214528 0.126517
455.891815 88.971115 3.214528 -3.318298
465.598328 161.494186 3.132673 -3.289726
471.967010 63.429295 3.010857 -0.139001
471.853027 126.308624 3.271728 -0.080866
471.853027 126.308624 3.271728 -3.096214
473.410797 99.394524 3.106930 -0.307644
473.410797 99.394524 3.106930 -2.328780
475.393768 226.546524 3.153895 -3.051291
478.212891 551.304810 3.041712 -1.380587
19.260651 598.086426 3.610057 0.815365
18.067198 60.798733 4.272631 -4.171739
19.207199 88.803802 3.597001 -1.515139
23.126038 607.650330 3.636132 0.816770
23.126038 607.650330 3.636132 -1.328102
26.899836 138.880692 4.193160 0.903922
27.348095 573.113770 4.007996 -1.835759
28.505407 366.039215 3.767976 1.391743
31.812044 477.355896 3.860393 -1.572116
41.132618 579.594666 3.950737 -1.802306
43.385170 117.699348 3.726549 -0.754032
47.018162 53.865376 4.180369 1.164512
47.018162 53.865376 4.180369 -1.238933
52.009090 364.074615 4.388173 1.365813
53.809551 491.969391 4.223041 -1.419814
54.866127 64.658920 3.746808 1.182223
54.866127 64.658920 3.746808 -3.725756
56.305779 52.709087 4.097450 1.297190
56.305779 52.709087 4.097450 -1.100765
57.131168 572.710693 4.290463 -1.514943
67.938828 281.655151 4.262049 -3.011412
68.063225 325.030212 4.158533 1.505291
68.353340 491.352997 3.819764 -1.785801
68.297325 601.569153 3.955124 -2.061208
70.796829 373.296082 3.727939 1.521760
74.515083 188.783386 4.122357 -3.370136
76.606758 223.380524 3.930437 -2.887229
84.386681 172.302948 4.946250 -3.165873
90.010422 596.494629 4.444312 0.314403
95.692940 298.008575 4.102786 -3.540978
94.073242 529.620239 3.343960 -4.482872
97.954956 10.453728 4.329309 -0.084868
97.954956 10.453728 4.329309 -2.829485
99.729851 52.585957 3.969869 0.106786
111.025940 92.552055 3.884448 -2.923961
110.753380 108.011131 4.163383 -2.975213
115.212379 124.076683 3.865145 -3.642607
125.539627 52.063755 3.477162 -2.907726
126.651077 566.034424 3.450489 -1.611830
130.003464 591.309326 3.876989 1.132880
135.722778 320.940308 4.241095 -4.707303
142.951065 195.223526 3.760981 -2.565294
143.772400 276.704102 4.561653 0.438330
146.916763 358.937073 3.947249 1.384309
149.819946 380.600342 3.665323 -4.664983
163.377853 630.899414 3.729952 -2.210265
179.598358 553.853149 4.097546 1.503927
179.598358 553.853149 4.097546 0.241477
179.598358 553.853149 4.097546 -1.222720
185.141983 371.224365 3.857556 1.378445
186.319916 618.805054 4.139738 0.185861
186.319916 618.805054 4.139738 -1.220217
190.030426 57.607792 4.021260 -1.283685
201.667664 406.115540 3.983561 -1.147174
201.667664 406.115540 3.983561 -2.828825
203.792084 59.988911 3.833695 -1.518983
209.760803 312.384338 3.841157 -4.165358
212.289185 440.537537 4.059576 1.521753
224.047745 19.170479 4.493348 0.704840
227.035187 98.336601 4.387013 -1.483655
228.522049 503.616180 3.900586 -1.584545
230.647049 71.187851 3.800704 -0.394685
241.066055 34.672695 4.160461 -0.273974
241.066055 34.672695 4.160461 -2.930994
240.345642 306.027466 3.461154 0.264993
240.345642 306.027466 3.461154 -1.204676
244.781281 79.439552 4.068415 -0.736323
244.781281 79.439552 4.068415 -3.113037
248.755173 133.962875 4.117928 -3.278481
252.977753 324.511414 4.254697 1.528287
265.509979 427.085236 3.912779 1.551753
270.216431 236.437561 4.189815 0.217681
270.216431 236.437561 4.189815 -4.072526
281.690765 610.603516 3.763182 1.534364
281.678284 623.495422 4.196072 1.521743
281.678284 623.495422 4.196072 -0.812863
283.824493 472.659973 3.568297 -4.485208
291.589630 523.433716 3.555209 -1.076100
295.369904 188.064560 3.489640 -2.114440
295.971802 221.560349 4.172710 -2.471062
296.117310 403.599121 4.016783 -1.594418
298.633575 6.714448 4.301835 -2.456158
317.960388 147.044556 3.931794 0.817303
327.284668 182.412155 3.889692 -0.411571
327.284668 182.412155 3.889692 -4.054090
329.396667 137.050308 3.703407 -4.100809
339.483673 190.169342 4.070569 -0.357873
343.145996 33.415382 3.842915 -3.283747
347.338837 353.011169 3.659210 -2.175927
347.338837 353.011169 3.659210 -4.448778
349.124878 225.207336 4.095594 -0.028285
349.124878 225.207336 4.095594 -3.265574
361.110260 558.731323 3.858777 -1.345079
361.110260 558.731323 3.858777 -3.811363
365.501801 20.747795 3.467271 -0.479663
370.135864 549.733704 3.572706 -1.322552
377.676941 126.791260 4.069659 -2.764577
377.210571 238.751114 4.113626 -3.182042
377.120880 385.355896 3.612832 -4.682231
379.473572 629.498962 4.167343 -1.667736
392.477325 474.277039 3.961665 1.329077
395.414032 515.803894 3.553710 -1.856490
401.238708 17.335201 4.116133 0.933735
404.219604 241.514038 4.255885 0.135164
412.897491 271.617065 4.342141 -1.065912
430.630280 563.016296 3.765514 -1.493865
430.244904 627.709473 4.078192 -2.421331
436.087067 147.183777 3.635829 0.692507
436.087067 147.183777 3.635829 -4.170515
440.782471 288.222992 3.949008 -0.106265
449.818481 38.533665 4.502484 0.502549
454.435822 70.129776 4.120906 -0.096298
461.812073 40.928547 4.170272 0.406610
463.409393 61.004044 3.647096 -0.145889
464.234375 277.431702 3.968724 -0.076313
465.469025 297.886902 3.594018 -0.344850
471.593445 10.728679 4.322131 -0.258227
469.915588 436.569214 3.854620 -4.571935
475.402100 70.447235 4.391457 -0.385753
9.538702 105.725754 5.059263 -3.837973
12.783398 74.519539 5.226232 -0.930961
12.783398 74.519539 5.226232 -4.179120
18.064194 129.346954 5.020091 1.031746
18.064194 129.346954 5.020091 -3.472816
21.881704 198.431519 5.201699 -1.198466
23.230608 276.726990 5.529321 -1.717535
34.692978 20.785055 4.663124 0.086149
35.584267 189.981888 4.961329 -1.291689
38.759338 36.505146 5.202436 0.361352
38.759338 36.505146 5.202436 -0.941548
39.765156 74.294037 4.867692 0.970427
39.765156 74.294037 4.867692 -1.548905
44.670715 12.848951 4.812756 -0.003476
52.516396 277.306702 5.427321 -1.231269
52.516396 277.306702 5.427321 -3.132934
63.487110 556.085266 5.286291 -1.410339
63.021229 623.857239 5.302615 -0.903032
70.245888 262.686340 4.615880 -3.187655
72.786491 303.946686 4.863945 0.347734
72.786491 303.946686 4.863945 -3.097114
74.053078 107.110161 5.001283 -3.551128
78.767693 501.455872 5.296056 -1.587321
87.921539 311.044312 4.580746 -3.564123
90.802689 334.882294 4.861936 -2.720939
90.802689 334.882294 4.861936 -4.644694
91.576859 620.675293 4.448121 -1.736120
96.093346 189.611099 5.297967 -3.106697
101.898422 448.489807 4.804214 1.498309
107.308693 134.751328 4.989129 -0.043361
107.308693 134.751328 4.989129 -3.366227
123.863937 17.932034 4.660215 0.129844
123.721947 333.660248 5.170433 1.545048
123.721947 333.660248 5.170433 -0.504503
139.190475 526.343140 4.597581 -2.251283
163.016357 160.354538 5.153046 -3.656917
161.442352 198.592743 4.878003 -3.899250
166.744110 357.257690 4.665230 1.412938
176.397934 431.929016 5.343714 1.480453
187.626297 355.559357 5.117546 1.259617
192.451782 30.839361 5.288987 -0.004829
192.451782 30.839361 5.288987 -1.120771
198.709808 81.738556 4.885159 -1.049285
213.430450 90.536263 4.702362 -1.254826
231.040619 84.906242 5.219963 -0.757117
261.403137 414.568634 4.726061 -1.842080
272.589325 8.718668 4.610756 -0.570426
293.111359 486.771942 5.058811 -4.454691
300.309113 166.362564 5.273363 -0.448553
308.004944 16.747185 5.730679 -2.496962
306.677979 233.232040 5.218169 -0.048545
310.341858 277.530426 4.897325 -0.314905
310.341858 277.530426 4.897325 -2.022894
324.038818 596.784241 4.946719 1.126159
338.690796 174.234436 4.689983 -3.915671
342.450226 365.766724 5.130011 -4.287375
358.423096 300.884155 5.311314 -4.213521
366.890503 328.434448 4.627877 -3.450509
371.945953 375.357208 4.740763 -4.533257
373.235382 9.368714 5.254048 -0.336009
373.366608 221.052536 4.660510 -3.386853
374.898376 301.441772 4.990479 -2.760396
388.096680 13.346894 4.828890 -2.650524
389.340363 267.754486 4.852997 -0.070227
390.851105 407.188080 4.946774 -1.693489
398.326202 571.400024 5.077506 0.738204
398.326202 571.400024 5.077506 -0.017205
398.326202 571.400024 5.077506 -2.033018
406.274414 417.605591 4.429406 1.554186
406.274414 417.605591 4.429406 -1.694668
418.821259 205.673965 4.963417 -0.272549
423.276215 235.996124 5.188627 -0.303071
430.104523 315.926514 4.649742 1.545707
440.999664 68.044487 4.690789 0.036530
441.197479 514.946533 4.777473 -1.325629
445.931793 626.223633 4.929753 -2.804250
451.575775 483.891327 5.427995 -1.545868
459.646545 123.029602 5.488423 -3.283001
464.777191 77.565727 4.681642 -0.293095
464.903168 324.515015 5.509610 -2.773665
19.142426 352.397644 6.597946 1.416059
25.684324 147.523453 6.233600 -1.141527
33.001141 454.732208 6.887532 1.526941
41.527672 90.110336 5.816988 0.951229
41.527672 90.110336 5.816988 -1.459450
76.171227 349.873962 5.841645 1.436406
76.171227 349.873962 5.841645 -1.516411
108.154472 342.411804 7.119340 1.530525
124.290283 386.301666 6.511949 1.478482
167.192810 247.310455 6.638952 -2.268922
171.065903 325.968781 6.508407 1.488348
196.057358 308.863190 6.289301 -3.925122
203.478790 416.106201 6.170875 -1.491625
212.089661 33.257900 6.112145 -0.179697
212.089661 33.257900 6.112145 -1.433201
227.362305 368.910065 6.881341 1.528210
229.032562 320.845612 7.115158 -4.688540
236.277863 558.639893 5.895491 -0.830488
244.550415 390.352081 6.259488 1.537021
251.614075 191.432358 6.256050 -3.600244
251.374786 322.961273 5.861458 1.450106
256.847412 63.035843 6.528261 -2.243526
259.466797 100.951195 5.742002 -2.451940
277.155457 219.304352 6.295529 -2.173203
277.155457 219.304352 6.295529 -2.964417
277.155457 219.304352 6.295529 -4.039305
291.433716 278.897278 6.320421 -2.236307
297.941315 324.191010 6.368021 1.400842
312.136047 76.377243 7.040782 -0.554035
335.451721 46.921444 5.748659 -3.169976
335.415253 365.792908 7.081385 -4.263575
353.660065 419.792450 5.992101 1.505087
353.660065 419.792450 5.992101 -1.626113
359.129150 124.058609 6.980688 -0.069859
406.336517 269.252380 7.077537 -0.258824
408.400879 326.278473 6.723062 0.305500
416.377655 30.827440 7.146647 -2.829052
414.689453 578.302979 6.325922 -1.477357
430.702667 273.868652 6.540178 -1.470842
434.019348 124.080727 6.973781 0.376054
436.902893 254.668442 6.840028 -0.258473
436.902893 254.668442 6.840028 -1.645991
436.902893 254.668442 6.840028 -2.653031
452.037689 158.278595 6.240244 -3.448575
455.981323 258.320892 6.413195 -2.591208
455.509216 394.548706 6.920065 -1.598071
457.947144 358.701935 7.041850 1.496615
462.327698 141.596329 6.511467 -3.504447
478.926178 49.289749 7.908734 -0.010545
39.385418 170.141739 7.470501 -0.964471
45.236614 559.400635 8.479010 -1.435295
56.135777 109.337708 7.198060 -3.575214
64.528885 163.271011 7.906029 -3.177259
73.280266 191.932297 7.209198 -3.026810
77.148994 23.959509 9.408598 -0.430467
77.148994 23.959509 9.408598 -2.635140
88.700058 151.284225 8.048548 -3.173237
110.291489 416.174500 7.629932 -1.627910
123.742920 35.247513 8.254146 -2.727602
124.839714 153.815277 8.375607 -2.832848
142.616272 56.515514 8.466795 -2.785386
186.850571 149.791351 7.705553 -1.852789
213.942017 193.404922 8.258423 0.485859
237.371231 18.583006 8.041380 -2.937241
258.159698 370.002197 7.737394 1.449689
259.744751 18.061409 7.541658 -0.680003
259.744751 18.061409 7.541658 -2.935797
331.086975 210.764557 8.101697 -1.307241
333.434448 365.159698 7.350668 -4.216155
356.702820 100.859436 8.821791 -0.140306
367.682861 173.099640 8.595840 -3.516038
378.624298 91.460228 7.757494 -0.209481
378.624298 91.460228 7.757494 -2.764504
392.126129 287.527649 8.444983 -0.519012
401.439697 437.395813 7.714151 -4.688983
417.099976 31.156527 7.214870 -2.837986
469.064453 595.069580 7.968034 -1.600245
16.341003 590.495972 9.363744 -1.448790
24.772429 119.920952 9.912716 0.874319
36.068817 250.311188 10.937143 -1.504160
129.389023 117.795547 9.996172 -2.817332
153.301041 555.477356 11.647346 -1.868185
180.003326 503.379822 9.480280 -1.489562
235.041992 345.754120 10.588529 1.521170
244.262115 41.277161 9.298050 -2.287220
263.966248 304.738831 9.962102 1.569654
331.062866 300.613159 10.661584 1.223162
352.085968 140.016403 10.689959 -0.294442
352.085968 140.016403 10.689959 -3.513308
366.996155 602.562134 9.710393 -1.983510
382.604645 49.926178 10.877483 0.011548
382.604645 49.926178 10.877483 -2.822647
436.167938 359.271820 10.357587 1.244537
436.167938 359.271820 10.357587 -1.426945
437.983795 389.593536 11.264469 1.265059
437.983795 389.593536 11.264469 -1.538944
451.829224 477.639923 10.477721 -4.169288
54.179626 148.053925 13.909114 -0.889570
54.179626 148.053925 13.909114 -3.211546
108.978981 93.602631 11.548993 -2.711625
201.348206 533.447083 11.493395 -1.480333
272.091309 341.569336 12.131964 -4.700523
297.224823 392.685150 13.087507 -1.780756
301.086029 42.396389 12.032399 -1.963034
354.388641 26.638561 11.511685 -0.045287
357.387177 268.910950 11.378900 -0.853719
357.387177 268.910950 11.378900 -3.032509
381.636169 392.164246 12.195109 -4.529053
385.331055 356.345551 11.715405 0.117810
385.331055 356.345551 11.715405 -4.545356
404.933960 140.508682 11.900702 0.318586
102.636696 207.835770 13.659360 -2.436242
166.848785 34.424713 16.727112 -0.746860
166.848785 34.424713 16.727112 -2.544504
439.149780 291.856232 15.866967 -1.550192
232.727509 584.656738 20.065022 -0.869649
232.727509 584.656738 20.065022 -1.934265
292.493561 199.913361 18.179474 -1.002535
383.574158 165.599442 21.663513 -0.107022
389.003967 207.996063 19.899611 -0.325702
437.524506 176.125427 18.139593 -0.095744
99.889221 577.696472 24.680458 -1.352763
154.106354 378.216949 27.829935 1.556424
448.610687 573.366150 23.578794 -1.518325
303.525299 75.560814 30.392769 -1.858105
349.753479 495.989868 32.299095 -1.580781
