30 128
43 579
257 428
269 569
291 26
294 20
296 36
302 38
305 29
309 37
311 390
317 49
318 50
324 57
326 411
336 67
337 68
340 413
341 70
346 74
352 83
355 75
356 422
359 84
360 85
361 426
365 87
368 431
369 89
371 95
372 93
373 99
374 433
379 98
382 102
383 104
385 106
386 107
390 108
391 109
397 112
405 123
409 122
412 130
418 453
421 126
423 453
429 131
430 132
431 461
436 144
475 99
497 114
513 414
598 453
620 389
623 391
624 392
625 394
627 627
628 626
629 399
630 626
631 396
636 403
640 406
641 408
642 65
644 419
645 420
647 76
648 77
652 649
653 81
660 656
661 100
663 432
664 442
667 440
669 445
670 445
671 447
672 448
673 446
674 115
678 449
680 451
684 456
688 463
689 147
691 145
724 960
726 954
845 620
847 386
848 621
849 622
852 815
859 405
862 632
863 641
865 638
866 639
869 648
871 827
872 652
874 661
875 662
876 436
877 665
878 657
879 660
880 664
882 676
883 677
884 671
885 672
889 838
890 839
893 679
894 682
895 683
902 685
903 688
904 687
905 692
974 801
991 805
992 811
993 810
996 813
997 815
1000 814
1004 818
1005 636
1006 822
1007 820
1012 642
1014 825
1015 824
1018 828
1019 826
1021 658
1024 663
1025 830
1026 666
1027 829
1031 668
1035 833
1039 673
1041 840
1042 838
1043 839
1044 846
1045 683
1046 842
1047 926
1048 680
1049 681
1050 841
1051 846
1053 845
1054 693
1055 690
1070 118
1077 335
1095 240
1102 370
1103 536
1111 912
1112 962
1113 819
1115 427
1116 913
1117 914
1118 916
1120 918
1121 921
1122 922
1124 923
1127 843
1128 844
1129 927
1131 847
1160 966
1161 968
1162 970
1163 969
1167 972
1168 919
1169 973
1171 975
1187 964
1188 1034
1189 1005
1192 1016
1193 1017
1194 924
1209 1036
1210 1037
1211 1038
1225 1035
1235 1054
