122 943
127 154
232 1177
289 1243
313 844
315 8
332 449
333 31
334 455
338 30
341 42
342 46
350 49
351 61
356 51
358 64
359 477
369 476
373 75
380 78
384 73
387 97
391 96
396 112
398 490
400 508
401 121
403 123
411 516
412 119
415 122
421 133
423 120
424 464
456 249
500 539
517 648
604 1235
605 1236
631 442
637 465
640 467
641 475
645 478
647 484
648 479
649 480
650 488
651 481
652 733
654 492
656 97
658 500
660 37
663 507
664 506
665 745
667 517
669 106
670 519
671 124
672 1153
675 113
676 132
709 587
717 402
721 402
727 402
773 1235
802 953
810 697
811 698
817 704
818 705
819 706
826 447
830 712
832 709
839 719
843 720
844 728
845 729
846 732
847 734
848 735
849 497
851 737
852 741
854 509
855 744
856 739
857 750
858 751
866 522
899 1199
903 253
920 30
931 537
937 1076
955 912
956 1068
958 703
961 712
962 913
970 1135
971 926
976 933
977 935
979 936
1041 1133
1043 1064
1046 1065
1049 1069
1050 1070
1051 1067
1053 1068
1056 1138
1057 1074
1058 1077
1062 1079
1080 1036
1081 402
1100 1177
1101 1072
1103 1134
1104 1139
1106 1140
1107 1141
1108 1142
1109 1080
1110 1144
1119 1142
1123 1070
1135 1174
1156 1198
1157 1199
1160 1200
1167 463
1173 1216
1174 1215
1175 1214
1176 1217
1180 1230
1185 1238
1186 1240
