104 740
143 887
145 854
270 838
340 88
343 16
344 441
352 19
353 15
358 35
359 15
360 25
365 22
369 33
370 26
371 29
372 458
376 42
379 43
382 47
384 56
388 59
389 52
390 53
393 60
394 51
397 85
400 483
404 74
409 68
410 67
418 721
507 48
512 258
525 122
527 526
538 124
583 104
587 537
599 124
629 939
636 433
650 6
651 7
652 450
656 455
657 454
658 445
659 460
662 465
664 456
665 452
668 36
672 457
673 451
675 466
676 464
677 463
678 470
679 469
680 461
684 473
685 474
686 63
688 476
694 73
740 476
787 663
832 479
848 737
852 739
853 743
856 746
857 747
861 742
863 745
864 946
865 754
867 759
869 760
875 479
886 124
892 1096
957 539
973 738
974 935
975 938
978 941
979 939
981 750
982 949
983 944
986 762
992 583
1036 613
1037 15
1039 1050
1041 945
1044 1125
1045 1127
1093 1050
1096 1124
1097 1125
1128 1164
1133 762
1141 1217
