5.278161 244.655106 1.801247 -2.865078
5.850218 161.355820 1.834622 -1.487949
5.850218 161.355820 1.834622 -3.722667
5.655264 288.130768 1.908324 -2.251521
5.655264 288.130768 1.908324 -4.358675
6.579760 629.687866 2.059128 1.008325
6.803236 109.990456 2.066195 0.139548
6.593194 310.580627 2.087458 -3.200773
8.303750 22.858088 2.405678 -3.071030
7.631838 176.182266 2.004524 -3.912516
7.778077 481.765778 2.081577 1.200478
11.014019 269.827942 1.882196 1.428137
11.014019 269.827942 1.882196 -3.377854
12.152430 312.561615 2.127632 0.189846
11.188250 354.831512 2.161672 -1.599015
12.335807 188.226685 1.916444 -1.937869
16.510204 234.439957 2.054514 0.052632
20.099329 159.662842 1.810571 -3.660959
21.111776 310.652649 2.133921 0.207958
21.111776 310.652649 2.133921 -3.214363
21.305119 408.004059 1.950613 -1.663418
22.249830 169.975922 1.812350 -3.909604
23.986256 154.421127 1.951151 -3.719466
23.501579 364.251801 2.180351 -1.851842
26.314066 255.067581 2.115294 -3.098551
30.535187 444.268829 1.894994 -4.349722
31.013393 200.621460 2.214981 -2.593749
31.805462 392.990692 1.792766 1.566251
31.805462 392.990692 1.792766 -2.194611
34.782909 529.479248 2.083438 -1.667916
35.529354 335.751495 1.921746 -4.046964
37.859077 192.727249 1.958027 -3.344102
40.949741 379.592163 2.219488 -4.691944
43.268326 342.325470 2.142745 0.081652
43.268326 342.325470 2.142745 -3.375836
43.202202 155.833969 2.782328 -0.183019
43.202202 155.833969 2.782328 -2.907786
44.772217 397.831146 1.840263 -1.316016
44.772217 397.831146 1.840263 -4.681516
46.412838 412.221832 2.085105 -1.677484
47.175194 321.112579 1.796012 1.055982
48.302689 247.760376 2.053531 -1.631660
49.933643 191.232269 1.970355 -0.180137
49.933643 191.232269 1.970355 -2.159226
51.198372 254.986221 1.941538 -3.771971
50.567875 379.518555 2.123427 -4.640582
52.702545 345.497833 1.790012 -2.808509
53.708748 69.650955 2.029185 -1.154588
53.839062 468.930786 1.847951 1.195542
56.169872 289.644501 1.878992 -3.113432
55.832661 551.540527 2.235339 -2.088588
57.188328 82.061638 2.130357 -4.190266
57.277843 348.836487 2.070904 -2.885889
58.315334 28.175610 1.951140 -4.611023
59.074039 88.965485 2.035044 -2.930296
59.074039 88.965485 2.035044 -3.886255
60.210743 105.660858 2.195838 -2.963089
61.984818 571.230408 1.929905 -2.074778
62.797428 536.297668 1.811034 -1.865716
63.811165 164.561569 1.899411 0.248259
63.811165 164.561569 1.899411 -3.025343
69.346085 325.580078 1.753482 0.131890
71.227135 30.448444 2.680770 -3.206510
70.785484 360.479675 2.143768 -0.433969
72.226921 571.869751 1.875691 -1.964061
75.068588 263.283905 1.883915 -0.728895
74.826561 578.759766 1.852624 0.994347
74.826561 578.759766 1.852624 -1.860705
78.912849 13.092080 2.011078 -4.175307
80.602913 555.199890 2.068943 1.330268
80.602913 555.199890 2.068943 -1.336288
82.848999 574.713867 1.959538 0.950181
82.848999 574.713867 1.959538 -1.142848
84.458214 252.998947 2.271388 -1.717324
84.458214 252.998947 2.271388 -4.132290
85.771858 167.714371 1.982483 0.083940
85.435234 367.170166 1.868065 -1.498652
85.435234 367.170166 1.868065 -4.605662
85.857216 586.451416 1.900924 1.089215
86.653206 179.978867 1.799892 -0.059896
91.362122 353.161804 1.832307 -1.577845
91.362122 353.161804 1.832307 -4.593501
91.770630 226.748260 1.792590 -0.582529
91.763428 394.682007 1.934097 -0.052715
91.763428 394.682007 1.934097 -2.292076
91.758186 515.923889 1.888063 0.983090
92.555908 576.562866 2.071048 1.549137
92.813683 476.952026 2.195240 1.426114
94.610649 147.675385 2.048262 0.804103
97.960785 58.188030 2.254775 0.609730
97.960785 58.188030 2.254775 -1.747115
97.616241 269.755646 1.798623 -3.040167
102.325745 562.048584 1.959002 -1.474985
103.556740 176.349609 2.284597 -0.119106
103.556740 176.349609 2.284597 -3.029993
105.161934 104.681015 2.091388 -4.698145
105.155655 346.489685 2.317468 -1.653791
108.432449 164.317017 2.046543 0.082843
108.486206 79.572487 2.204757 0.192122
109.705719 100.511292 2.109088 -0.414083
109.705719 100.511292 2.109088 -4.498929
110.489349 25.271311 2.070443 -2.519258
109.995247 484.263184 2.037250 0.050367
109.995247 484.263184 2.037250 -1.723514
111.322014 220.555374 2.088975 -3.251411
112.500618 547.073364 1.980559 -1.685542
113.756912 80.743546 1.753573 0.197443
115.333298 294.774109 2.007666 -0.295910
115.333298 294.774109 2.007666 -1.900474
115.998444 110.822624 1.953521 -4.556161
117.143028 258.495422 1.973605 0.261545
117.143028 258.495422 1.973605 -2.874769
116.628647 580.620178 2.133817 -1.192488
118.962387 144.133682 1.818287 -4.023606
120.378548 483.505554 1.774044 -1.528038
121.045952 298.132568 2.229017 0.893860
121.045952 298.132568 2.229017 -1.972256
120.625298 353.512238 2.122378 -1.539560
121.911095 461.898865 2.009823 1.254878
122.154739 564.737610 1.912590 -1.952804
124.133835 302.563477 2.084277 0.925430
126.563477 418.933044 1.856774 1.515746
127.289955 308.583160 1.960441 1.424039
130.459259 272.735199 2.198910 -1.911716
131.136154 354.703369 1.916475 -1.719734
132.894165 191.236908 1.830917 -3.354782
135.266678 245.978073 1.848638 -3.639828
135.333771 533.414673 1.654376 -2.035558
135.741776 551.547607 2.131808 -4.474116
136.825912 21.738987 2.031358 -0.224364
137.102570 570.458862 2.027587 -4.674062
138.641083 251.103546 2.079707 -1.580916
140.137573 273.064545 1.908489 -0.115177
141.148148 617.286255 2.264568 0.636862
141.853607 555.785400 2.053314 1.174504
141.853607 555.785400 2.053314 -2.728601
144.770157 171.840637 1.947814 -0.415848
144.770157 171.840637 1.947814 -3.065575
144.005005 211.427246 2.133048 -3.357191
145.110168 516.798767 2.192803 -0.896448
146.813950 366.954590 2.200289 1.357459
146.271667 585.659973 2.053110 1.141282
146.271667 585.659973 2.053110 -1.535369
147.681870 40.227013 1.815843 -0.536487
147.681870 40.227013 1.815843 -4.022836
148.802673 447.066681 1.890460 -1.743734
149.131500 465.515839 2.097296 -1.390443
149.878204 362.314972 1.742424 -1.158834
151.793106 577.636414 2.105331 1.238010
153.447327 366.720703 1.910641 1.449599
158.040634 458.967682 2.154090 1.492440
159.568741 36.679821 1.992373 -0.294728
159.771118 594.458984 2.099463 -1.440304
162.680725 452.497192 2.141816 1.430830
163.762848 319.173737 2.066124 0.248990
164.524979 34.298779 1.937203 -0.095915
165.655930 133.187393 2.211143 -0.064460
167.658936 40.456276 1.883648 0.014190
171.342194 295.002808 1.892127 -4.238960
172.016953 212.478516 1.895680 -2.580836
174.601471 355.391785 2.128755 1.287087
175.136749 621.885132 2.129508 0.949156
175.136749 621.885132 2.129508 -1.218192
176.227478 32.433838 2.068426 0.681592
175.981049 126.413078 1.785363 -2.662571
177.000351 42.843430 2.107091 -0.894535
176.755524 52.916637 1.866975 -1.148068
176.755524 52.916637 1.866975 -3.936801
176.971283 392.223663 2.142678 -1.807630
178.795670 360.036316 2.104077 1.346683
178.839661 517.762695 2.079841 -4.683512
181.239853 103.041107 1.927283 -0.413756
181.239853 103.041107 1.927283 -3.485780
181.818344 370.267456 2.183933 1.445922
181.836395 563.491394 2.166338 -4.682858
186.259521 42.734074 2.140065 -1.740170
187.479279 28.912285 2.115090 -0.397179
190.925858 494.943268 2.128304 1.007900
193.046188 274.829559 2.107412 -0.772211
193.046188 274.829559 2.107412 -3.304259
200.627563 173.982834 1.898689 -1.494802
200.790436 318.870667 1.813413 0.061970
200.665939 326.143188 1.665277 -0.257405
201.775345 131.281326 1.919517 -0.683617
201.775345 131.281326 1.919517 -2.691634
201.775345 131.281326 1.919517 -4.269219
202.143982 162.807297 2.045160 -1.911268
203.248245 41.543247 2.074193 -0.974323
202.747284 478.777710 1.799632 -1.239425
202.527359 600.542236 1.941536 -4.355465
203.518326 13.353045 1.865715 1.439843
204.830673 332.758728 2.132670 -1.400369
208.105850 383.812622 2.369914 -1.790166
208.785263 395.040283 2.089026 -1.719456
212.464539 331.909210 2.013758 -1.704588
212.613861 201.989609 2.192903 0.026042
214.090561 52.652821 2.136423 0.768124
217.126266 443.213806 2.066424 -4.447036
217.169266 537.263794 2.090343 1.535077
218.491409 293.923248 1.845491 -3.866206
219.252792 316.838196 2.141191 -3.196860
221.158142 58.941986 1.951392 -0.220440
221.339233 243.962708 2.193390 -3.205868
223.193939 11.210064 2.094301 -1.022507
223.193939 11.210064 2.094301 -4.403263
223.466095 11.324697 2.078103 -1.025758
223.466095 11.324697 2.078103 -4.393912
225.570908 17.988153 2.010141 -4.196633
226.093643 34.657463 1.782657 0.835199
226.093643 34.657463 1.782657 -2.203675
225.333588 367.670410 1.709779 1.225641
226.057480 591.825806 2.004923 -1.202675
227.606537 331.074280 1.912603 -1.582079
229.355545 88.777672 2.077114 -0.842861
228.931702 187.921738 2.041995 0.237484
231.131561 225.537735 2.269180 -0.025389
232.919159 258.508209 1.789446 -0.690482
233.445602 306.243683 2.250926 -2.927166
234.680603 16.915157 2.247707 -1.135523
235.298386 402.221008 1.919909 1.388405
234.631653 598.872681 1.916739 -2.008510
236.789505 436.681702 1.954618 1.033866
236.789505 436.681702 1.954618 -1.655981
237.697021 316.057648 1.930586 -4.705742
240.850739 122.875504 2.138291 1.295397
240.850739 122.875504 2.138291 -1.779211
242.308395 386.573181 1.865692 -1.556758
244.116974 408.045258 1.822129 -2.156238
244.836029 37.480556 2.007812 -3.412674
245.499542 442.083466 1.802942 1.229321
245.499542 442.083466 1.802942 -1.537332
249.424316 432.206055 1.945165 -0.406092
249.424316 432.206055 1.945165 -4.710732
250.080170 272.813599 1.944598 -3.170924
251.134232 315.880005 1.970994 1.476191
254.168991 307.594940 1.853889 -3.178259
254.453781 399.271637 2.277028 1.498297
254.254486 471.784576 1.816557 -1.307536
255.316833 49.022911 1.891011 -3.755311
255.103424 428.765625 2.014115 1.039781
255.103424 428.765625 2.014115 -2.337343
255.608017 27.688189 2.158728 -0.828234
257.053680 22.441568 2.000267 -0.788627
259.629852 508.082092 2.063693 -1.104196
260.799652 242.227356 1.882978 -0.432323
261.210907 353.942719 2.116734 1.309793
262.565643 168.880005 1.825600 -0.397796
263.004730 430.752289 1.851423 1.466800
262.649994 636.178406 1.992301 1.146046
262.649994 636.178406 1.992301 -1.746208
264.446259 330.558258 2.046841 1.346868
265.098785 524.360413 2.184384 -1.941544
271.432190 218.769684 1.767936 -0.514306
270.794067 380.065857 1.863145 -2.179599
271.903473 509.032928 1.875802 -2.828314
271.903473 509.032928 1.875802 -3.550455
274.324036 57.405735 2.051733 -3.772440
274.837372 123.699333 2.041584 1.276742
276.405914 81.288940 1.915136 -3.858657
276.745270 12.969085 1.872663 1.222099
276.745270 12.969085 1.872663 0.091605
277.012024 463.490448 1.825328 1.277664
277.848663 42.955021 2.017395 -0.661222
279.342621 222.944580 1.963647 -4.141276
282.004272 18.916151 1.986732 -0.983814
282.238342 474.341949 2.027060 -1.979957
285.294647 140.083649 2.087295 -3.403005
284.935669 371.278229 2.202388 -1.724530
285.165039 572.892944 1.996761 0.757850
285.165039 572.892944 1.996761 -1.863908
286.914703 282.020355 1.806848 -3.612907
288.390991 181.111740 2.117400 -1.495614
288.484558 210.082993 2.264338 -0.336129
288.484558 210.082993 2.264338 -1.496972
291.319336 617.770752 2.053868 -2.032976
292.937927 421.946075 2.188754 1.486795
292.937927 421.946075 2.188754 -1.153341
294.254608 227.808075 1.967089 -2.160749
296.068054 459.130737 1.894637 -1.659712
297.509460 64.489647 1.725754 -4.411191
298.458008 522.774780 1.935708 -1.360597
298.245605 261.276672 2.191415 -0.878511
301.464905 299.825104 1.859349 0.877690
305.343536 207.306946 2.054472 -4.160666
305.183899 425.974487 2.144122 0.809104
304.519318 457.748260 1.789792 -1.184405
306.526947 329.185089 1.786793 1.365613
309.123901 389.086853 1.844505 1.521481
310.252869 64.617325 1.951959 -4.309903
309.973511 195.123215 1.950416 -0.709939
312.918671 151.453339 1.954147 0.073813
313.445068 109.593422 2.246380 -3.637864
315.406403 76.562416 1.873347 -2.465476
316.381104 547.284485 2.075255 0.811042
318.009735 134.969345 1.899070 -3.324344
317.864105 318.044861 2.169657 1.501763
319.027008 14.139030 2.244731 -4.169306
318.437378 88.195900 1.916574 -0.319671
319.235138 357.701782 2.193625 -2.048250
320.810516 297.970184 2.151533 -0.456499
320.810516 297.970184 2.151533 -3.049980
322.832428 172.769485 2.034414 -0.458450
324.212250 114.327362 2.005885 -3.730290
324.386810 136.586380 1.989634 -3.747828
324.254059 536.428284 2.124056 1.227461
327.259766 11.842838 2.182560 0.532465
327.259766 11.842838 2.182560 -0.108391
327.259766 11.842838 2.182560 -1.796621
327.268707 42.197487 1.943653 -2.298645
327.850769 132.948563 1.883543 -3.741169
328.439545 615.626465 1.979513 -1.373498
327.877106 636.342468 1.710033 -1.911288
333.052643 34.440090 2.141685 -2.054025
332.848724 487.594299 2.265954 1.316563
332.848724 487.594299 2.265954 -1.663282
333.836761 170.548172 2.020120 -3.210193
335.832458 451.747711 2.151446 0.867604
335.832458 451.747711 2.151446 -2.111484
335.774658 461.961090 2.008465 -1.834165
337.842102 106.059288 2.097117 0.836455
337.842102 106.059288 2.097117 -0.394513
337.977570 130.462097 1.960205 -3.359647
339.907959 114.996475 1.847646 -0.599814
340.019501 400.611023 2.226755 1.265794
340.837097 321.107880 2.120595 1.535768
344.161011 260.982910 2.151562 -0.103846
345.740631 562.436340 1.796403 1.345514
345.740631 562.436340 1.796403 -1.417400
347.035217 148.026993 2.084024 0.119565
346.802643 175.113403 2.183220 -3.099747
349.048004 101.762138 1.900280 -1.983400
349.048004 101.762138 1.900280 -3.255648
348.870300 305.300385 2.116941 0.167963
348.741699 311.017487 2.197143 -0.214490
349.579346 259.055878 2.208015 -0.050963
350.816345 363.422821 1.935460 -1.840818
350.816345 363.422821 1.935460 -4.372166
349.865387 445.501343 2.211684 0.877507
351.086151 115.595924 2.054232 0.460559
350.537201 120.627861 2.096586 0.202896
351.818237 268.935455 1.868129 -0.173274
351.818237 268.935455 1.868129 -1.051076
351.756653 559.241577 2.057085 -1.060483
351.756653 559.241577 2.057085 -2.820200
354.526123 279.063049 2.100272 -4.249400
355.919586 221.995621 1.866804 -1.710068
356.688965 118.682877 2.035670 0.449243
357.155212 226.835312 1.800646 -1.687776
358.075714 584.360718 1.869504 -3.188762
358.992218 5.376368 2.102101 -3.873618
358.600494 270.942688 2.118092 -0.089531
365.810974 323.894135 2.059247 -2.836299
367.456787 242.490356 2.096946 -3.110228
367.691772 548.560181 2.161188 1.488412
367.691772 548.560181 2.161188 -2.281649
368.410919 562.001282 2.168527 1.483285
369.977570 45.254650 2.170108 -2.699059
371.249969 314.801880 1.839800 -3.130049
371.693817 59.448257 2.049030 -0.469962
371.693817 59.448257 2.049030 -3.252175
371.827515 154.673096 2.052934 -2.959688
375.796173 492.982025 2.143757 -1.500931
376.925018 32.955994 1.835209 -2.808727
376.567291 95.648643 2.104999 -3.260258
378.181915 504.368439 2.158327 -1.193362
379.437805 542.112854 1.835726 -4.484009
380.729279 636.365051 1.938140 -1.380267
381.682983 335.262726 2.259230 1.438274
382.262238 587.331848 1.966153 0.785439
382.993225 290.075745 1.971233 0.058057
386.777435 488.937958 1.896030 -1.395191
388.205414 498.904572 1.934392 -1.599782
389.204926 323.057831 2.005209 -0.372853
391.445038 119.679520 2.102174 -0.597158
391.511627 527.208740 1.827269 -1.773822
393.609589 541.227417 1.914183 -1.699494
393.609589 541.227417 1.914183 -4.599959
396.829712 15.103758 1.881227 0.134769
397.950745 517.910950 1.841527 -2.906763
397.950745 517.910950 1.841527 -4.256367
399.096039 451.081146 1.894228 1.339984
399.096039 451.081146 1.894228 -1.603176
400.506256 404.382141 1.943923 1.421447
401.940125 456.553040 1.946715 -1.611863
403.050964 215.715027 1.980325 -0.477493
407.873260 119.447388 2.018282 0.602912
409.867218 494.254974 2.145440 1.509554
409.867218 494.254974 2.145440 -0.158637
409.867218 494.254974 2.145440 -1.155817
410.478760 47.607826 1.898218 1.059204
410.478760 47.607826 1.898218 -0.909239
412.787109 104.601410 2.296953 0.592198
415.192108 110.477272 2.038604 0.566200
414.803986 222.250473 1.966939 -0.827949
415.272522 557.380188 1.981485 -2.533338
419.380951 543.084595 1.999113 -1.674446
419.953064 591.194946 1.984077 0.945677
421.990875 495.434998 2.209983 -2.049533
424.171753 87.748444 1.912357 -2.195580
425.001465 119.022568 1.968482 0.876747
425.001465 119.022568 1.968482 -2.221400
426.016663 352.011353 1.914860 -1.628785
430.316956 9.484600 1.768080 1.221251
430.316956 9.484600 1.768080 -2.090256
430.323761 249.273361 2.030055 -3.087744
430.430176 256.886536 2.084903 -2.092819
430.430176 256.886536 2.084903 -3.199945
429.417145 398.670959 2.139790 1.359156
431.391296 175.389343 1.986180 0.095876
434.787201 112.744675 2.413416 -1.039377
433.868958 387.616699 1.889252 1.545731
435.174042 338.407410 2.224385 1.405084
435.491730 494.653412 2.227623 -1.492939
435.491730 494.653412 2.227623 -4.071884
435.939789 143.041992 1.796171 1.363266
435.939789 143.041992 1.796171 -1.141926
436.280029 248.373840 2.212862 -3.141139
436.694946 155.341080 2.095819 1.104912
436.812256 381.465637 2.279134 0.680667
436.563354 475.654602 2.227168 -1.813981
437.898621 448.010895 2.140658 -4.565562
439.054749 57.063023 2.430416 -3.980349
441.420776 189.844315 2.036722 -2.359621
440.759247 456.692169 1.820978 -1.105308
440.759247 456.692169 1.820978 -4.672029
446.978149 9.754516 1.818571 -1.487556
446.978149 9.754516 1.818571 -4.532384
446.474182 287.512878 1.934002 -3.106349
449.727386 500.755280 1.932244 0.914023
449.727386 500.755280 1.932244 -0.740780
450.636688 330.072693 2.156192 -1.530829
455.783264 462.481812 2.133122 1.311035
455.783264 462.481812 2.133122 -1.286768
459.980499 84.072380 1.983055 0.919877
461.113770 157.481018 2.393809 -3.658414
469.605133 84.262161 2.161309 -4.486773
471.670868 27.317200 2.461470 0.068538
472.579895 454.196503 1.928269 -1.227304
474.132965 611.738098 1.829633 -0.542962
10.108384 224.501251 2.445554 0.328319
12.038640 609.561707 2.519868 1.213781
12.038640 609.561707 2.519868 -1.482200
14.218225 437.488464 2.731416 1.366323
23.354149 469.602020 2.915891 -1.500880
26.209583 484.764191 2.423186 -4.299348
27.613344 315.640228 2.755029 -3.439476
28.483606 325.921997 2.470165 -3.067447
33.146381 270.852264 2.369653 -3.761955
34.435276 31.074753 2.611684 -0.101109
34.749805 254.046112 2.292463 -1.186614
34.749805 254.046112 2.292463 -4.457744
36.001923 536.929871 2.428105 -1.724396
37.176369 53.019482 2.654104 0.058879
36.992790 103.062973 2.446232 -0.069108
37.752197 360.961792 2.563332 -2.508323
39.451088 602.892212 2.257609 -1.700818
39.451088 602.892212 2.257609 -4.205788
41.294067 83.927376 3.019882 -0.198000
41.106228 146.481003 2.576515 0.646269
41.106228 146.481003 2.576515 -0.811649
43.571056 100.839653 2.684949 -0.123957
50.475620 622.175232 2.875689 -1.662326
51.291805 371.718109 2.426277 -4.570127
51.992985 133.383270 2.456950 -2.601707
53.870010 108.858597 2.806298 -2.931766
56.394402 593.578430 2.409848 1.127718
56.730404 558.516785 2.382082 -2.140336
58.060558 270.747528 2.761593 -3.344375
62.237564 77.758583 2.712514 -2.587805
62.317276 96.138573 2.496208 -2.848140
63.429230 12.030317 2.302388 0.799683
63.157578 66.015579 2.646855 -1.871750
64.332603 258.596619 2.333125 -0.003590
70.784874 310.511627 2.415600 -0.275269
74.588905 354.068512 2.692662 -0.349193
76.541656 426.113800 2.312434 1.400514
78.037727 316.343323 2.337546 1.420472
78.793381 44.066853 2.743862 -2.878947
78.545303 101.338295 2.418480 0.261096
78.545303 101.338295 2.418480 -2.776306
82.570312 470.347992 2.727184 1.177087
83.055016 461.673492 2.439483 1.158865
86.422546 308.792908 2.584239 1.332144
86.422546 308.792908 2.584239 -1.468062
85.612968 602.565125 2.818237 -1.609467
87.542816 198.143677 2.610575 -3.251813
88.726822 143.793060 2.369988 0.459801
88.824318 282.277710 2.950289 -1.007604
94.522667 136.378708 2.453937 0.233941
99.228172 594.530334 2.270591 -1.457084
100.102852 140.777267 2.390007 -2.134181
100.932045 352.501984 2.213313 -4.467421
100.194260 423.123688 2.368655 1.230086
105.317787 353.895996 2.472761 -1.761145
105.317787 353.895996 2.472761 -4.599433
107.542450 289.703003 2.944507 -0.139213
107.542450 289.703003 2.944507 -3.255221
108.152229 80.399902 2.376579 0.175594
107.851616 251.427338 2.394667 -0.006701
110.839195 228.755051 2.613081 -2.751837
112.592377 630.516602 2.813774 1.526366
113.295494 517.129700 2.491264 -2.445519
115.875053 97.281784 2.334496 -0.285901
117.400009 64.084961 2.411714 0.569483
116.662613 120.786316 2.417630 -3.884834
117.259407 234.048355 2.605894 -2.543828
116.941536 310.113800 2.942147 0.052724
119.765488 81.459808 2.256027 -0.340327
121.727158 88.254189 2.874113 0.121362
121.460739 609.191101 2.169068 -0.757863
122.247627 630.425232 2.553621 -4.707508
122.699432 118.338867 2.526589 -3.555198
124.235489 56.631618 2.732942 0.992485
124.235489 56.631618 2.732942 -2.101248
124.116676 65.600708 2.552622 0.718149
124.792709 394.692993 2.476563 -1.963192
125.598763 335.987854 2.529965 -1.623650
130.432343 204.238251 2.231373 -2.816497
130.564651 290.749664 2.421976 -2.351521
136.185547 106.886482 2.697521 -0.164344
136.185547 106.886482 2.697521 -2.996334
136.523590 540.995056 2.669259 -1.488605
137.420074 165.401749 2.852017 -3.280977
137.420074 165.401749 2.852017 -3.280977
144.316864 109.148056 2.777193 -0.230616
144.316864 109.148056 2.777193 -2.576396
143.644699 509.993408 2.566374 1.406801
143.644699 509.993408 2.566374 -1.939465
147.581406 621.311096 2.837155 -2.576555
148.027908 33.103386 2.767097 -2.239299
149.058395 161.211838 2.633184 -3.741359
149.384293 477.032593 2.631320 1.099713
149.384293 477.032593 2.631320 -2.394895
159.953140 12.014441 2.428123 -0.013387
159.953140 12.014441 2.428123 -3.038437
164.764221 360.949127 2.285483 1.515261
165.924240 304.604248 2.449371 0.205193
166.729309 14.641582 2.391925 -2.136187
168.556381 107.573868 2.532846 -3.025875
169.054474 111.408310 2.693803 -3.056402
170.411133 49.310154 2.397810 0.235125
169.835785 265.462616 2.467645 -0.766219
171.107925 96.976875 2.446846 -2.819363
172.302826 185.737244 2.358575 -4.334963
171.763062 246.563248 2.412061 1.272935
171.580017 277.743195 2.663431 -4.218964
173.619003 83.981117 2.736372 -3.021348
181.503632 403.951202 2.648628 -4.710068
185.111328 484.902588 2.488058 -1.751462
187.280533 527.645996 2.311875 1.570333
187.280533 527.645996 2.311875 -1.273981
195.532257 499.849243 2.503552 0.993825
196.884979 211.086166 2.588550 -3.694546
198.493835 271.230530 2.298780 -3.333843
203.099625 40.229416 2.525163 -1.152709
206.931854 407.485901 2.660582 1.469647
208.228317 245.813080 2.502612 0.132798
213.154251 155.945908 2.627482 -2.344251
212.793686 194.042068 2.834031 -0.446537
213.766907 109.447891 2.400048 1.515627
213.766907 109.447891 2.400048 -3.154855
213.917938 165.567337 2.648268 0.318496
214.591415 270.910431 2.908031 -0.980430
214.853729 462.724487 2.554481 -1.751704
216.124054 120.126610 2.310228 -0.269374
216.331955 428.915833 2.291505 1.468691
217.058380 629.809204 2.581688 -1.262327
219.919418 600.831604 2.695910 -1.911735
221.817215 255.564117 2.710001 -2.837529
223.967972 28.106068 2.453377 -2.142272
225.745422 43.821819 2.721815 0.814588
228.902466 62.702366 2.486257 -0.387542
230.634430 204.664688 2.342595 -0.001270
230.813599 587.383362 2.748753 1.294189
234.498016 16.744606 2.256157 -1.153865
233.348389 125.388237 2.679230 -1.947017
232.867035 396.928406 2.450179 1.399731
238.498138 549.174255 2.405731 -1.391628
241.638824 29.657450 2.549955 -4.190441
241.552948 402.108185 2.530950 1.349070
246.155121 139.672363 2.512992 1.252514
246.155121 139.672363 2.512992 -0.805786
248.248886 303.595520 2.540456 -3.097689
247.718384 499.651306 2.537583 -4.501514
251.294342 610.713623 2.389536 1.141419
251.294342 610.713623 2.389536 -0.663435
253.282913 330.387268 2.565315 -1.417273
257.300140 106.448341 2.670784 -0.603401
258.030090 284.633301 2.813631 -1.657591
260.837677 462.075287 2.664627 0.790132
262.364105 33.453175 2.308254 -0.883010
262.392029 502.088684 2.281517 -1.010673
262.392029 502.088684 2.281517 -4.578656
263.308136 590.288269 2.610850 -3.354223
267.042297 198.787094 2.572772 0.617782
266.491791 398.534515 2.834686 1.389072
267.607697 618.478210 2.298389 -4.588738
271.795959 321.060974 2.455491 1.307356
276.642090 214.086548 2.589645 -0.350772
276.642090 214.086548 2.589645 -4.436933
277.072937 294.668793 2.559516 -0.252010
279.186890 469.010437 2.376055 1.198230
279.186890 469.010437 2.376055 -1.802737
285.068756 70.162315 2.362792 -3.589875
286.575409 122.306076 2.420841 -2.998605
287.234161 353.795502 2.486247 1.465148
288.268616 611.460693 2.507711 -2.015870
290.960388 329.597137 2.466552 1.489559
290.960388 329.597137 2.466552 -1.649231
292.943481 437.172729 2.494695 0.942290
294.676331 476.869537 2.513024 -2.054709
296.223022 487.428833 2.543387 0.793203
296.787750 149.020493 2.859163 -4.025400
297.778137 97.234993 2.369406 -3.161987
300.673706 543.063110 2.389358 -1.878698
302.811127 137.537170 2.333482 -0.955634
304.542114 94.863892 2.758901 -3.215613
304.364838 182.086639 2.584203 -2.358031
303.552368 200.758560 2.327774 -4.292328
310.443451 204.366226 2.406961 -4.203540
313.597961 476.799500 2.362508 -1.872690
313.597961 476.799500 2.362508 -3.462637
315.653961 161.925858 2.313664 -0.398037
315.653961 161.925858 2.313664 -3.449580
316.161987 222.317551 2.483942 -3.449907
316.281219 559.246399 2.586746 -1.685332
321.103882 304.004913 2.611202 -3.556362
323.518707 191.011993 2.604207 -3.369018
322.635132 278.507660 2.409945 -3.175957
323.583008 191.194275 2.627103 -3.372004
323.863312 488.326813 2.283438 -1.547595
328.791779 26.978884 2.718540 -3.385282
330.392059 231.913727 2.885162 -3.260719
330.449036 50.948017 2.469182 1.487573
331.533234 135.694275 2.522478 -3.637763
335.449585 416.873810 2.445723 1.463835
344.270538 62.969437 2.615049 -2.153218
345.044220 299.437561 2.699592 0.417135
347.002838 20.019083 2.271423 -0.533484
347.002838 20.019083 2.271423 -3.267477
347.013123 393.438110 2.540067 1.083994
349.490723 142.732880 2.450671 0.390395
350.467255 28.111801 2.343681 -0.464272
360.586304 124.725494 2.413921 0.953122
360.586304 124.725494 2.413921 -2.262504
359.701019 287.784515 2.502699 -2.808803
361.004395 49.994072 2.782640 -0.762745
361.004395 49.994072 2.782640 -3.527475
362.720184 445.065826 2.488779 0.798268
362.720184 445.065826 2.488779 -4.711842
364.776093 495.713074 2.263190 -1.796126
364.934082 58.113766 2.658358 -3.492223
364.872223 264.973450 2.830283 -3.051742
369.087372 173.243240 2.396157 1.262900
369.087372 173.243240 2.396157 -3.288944
371.318451 84.657211 2.629607 -3.323490
371.479614 203.468796 2.219741 -2.990378
387.056366 125.750084 2.751327 -0.055702
388.538452 269.613464 2.387979 -0.109878
391.442535 575.274170 2.842782 -1.880762
392.477875 378.592041 2.415845 1.265367
392.756897 135.854874 2.630206 0.330315
392.408844 562.967041 2.313394 -2.584851
394.254608 274.120605 2.545449 -2.751266
395.856171 115.755760 2.554628 -0.489044
399.417480 123.879845 2.635502 0.259770
401.771881 492.668396 2.445081 -3.110042
405.895782 503.939911 2.372554 -1.912215
410.144958 368.379913 2.548745 1.380416
410.144958 368.379913 2.548745 -1.720427
413.999298 270.339722 2.471121 0.417288
414.041504 320.890137 2.458638 -1.592888
413.861633 374.647583 2.601290 1.386133
418.532104 47.791203 2.292484 1.514399
419.874329 551.359253 2.492625 -1.218850
419.874329 551.359253 2.492625 -3.251013
421.281921 366.421875 2.520998 1.347931
421.281921 366.421875 2.520998 -1.687197
421.128998 372.876923 2.409553 1.379316
430.008026 39.602833 2.574344 0.550026
430.685638 80.538162 2.391368 -2.340560
436.956177 310.979767 2.386922 1.517765
442.647339 82.289177 2.762493 -2.169379
446.569366 88.853241 2.625349 1.492757
444.343536 163.028702 2.086138 0.573105
444.343536 163.028702 2.086138 -1.163781
456.359802 191.739914 2.275117 -1.794680
466.268524 336.281036 2.495962 -1.581645
467.294891 255.315689 2.413774 -2.158038
469.994049 95.366692 2.415884 1.518967
469.994049 95.366692 2.415884 -0.541165
4.290103 108.867165 3.033819 0.095602
7.046160 335.212067 3.180495 1.523844
7.046160 335.212067 3.180495 -1.431099
9.250411 619.402588 2.934421 -1.361267
9.749332 22.527657 3.338533 -3.178301
12.067523 112.088272 2.889768 0.088325
12.067523 112.088272 2.889768 -3.044396
11.931667 316.960724 3.206487 1.308150
12.019975 453.550690 3.092689 0.769292
13.316130 305.432831 3.479975 0.229336
19.773582 224.106918 3.280509 0.176103
19.773582 224.106918 3.280509 -3.091449
23.126722 346.631409 3.126729 -0.228990
23.126722 346.631409 3.126729 -3.140000
23.126722 346.631409 3.126729 -4.610049
24.298571 435.033020 3.130098 1.399475
25.360399 460.978485 3.246468 -1.572755
28.392675 586.431152 3.589821 -2.020301
28.855371 225.174530 3.207417 -3.094466
34.533470 207.423325 3.709319 -2.713813
36.166340 14.409348 3.502418 -0.481732
37.728603 146.634842 3.641084 -0.386379
42.372074 289.428497 2.828368 0.565683
45.424374 240.697067 3.111992 0.007070
50.665199 276.216980 3.422552 -3.218465
56.491360 35.373081 3.378522 -4.520304
60.024551 392.749542 3.357327 1.270525
65.201790 333.305206 3.205695 0.154861
68.099968 509.125366 3.003124 -1.346494
70.753716 516.943909 2.999409 1.166914
70.753716 516.943909 2.999409 -1.534669
74.667259 117.169708 2.987231 0.280243
74.667259 117.169708 2.987231 -2.782376
74.966118 233.891418 3.303300 0.247708
80.268097 198.782883 3.056946 0.089771
92.826004 150.251816 3.256911 0.397602
93.183945 298.233887 2.978669 -0.848513
93.183945 298.233887 2.978669 -4.632269
93.245338 541.755981 3.010959 0.691558
93.245338 541.755981 3.010959 -2.390091
96.934067 282.451172 2.914358 -3.239367
96.859894 308.665802 3.106315 -3.919259
99.109642 291.844025 3.270351 -0.825534
99.109642 291.844025 3.270351 -3.156198
101.178284 386.035095 2.954968 0.843829
104.954147 16.504124 3.082409 -0.018362
110.420303 72.351738 3.034056 0.544229
112.473305 587.189575 3.014962 -1.124336
115.781181 623.788513 3.016521 -4.681055
121.019661 212.336700 2.966693 -2.992115
121.350945 411.961639 3.587545 1.530867
121.350945 411.961639 3.587545 -1.641442
122.160973 108.252327 3.223151 -0.388029
122.052475 179.525650 2.921896 -3.268740
125.526459 312.035004 3.213582 1.456667
128.193726 523.563538 2.860785 -1.898351
127.750267 76.794479 3.308675 -0.185942
127.750267 76.794479 3.308675 -3.088992
128.523849 93.406097 2.915485 0.163166
128.523849 93.406097 2.915485 -3.332706
131.163666 480.224731 3.215475 -4.463322
132.380814 413.168091 3.133424 1.469398
132.983871 32.367535 3.465221 -0.702631
135.982635 454.800232 3.340314 -4.178411
138.740723 277.556152 3.143103 -0.057779
143.170532 501.592468 3.134066 -2.126642
143.170532 501.592468 3.134066 -4.310549
143.949539 73.463219 3.214734 -0.095490
143.819565 134.169159 3.391209 -0.078592
143.819565 134.169159 3.391209 -3.091154
145.259369 258.485138 3.303736 -3.166283
146.816360 220.068497 3.137359 -3.061492
146.623795 279.065826 3.088979 -3.124715
152.188522 134.027649 3.109401 -3.086212
153.009720 613.938538 3.053523 1.151165
154.133698 108.534210 3.173685 -0.051949
154.133698 108.534210 3.173685 -2.695291
155.337524 91.591331 3.187030 -0.149373
158.647369 68.543510 3.509959 0.164190
158.647369 68.543510 3.509959 -3.231094
159.951492 213.370972 2.870385 -0.117181
161.477768 22.759394 3.284758 -2.339669
160.609177 337.740143 3.086062 -0.613251
162.363388 192.522461 3.414712 0.002444
164.205566 493.771515 3.052900 0.282004
164.205566 493.771515 3.052900 -1.351238
165.234009 79.001976 3.598920 0.098336
165.234009 79.001976 3.598920 -3.114479
170.635269 314.878296 2.883908 -1.790526
170.789261 578.555664 3.044832 0.722588
174.111893 66.869232 3.285883 -2.148165
174.427628 77.177567 3.208997 -3.085546
181.354416 82.442001 2.934972 0.677738
181.354416 82.442001 2.934972 -0.373998
184.882141 475.835571 3.029419 -0.864980
185.582474 13.969804 3.064072 1.115428
187.833984 280.729614 3.188835 -1.249017
187.833984 280.729614 3.188835 -3.518234
188.830963 385.156403 2.977570 -1.889078
188.974487 448.572174 3.211471 -4.543516
191.781036 76.636269 3.263608 1.310294
194.742706 57.644913 3.368207 -2.149807
195.056976 327.046173 3.090127 -0.153394
195.056976 327.046173 3.090127 -3.043716
196.742294 8.591556 3.252916 -1.674824
196.106506 309.925293 3.124278 0.223699
200.718323 248.767212 3.355002 0.083124
204.541046 617.344055 2.792920 -1.836726
204.541046 617.344055 2.792920 -4.419138
211.091385 584.959900 3.180934 -1.034649
218.152649 16.970535 3.100372 -4.520104
222.784256 417.140961 2.873638 -1.641114
224.598831 298.762634 2.303152 1.063269
224.437622 349.385437 3.002443 1.408761
227.016144 322.944183 3.339109 -4.586150
228.152313 632.942749 3.282742 -2.055030
228.884369 405.165771 3.278226 1.491308
230.507401 535.221741 2.865989 0.653281
231.719589 290.830750 3.343125 -4.362228
234.269363 315.136230 3.277456 -4.605182
234.767517 72.721680 3.571337 -0.873543
235.989685 150.271515 3.069097 -0.029110
236.671570 377.425934 3.028594 -1.821234
237.885513 181.368668 2.985289 0.193665
240.571915 193.215485 3.458161 -0.903963
240.571915 193.215485 3.458161 -1.618378
241.749161 264.562836 2.983671 -1.203905
243.827499 563.042786 3.136314 0.903680
244.378571 233.923874 2.938936 -2.963823
253.502106 596.485779 2.955757 0.463299
253.502106 596.485779 2.955757 -1.923155
259.106750 91.978554 3.155864 -0.679129
262.920654 208.935379 3.611557 -0.096038
264.757294 190.599594 3.276794 -0.874833
266.704712 472.817352 2.943263 -1.413843
267.995148 514.635132 3.281171 -1.861433
273.506866 248.578232 3.441603 -1.174488
279.383026 240.081192 3.047605 -1.173240
279.383026 240.081192 3.047605 -2.644880
282.410095 388.290161 3.078335 1.392204
282.410095 388.290161 3.078335 -1.885720
284.957123 558.792114 3.770806 -4.616232
288.879211 469.224915 2.984498 -1.200582
288.879211 469.224915 2.984498 -1.897536
288.879211 469.224915 2.984498 -4.452624
289.314880 549.282227 3.548166 -4.627023
295.741913 385.700806 3.324544 1.356721
295.741913 385.700806 3.324544 -1.618499
297.600311 374.366516 3.456820 -1.554352
298.249908 228.380356 3.173024 -1.180124
301.339233 598.246704 3.683977 -1.463638
308.152771 282.297607 3.106395 -2.770163
310.338562 58.425064 2.858502 -4.197846
317.398010 508.387726 2.974857 1.400725
318.002747 604.570496 2.982108 -1.946727
319.251953 531.132080 2.895788 -1.778414
321.105255 498.349213 3.286892 1.081593
321.105255 498.349213 3.286892 -1.808297
325.229431 340.489471 3.054034 -1.715515
326.420258 75.816833 3.022347 -1.641623
331.472473 273.818695 3.665683 -0.121543
335.808197 425.870026 3.474343 1.515638
336.988708 536.658997 2.913225 -1.440712
337.819092 486.096222 3.453984 1.537671
340.194946 171.816437 2.939497 -3.220603
341.379456 631.460266 3.514174 -2.177859
344.936066 298.976257 2.848123 0.395893
345.514435 385.764801 2.879419 1.269705
346.596405 151.763947 3.029048 -0.045723
348.951813 308.217041 2.995066 -0.056052
349.931061 503.903717 2.977838 -2.196232
350.600189 285.707062 3.155261 -0.187765
351.890320 110.282440 3.755396 -2.527511
352.992432 88.857674 3.159909 -1.758193
352.992432 88.857674 3.159909 -3.846641
352.474518 621.537842 2.968490 -2.008074
362.252045 613.231689 3.733606 -2.676956
363.980072 90.036812 3.123125 -1.289686
364.721558 312.284668 2.863189 -3.116014
372.119995 514.277588 3.310607 -1.426246
375.808594 74.891434 3.142558 -3.688481
389.195587 613.504150 2.886625 0.402869
396.141785 36.702728 3.375414 0.194519
396.141785 36.702728 3.375414 -2.404049
395.604370 86.588753 3.079929 0.102338
398.724091 60.539021 2.831092 0.500370
398.761749 618.720886 3.296837 0.298993
401.676666 564.136780 3.085224 -1.279720
404.582245 555.620850 3.211839 -1.256378
406.938843 465.899719 3.014662 -0.823152
412.104095 306.774261 3.001476 1.175770
412.104095 306.774261 3.001476 -0.699314
414.008759 17.481581 3.545377 0.634578
414.008759 17.481581 3.545377 -2.793964
414.980438 236.926224 3.269695 -0.817848
427.850006 468.721130 3.119989 -2.974030
433.046387 122.402588 3.081409 -0.514957
434.504303 87.852142 3.605049 1.410609
434.504303 87.852142 3.605049 -2.322885
433.751831 358.031891 3.160314 -1.558600
439.464569 217.744934 3.015128 -2.534309
439.837830 470.314392 3.351452 -1.696576
440.980011 16.684126 3.628113 -1.845074
440.980011 16.684126 3.628113 -4.697766
444.820679 205.981613 3.173405 -2.394812
446.486481 196.919296 3.230116 -2.329717
451.184662 238.133896 3.194837 -2.419695
459.148865 623.505737 3.428778 -1.326250
459.148865 623.505737 3.428778 -4.359917
459.148865 623.505737 3.428778 -4.597924
460.000854 606.933105 3.111402 -1.734887
462.344482 23.894358 3.103076 -4.513276
467.441010 562.019897 3.553658 -1.621829
467.734528 201.512634 2.921571 -2.173721
474.765411 260.615417 3.008282 -2.012528
475.209808 509.292572 3.024137 -4.613581
477.510345 154.762939 3.425510 -0.710251
477.774445 336.615265 3.080890 -1.433660
11.166653 23.078011 4.133454 -3.216537
12.961974 248.013840 3.624155 0.054090
28.399364 356.684814 4.405933 -2.576135
30.382050 556.589783 3.759351 -1.500634
33.998173 343.098999 3.702310 -3.770380
37.156811 146.445511 3.831970 -0.362451
51.809887 432.413361 3.465989 1.566078
54.732933 90.840683 4.264417 -2.915939
53.622139 159.414825 4.634600 0.355443
60.467628 475.999817 4.272186 0.954445
68.109123 377.625977 4.540644 1.436138
80.718719 377.344849 4.075522 1.445381
83.439621 536.901733 3.847145 0.744339
83.439621 536.901733 3.847145 -1.575616
85.347664 622.186829 3.614167 0.701743
85.347664 622.186829 3.614167 -2.392327
89.500130 273.006653 4.380665 -1.097026
89.990974 92.017212 4.024450 -2.956082
95.328583 178.063095 3.602098 -0.283219
107.258087 125.939667 4.660374 0.557921
107.361237 224.475739 5.591848 -0.131829
115.098457 33.501057 4.103604 0.748641
115.098457 33.501057 4.103604 -2.357170
117.466820 288.990967 3.845984 -0.123533
118.965019 622.381470 3.848075 1.548613
122.278915 44.646931 4.354198 0.512734
132.281631 50.927616 3.881668 0.422312
132.281631 50.927616 3.881668 -2.699998
132.312546 120.695511 4.833670 -3.131042
134.604309 140.712036 4.165120 -0.474368
134.604309 140.712036 4.165120 -3.259070
135.999313 82.372269 3.606976 -0.396912
144.069214 58.415432 4.114832 0.050693
144.069214 58.415432 4.114832 -3.514918
145.859848 99.025993 3.905244 -2.921258
145.112228 395.228973 3.885204 -1.601290
147.250748 408.886414 4.262475 1.434329
147.250748 408.886414 4.262475 -1.620789
158.194397 297.116058 4.030392 0.188646
165.462677 324.047577 4.311487 -0.221482
168.533951 63.338100 4.049925 0.249294
175.621658 494.964783 3.899252 -2.355528
177.292648 39.877899 4.200329 0.318606
180.613037 185.638412 4.126150 -4.130358
185.090363 126.994980 4.344218 -0.526671
184.376190 323.037872 4.359698 -3.327197
185.963287 23.911926 4.076537 0.975139
189.489899 597.906799 4.287338 -0.710983
189.489899 597.906799 4.287338 -3.058428
193.243362 110.095970 3.699574 -0.978156
194.639755 401.063812 3.859202 1.314441
194.639755 401.063812 3.859202 -1.790896
198.933289 263.559082 4.397806 -0.677069
199.783936 566.283142 3.887760 0.240117
209.317413 594.695068 3.856893 -0.945600
211.109634 59.752514 3.839839 -1.186789
214.780594 493.730621 3.839106 -1.124963
218.920517 147.611618 4.364147 0.318951
218.920517 147.611618 4.364147 -3.021079
223.651581 578.692322 3.893104 1.308746
223.651581 578.692322 3.893104 -1.999536
223.420258 620.153625 4.429889 -2.099622
227.144226 22.789215 3.929023 -3.943617
233.038589 115.352791 3.653426 -1.858840
232.539078 348.044128 3.742695 1.263001
232.539078 348.044128 3.742695 -1.422954
240.660416 10.793484 3.708625 -1.340551
243.045288 121.972305 3.663852 0.370867
245.257568 547.250671 3.727157 -1.420146
246.825851 23.342316 3.827485 -4.241584
266.279297 409.286530 3.874668 1.280274
282.456329 319.603455 3.901047 0.956239
283.701599 587.490356 4.015325 -4.594722
285.074677 558.683716 3.665701 -4.589641
293.401093 138.957169 3.864146 -3.908973
293.125122 344.321228 4.016434 -1.523947
294.965393 67.270294 3.767104 -0.856295
292.830383 260.485962 3.702317 -1.244388
292.830383 260.485962 3.702317 -3.430643
303.710052 630.369385 3.778348 -1.563540
303.710052 630.369385 3.778348 -4.433998
307.835327 492.481567 4.194805 -2.251153
315.806549 370.049133 4.296128 -1.651037
314.716858 383.337494 3.663595 -1.617627
322.004761 153.525421 4.316229 -3.288322
325.542725 170.935318 3.821968 -3.099860
327.168457 407.600189 4.098149 1.472924
331.109161 273.659607 3.963241 -0.175047
335.279236 426.612915 3.622099 -4.695575
337.416077 18.861692 4.239644 -0.574106
337.416077 18.861692 4.239644 -3.255842
336.329773 486.620148 3.987902 1.526083
336.329773 486.620148 3.987902 -1.746955
341.788544 404.447449 3.760018 1.247648
344.608490 231.187500 3.777686 0.209366
347.488800 211.427109 3.758787 0.063226
347.035278 272.210724 4.030059 -0.407134
347.594452 365.660156 4.172595 -1.683379
346.025299 611.840393 4.627260 -1.134410
346.025299 611.840393 4.627260 -1.832837
349.157440 163.866196 4.269311 -0.590634
349.149658 597.459717 3.863874 -0.982864
356.966675 63.091106 3.637414 -3.264671
356.875122 179.425278 3.742328 -0.350736
366.812042 573.197693 4.214581 -2.075798
366.812042 573.197693 4.214581 -4.584012
369.049194 212.807907 3.965845 -2.851092
371.076752 448.905914 3.837254 1.015179
373.156555 503.838806 4.131697 -1.446689
371.864807 594.687256 3.784028 -2.045929
372.677399 583.282104 3.908709 -2.141466
386.911652 371.650421 3.703768 -1.594650
393.444427 319.851532 4.621961 -0.193718
394.733368 161.963394 3.707202 0.104567
395.270935 191.087418 3.780953 -0.113066
397.001556 308.856995 4.040471 0.963907
397.302124 353.901703 3.679093 -1.711470
402.074463 45.027729 3.876903 0.064664
402.074463 45.027729 3.876903 -1.970507
402.745697 101.613739 3.754354 -0.312564
402.745697 101.613739 3.754354 -1.873997
410.889740 133.657898 3.724749 -0.804514
410.234436 149.267914 4.026081 -4.538328
411.377655 415.379883 3.774003 0.984996
411.377655 415.379883 3.774003 -0.876087
415.692291 184.463196 4.319984 -0.918851
416.015717 203.431534 4.103472 -1.032118
419.265106 60.750248 3.938780 1.327789
419.265106 60.750248 3.938780 -0.289586
419.611786 25.624098 3.683595 0.563167
424.056274 307.826202 4.008057 -1.723001
431.567902 226.991211 4.099537 -2.569843
434.796844 87.764549 3.697948 1.405783
434.796844 87.764549 3.697948 -2.391965
433.737122 341.696686 4.042568 -1.647658
440.312988 16.702406 3.659898 1.534809
441.574036 446.077942 3.981727 -1.981418
443.338165 229.394516 4.666348 -2.540788
443.257446 527.273621 3.878242 0.848437
443.257446 527.273621 3.878242 -1.907903
443.835388 515.460327 4.589486 -1.831839
448.672974 340.452667 3.873965 -1.560361
466.035278 346.889099 3.972175 -1.719228
466.678528 616.834351 4.200023 -1.979109
471.211792 50.572037 4.046490 -0.991337
470.427216 74.682465 3.615988 -1.388408
6.079196 598.027954 5.321745 1.143847
6.079196 598.027954 5.321745 -1.368456
13.186744 95.664314 5.348052 -4.114444
15.065811 410.954926 5.476871 -1.675777
21.921741 626.658875 5.675447 -1.897043
22.714453 325.717590 5.741771 -3.558519
23.420267 425.672668 5.216616 1.344093
33.699059 236.289185 4.856560 -3.194148
38.762127 331.281616 4.898444 -3.498268
43.454216 222.742981 4.851021 -3.406545
48.195972 301.450714 4.815694 -3.064342
59.163506 572.219238 4.827968 0.528107
59.163506 572.219238 4.827968 -2.145186
60.196526 269.895721 4.852007 -0.094732
60.592159 410.209625 4.806357 -1.723717
78.716721 15.898343 5.136548 -2.880521
79.043198 327.328857 5.770629 0.271166
84.473015 430.001343 4.904783 1.466893
98.865059 236.667755 5.250695 -0.291701
105.037148 414.504608 4.642142 1.254251
105.037148 414.504608 4.642142 -1.730084
107.514999 316.703644 4.612514 1.524494
113.959778 10.639731 5.053042 0.016298
116.374641 480.163757 5.381485 -1.519948
126.078781 162.408859 4.985487 -3.436981
131.206345 599.265381 4.722584 -1.430300
134.645447 148.212509 5.511405 -3.544494
136.420807 37.656197 4.785418 -1.059417
139.328186 324.588989 5.003648 -2.845800
141.571198 21.456585 5.375436 -0.143594
150.474899 552.413208 4.948837 -1.804747
154.120758 29.859411 4.757803 -2.475303
155.438065 248.368820 5.176760 -2.991764
155.860992 311.262665 4.765902 -0.045123
157.226196 55.658195 5.206059 0.307947
157.860321 166.940125 5.247187 0.090010
175.569931 147.625641 5.727891 0.078908
175.760391 463.708374 6.074680 1.212487
176.719604 415.436493 4.679688 1.447988
179.434036 14.849627 4.869009 0.941812
186.556290 65.395973 4.450939 -2.596565
205.963287 73.978394 5.246047 -1.099770
205.963287 73.978394 5.246047 -3.623834
206.805695 321.060364 5.024023 0.147578
208.571411 303.233307 4.725428 0.663933
210.150986 162.033295 4.836428 -2.167467
211.761185 246.963135 5.864009 0.030007
223.349655 234.145538 5.195096 -3.818130
251.360062 71.137306 5.283353 -0.525424
261.797272 108.004585 4.563196 -0.420547
272.601379 66.616440 5.296005 -3.650438
283.479492 370.710327 4.544461 -1.653738
285.222443 192.193939 5.194989 -1.466041
294.205536 307.584564 4.718733 -4.637652
309.480621 72.398354 5.700859 -1.368061
330.896240 64.087448 4.938753 -1.742141
332.385925 564.816589 5.376635 -2.177494
349.025299 134.089981 5.102130 0.649188
352.758911 6.648520 4.720444 -0.146787
370.057892 192.924881 4.579158 -3.167917
386.463928 29.925377 4.895636 -0.158970
386.463928 29.925377 4.895636 -2.836042
394.599915 419.885956 4.587919 1.417020
396.894043 209.542770 5.020144 -0.129620
400.806061 18.353170 5.002779 -0.024463
401.868896 270.557617 5.417510 -0.126076
413.322662 443.608215 5.095845 0.544958
417.404907 401.217865 5.405018 0.998662
431.455688 56.538418 5.101481 -0.118427
447.780701 329.131470 4.845115 -1.558046
448.527832 132.104538 5.236273 -0.311299
450.766968 79.248085 4.806578 1.336282
450.766968 79.248085 4.806578 -2.058000
451.931244 196.340988 5.631841 -2.176635
457.258881 535.112854 4.685151 0.956398
463.186737 550.105896 5.191351 -1.505528
466.562927 429.951935 4.938655 -1.213758
12.396713 370.705383 5.766320 -4.346918
73.575447 578.117615 6.038471 -1.776575
77.370941 242.778748 5.956119 0.031603
82.592102 291.273956 6.268476 -0.890367
89.408058 119.829155 6.304763 0.462759
96.122650 208.382599 6.138749 -0.214078
107.642380 275.382782 6.501702 -1.440898
112.882912 256.345642 6.787017 -0.319160
112.882912 256.345642 6.787017 -1.625925
112.882912 256.345642 6.787017 -2.587329
113.290527 498.716095 6.444979 -1.303861
131.128723 261.773254 5.885159 -2.515922
135.892014 601.863953 6.570023 -1.270371
138.949020 181.212891 5.809551 -3.174668
153.233383 334.911133 6.533782 -0.348567
153.233383 334.911133 6.533782 -2.888525
191.638275 355.822601 6.092618 1.360262
200.200424 415.454498 6.248861 1.404774
228.014862 263.802734 6.899047 -2.184730
232.455002 2.443922 6.302704 -0.304872
250.715225 168.066650 6.671750 -0.579085
252.059158 239.597015 6.763981 -0.414118
260.284088 213.112946 6.441989 0.070748
265.525208 309.047791 6.557615 1.398076
277.667450 230.913727 6.601340 -0.117865
279.700073 290.334564 6.395985 -0.350962
291.122864 484.632202 6.192508 -1.479163
341.242188 248.567703 6.087452 0.142901
350.164307 192.901520 6.370425 0.179140
363.075928 150.725830 6.838505 -3.418545
365.026825 489.590912 6.449671 -1.363390
378.090668 324.848450 7.092610 -2.968859
381.407745 344.367004 6.167814 1.492729
383.561859 198.773987 6.121374 -0.115062
392.607819 253.189484 5.713884 0.058178
400.798492 147.031754 6.531048 0.408015
418.118744 496.898285 6.286395 -1.841691
453.214081 444.262268 6.142408 -1.393255
454.164673 36.994858 6.535060 -0.895222
465.399261 177.599564 6.633753 -1.628471
469.109955 577.968384 6.816193 -1.780839
27.737823 98.114059 8.823971 -0.124062
30.121578 116.321770 7.617656 -0.079884
68.069183 440.318817 8.232290 1.479308
81.652405 270.865601 7.674250 -0.461273
82.846680 329.014648 7.991162 0.442861
125.924026 391.754578 7.932949 -1.644966
156.706955 495.783325 8.016028 -2.057656
179.876740 41.212421 7.838599 0.468042
208.051407 569.545227 7.726073 0.302895
254.861374 370.048370 8.417006 -1.649105
265.454834 468.699432 7.313705 1.238588
265.454834 468.699432 7.313705 -1.301600
281.467712 366.674347 8.114860 -1.609047
316.427002 325.816223 8.697976 -4.484362
338.448120 230.174683 8.816532 0.045621
336.556183 269.536102 8.670659 -0.153560
340.181366 358.612244 7.775046 -1.813494
380.603973 614.868042 7.417850 -2.092717
421.481293 278.263519 7.962827 -0.485543
421.481293 278.263519 7.962827 -3.005104
435.132324 105.329102 7.644068 1.531656
20.641064 448.602509 9.502250 1.379961
26.574345 51.769508 10.476941 -0.038640
24.896605 615.290771 10.554575 -1.876777
54.913834 47.039551 11.109048 -0.002208
54.913834 47.039551 11.109048 -2.829575
107.046379 390.750153 10.032307 1.174015
193.953217 292.921906 9.688513 1.044751
193.953217 292.921906 9.688513 -3.867002
202.454727 205.689484 9.928582 -0.684070
202.454727 205.689484 9.928582 -2.821741
224.144272 373.123718 9.630326 -1.672482
230.164093 430.847351 9.306321 1.411075
239.752853 49.830112 9.898898 -0.585818
283.309418 324.916840 9.180463 0.937082
409.978729 80.574257 9.435055 0.263307
417.637817 544.062378 10.640282 -1.656551
431.150360 400.738831 9.514627 1.168131
457.692078 468.624573 9.962106 -1.749811
24.069523 22.715221 11.877270 -0.032534
58.086491 358.887054 12.113480 1.566027
58.086491 358.887054 12.113480 0.095514
56.264584 393.936432 12.294854 -4.701273
74.609657 141.378342 11.873223 0.303637
125.423553 607.952026 12.135100 -1.361383
149.483627 160.293915 13.381670 -3.225600
148.760422 189.909027 11.474524 -3.081417
159.684418 381.040344 12.421853 1.196695
221.603592 85.416161 13.554308 -0.594765
228.776855 138.746155 12.627471 -0.285133
299.764832 29.950537 13.317546 -2.383218
327.962128 293.075073 12.174047 -0.233871
335.283234 195.714813 13.123955 -2.503967
383.602539 287.423523 13.449811 -0.652170
7.016698 339.301392 16.510574 -4.023155
24.973276 508.008362 15.564246 -1.644110
112.805565 294.159424 15.526115 -1.441757
148.923248 162.056152 13.035314 -3.198706
256.921326 593.049866 15.915936 -1.740497
269.912598 86.090324 17.336462 -0.477272
302.508759 449.453308 18.258120 1.327264
386.996735 55.072838 15.591164 0.047768
386.996735 55.072838 15.591164 -2.138582
438.199158 512.712097 14.813282 -1.771767
56.588623 210.940567 22.290598 -0.374944
101.637680 558.020081 20.305696 -1.356877
110.934929 177.579926 19.449606 -0.159799
110.934929 177.579926 19.449606 -3.077213
281.111328 159.835968 18.436764 -0.577489
216.683990 342.371460 24.424858 1.163305
357.354462 193.420044 27.018324 -0.356947
194.627014 147.493851 34.767086 -0.725538
364.203278 96.725853 33.157879 0.115446
364.203278 96.725853 33.157879 -2.482988
290.217896 479.337097 38.913612 -1.589079
