21 624
31 12
88 665
163 71
169 140
180 87
187 94
188 17
189 14
193 13
196 22
197 6
200 22
201 827
202 28
203 29
209 40
212 65
213 66
214 51
215 52
216 55
218 498
220 35
224 67
226 53
229 71
230 50
231 69
232 43
233 78
235 503
238 515
242 59
243 80
247 84
248 85
249 92
251 103
256 89
257 505
258 105
259 94
263 113
264 98
269 117
270 122
271 101
272 102
273 134
274 133
275 125
276 114
279 130
280 143
281 123
283 129
286 148
287 149
288 146
289 136
290 532
293 131
294 132
297 141
303 538
308 553
309 166
311 162
312 175
313 176
315 151
317 171
318 201
319 173
320 187
322 184
325 172
335 165
336 189
338 349
339 180
340 190
345 178
350 199
351 199
352 560
355 208
356 209
358 203
360 219
362 234
366 216
367 191
368 192
372 212
373 224
379 58
389 108
502 799
504 472
506 493
507 482
508 490
509 487
511 495
512 497
513 492
515 793
516 794
520 494
521 506
522 496
526 511
527 499
530 509
531 802
532 803
533 517
536 522
537 507
540 516
542 799
543 798
544 518
545 513
546 514
547 523
548 520
549 512
550 521
551 536
552 115
553 519
555 534
556 537
557 524
560 531
562 809
563 532
565 529
566 530
567 127
568 526
570 537
571 542
572 144
575 539
578 540
580 546
581 155
582 545
583 169
585 174
586 167
587 548
590 161
592 556
593 183
595 555
597 554
598 550
601 558
602 168
605 355
606 557
611 198
614 853
615 854
616 201
621 566
623 564
624 567
625 565
626 569
627 568
628 570
629 214
630 215
632 581
639 182
642 653
649 796
650 355
654 508
676 1133
718 997
746 777
754 779
758 786
760 781
761 791
762 789
764 784
766 788
769 804
771 800
772 527
774 805
776 813
779 808
781 811
782 825
783 827
784 826
786 815
789 819
791 820
792 824
793 836
794 822
796 832
797 833
798 834
799 838
800 839
802 842
803 835
804 829
807 841
809 845
812 850
813 857
814 578
815 848
868 992
871 1130
872 996
873 998
875 1134
876 1001
877 1004
878 1139
880 1143
881 1142
882 1003
883 1005
884 1006
885 1009
887 1007
889 1010
892 1008
893 805
894 1011
895 1015
896 1016
898 1017
899 1018
904 1159
905 817
906 1024
907 1028
908 1026
909 829
910 1029
911 1030
912 1031
914 1025
915 1036
916 1034
920 858
930 208
933 1173
968 1136
975 1337
981 1131
982 1132
985 1133
988 1135
989 1140
991 1141
993 1145
995 1148
998 1150
999 1151
1000 1153
1001 1152
1002 1021
1003 1155
1004 1161
1005 1162
1006 1156
1007 1168
1008 1164
1009 1165
1010 1032
1011 1167
1012 1239
1013 1171
1043 1221
1044 1275
1045 1225
1046 1222
1047 1223
1048 1224
1049 1228
1050 1229
1051 1278
1052 1227
1053 1283
1055 1230
1057 1282
1059 1232
1060 1231
1061 1234
1063 1154
1064 1235
1065 1238
1066 1291
1068 1163
1097 1270
1101 1277
1102 1284
1103 1285
1104 1286
1105 1287
1106 1289
1111 1127
1119 215
1125 1308
1127 1309
1128 1310
1129 1281
1130 1312
1131 1311
1132 1313
1142 1328
1149 1334
1154 1339
1155 1342
1156 1340
1157 1341
