2.733812 566.056152 2.195772 -4.143845
4.065848 131.327271 2.251349 1.385500
4.826072 192.016602 1.960747 -1.581626
5.032188 617.724976 2.174235 -1.809310
6.358387 291.736450 2.061950 0.347450
11.092108 120.234489 1.892177 -3.604581
11.356859 463.639801 2.191448 -4.354373
13.102869 90.511238 2.061501 -4.388247
12.389499 174.421356 2.009748 -2.048531
15.027826 145.545700 1.825019 -0.812436
15.774217 565.393311 2.247797 1.323503
16.565163 276.973328 2.114388 -0.053887
20.129135 15.489207 2.036147 -1.625161
20.141163 317.696777 1.862218 0.003198
20.235723 329.471344 1.937469 0.013903
20.325300 364.934937 1.987473 1.424308
20.842894 184.680481 1.913938 -4.662118
21.037834 485.766846 2.034664 -1.839589
22.306480 287.068512 2.198403 -3.383695
21.616688 342.250549 2.292949 -1.268483
27.437046 489.044220 2.033580 -1.832442
29.743574 58.717640 1.939319 -1.115596
30.157402 317.884155 1.995212 -3.217566
34.285686 301.509857 2.040528 -3.827039
34.754322 378.350128 2.294365 -1.561884
35.427795 604.346008 1.965699 -0.838381
37.908009 561.137268 2.196679 -4.190490
40.716213 256.901367 1.793578 -1.821316
41.846886 151.947906 1.936389 -1.439765
44.718647 324.296265 1.954879 1.543282
44.718647 324.296265 1.954879 0.222662
45.572620 295.803009 1.988230 -4.443622
48.247292 31.103041 1.854042 0.663709
47.848850 226.296097 2.051633 -3.897824
48.884907 628.797241 2.011851 -0.587826
48.884907 628.797241 2.011851 -1.763909
49.540138 440.422028 2.472931 -4.660140
53.257702 111.699577 1.910919 -4.267884
56.422882 244.653275 2.130723 -2.766410
56.391136 324.096893 2.206308 -3.277173
58.317623 191.125565 1.767368 -4.668074
57.991028 239.857010 1.932092 -2.723753
57.833824 476.235718 2.168227 -1.707201
59.830448 61.270657 1.909836 -3.996732
61.558731 382.064697 1.755991 -4.458648
63.081303 171.947037 1.863482 -0.669947
65.143295 296.658386 1.956190 0.179204
65.143295 296.658386 1.956190 -2.923000
68.155228 69.936684 2.182858 -3.921512
70.986977 79.696732 2.018332 -3.304538
74.574883 587.901550 1.843135 -3.847881
76.488907 435.000549 2.133477 -1.311019
81.254379 607.783691 2.048553 -4.650770
81.874550 33.357346 1.822651 -1.440451
82.346046 140.620667 2.359958 -3.462583
81.671028 281.281433 2.144589 0.698996
82.203484 339.989380 1.977443 -3.596371
83.286346 571.567017 2.099837 -4.511155
84.770790 242.214935 2.058165 -1.771969
84.770790 242.214935 2.058165 -4.510287
86.895432 71.134651 2.048768 1.337301
86.895432 71.134651 2.048768 -1.082254
87.548248 522.962830 2.117269 -1.391800
87.548248 522.962830 2.117269 -2.297456
89.461929 419.969421 1.966515 -1.249167
91.949837 286.830505 1.830501 -0.133594
92.129738 318.814545 2.006390 -3.562000
94.108154 104.452148 1.813148 -1.374390
93.645187 312.547729 2.142418 0.780550
93.645187 312.547729 2.142418 -1.701122
95.069389 269.171906 1.782934 -2.341396
95.154945 590.179810 2.087400 -1.464225
97.472672 356.812042 2.262081 1.550533
97.368271 442.475159 1.831172 -4.706414
97.024391 475.936584 1.874664 -1.630460
97.269455 572.009705 2.283307 -4.049535
100.509315 248.420120 2.214804 -0.420719
100.021927 373.538635 2.016538 -4.602041
99.219139 414.425079 1.988362 -1.457417
101.159950 379.033630 2.203382 -4.621062
101.806290 546.352539 2.211023 -1.721967
103.319672 66.688774 1.947475 -0.191909
102.757706 515.230957 1.882126 -1.595004
103.980301 635.267151 1.798838 -3.696836
103.980301 635.267151 1.798838 -4.224069
106.149139 610.157532 2.123543 -4.040000
106.594810 476.837646 2.053833 -1.760578
107.532280 587.706970 1.800207 0.188146
107.532280 587.706970 1.800207 -0.898129
107.532280 587.706970 1.800207 -2.780328
108.148582 208.516220 2.035192 -0.790708
107.955040 240.306320 2.072752 -0.880712
109.703430 135.655899 1.977403 -0.091211
110.195000 422.487885 2.125625 -1.102156
110.939468 496.593292 1.995662 -1.140354
112.806755 308.005432 2.078722 -0.334592
115.624672 63.351604 2.219249 -0.493661
116.497803 135.182068 2.167416 -0.401582
115.706665 270.412598 1.921287 0.083152
116.721863 318.722839 2.122976 -0.387654
118.922440 295.972137 2.075703 0.467184
120.637703 222.619446 2.077050 0.453760
120.997658 524.954407 1.927910 -1.752870
123.003502 258.113525 1.809186 0.352573
125.429001 448.014191 2.072253 1.499389
132.132950 75.627945 2.175445 -0.028602
135.323120 339.729797 1.943314 -1.587821
134.973206 104.732094 2.157637 -0.324956
134.973206 104.732094 2.157637 -1.484333
136.683929 635.122009 1.900881 -3.742874
137.940689 207.908218 1.859853 -0.439243
138.873093 283.849335 1.996947 -4.182155
141.385452 481.277771 1.935632 -1.580983
142.579956 182.984741 1.844771 0.033737
143.197586 224.903580 1.993267 -4.377429
147.096695 153.338104 1.889316 -0.640880
150.124969 238.781601 1.955812 -1.036355
150.124969 238.781601 1.955812 -3.881773
150.492828 249.913406 2.096921 -0.719850
150.654678 221.475220 2.105284 -0.713411
150.273895 295.021118 2.148055 1.403678
154.083298 442.885406 2.071796 -4.643891
154.581070 205.568878 1.790613 -1.515092
156.391327 256.042542 2.070447 -1.082867
156.615097 576.837219 1.912787 -2.381192
157.930496 80.784683 2.245643 -1.781785
157.930496 80.784683 2.245643 -4.274105
159.272446 398.009766 2.136589 -4.640559
159.272827 180.682281 1.898725 -1.997781
159.800919 480.974091 2.139850 -1.454315
160.851761 74.952393 2.078147 -1.913938
160.851761 74.952393 2.078147 -3.028429
161.272171 287.865784 1.912599 -1.746483
160.872269 518.863770 2.043351 -3.566261
163.094620 587.080261 2.108847 -1.773758
164.964798 68.444878 1.999696 -2.959915
167.827515 307.206604 2.605135 -2.047205
167.827515 307.206604 2.605135 -3.214469
167.327332 312.682312 2.186575 -3.164823
166.671997 475.949615 2.301491 -1.389981
167.741577 141.937958 1.917759 -3.039390
169.660156 570.276550 1.873063 0.874713
169.660156 570.276550 1.873063 -1.622381
172.367996 113.072655 1.817822 -1.996356
174.166840 107.821579 1.988904 -2.375590
173.983444 435.356812 2.006226 -1.621590
175.331390 182.740646 1.714009 0.659929
176.478485 157.266541 2.085083 -3.617796
177.262512 272.185730 2.136845 -1.987977
177.262512 272.185730 2.136845 -3.868807
179.589066 444.785492 2.314808 -4.666559
179.978806 304.012848 2.032873 -4.090775
179.061493 525.519714 1.790028 -1.909195
181.813736 577.150391 1.987725 -1.788595
181.813736 577.150391 1.987725 -3.068678
182.708176 195.481964 2.035796 0.107543
183.315521 231.761017 2.117135 -3.077826
183.503586 415.203186 2.002237 -1.703639
184.956329 344.996155 2.020814 0.110466
187.803177 199.014908 1.785978 -0.456154
189.722458 7.587376 2.286030 -1.487923
190.511871 30.871572 1.972411 -2.439132
193.908737 259.471039 1.902132 -2.921261
193.457825 379.130554 1.992911 -1.935420
201.085800 158.663040 2.166189 1.147717
202.284744 617.532837 1.848703 -0.518734
202.284744 617.532837 1.848703 -3.436539
202.704636 332.936401 1.889422 -1.847923
202.704636 332.936401 1.889422 -2.617531
204.194672 20.222187 1.929814 -1.297244
203.486389 180.494293 1.600814 0.651496
206.807007 265.383972 1.939423 0.360798
208.560989 243.205276 2.072654 -2.275068
211.831085 196.621445 1.641531 -3.032175
212.484207 490.919037 2.006648 1.095876
214.750015 43.520908 2.014478 0.138339
215.757339 279.145935 1.931323 0.183536
216.178024 308.069763 2.076805 -0.114818
215.909286 313.095184 2.063419 -0.067484
216.205765 322.875336 1.890599 0.187349
216.205765 322.875336 1.890599 -3.625388
216.574188 157.080521 2.089175 0.649064
216.574188 157.080521 2.089175 -2.775866
217.350403 445.327545 2.143470 -1.442002
217.350403 445.327545 2.143470 -4.463938
218.414200 210.427689 1.983828 0.092387
219.944183 4.483515 1.917589 1.091757
220.200439 163.589386 2.204383 -2.643340
219.898666 223.818710 1.938524 -1.548329
222.938782 177.518494 1.984418 0.893178
224.717636 198.465347 1.902356 -2.998566
225.179993 148.434723 2.163609 0.454657
225.179993 148.434723 2.163609 -3.650479
227.812653 267.415985 2.042796 -3.202742
228.651108 93.048721 1.996245 -3.136790
232.704437 369.285706 1.994136 -1.858895
232.683899 411.586121 2.220748 -1.517529
232.683899 411.586121 2.220748 -1.780676
232.683899 411.586121 2.220748 -4.256328
236.501205 394.484955 1.992410 1.266028
239.224548 138.793335 1.875252 -0.089029
238.568741 550.804077 1.938414 1.562310
240.889404 382.179352 2.229836 1.540196
241.318054 583.447327 2.033724 1.102008
241.318054 583.447327 2.033724 -0.033814
241.170792 51.598541 2.056660 -3.813710
242.259491 545.896423 1.986581 1.427520
242.522705 35.102074 2.079050 -4.232217
243.340042 144.220078 1.949304 -0.084554
243.469666 83.237801 2.021371 -0.284014
243.906998 150.869324 1.886713 0.049740
243.936340 180.570816 2.149468 0.013938
244.197937 258.006805 2.193625 0.248681
247.075256 341.751831 2.134180 1.087339
247.004578 351.869171 1.957513 1.224797
247.294128 597.187317 1.980501 -1.843440
247.980698 141.849991 1.877050 0.043041
248.173889 203.626968 1.961950 -0.456799
247.839432 375.920624 1.809799 -4.670749
247.667282 395.935516 1.960348 -4.132611
247.637314 581.384827 2.062966 1.072537
247.637314 581.384827 2.062966 -0.474809
249.303253 488.669586 1.918680 -1.256989
250.386063 275.721008 1.865409 0.120661
250.386063 275.721008 1.865409 -3.392973
250.092010 281.920624 2.215393 0.050901
250.839539 302.793884 1.923674 -0.111926
253.687347 161.923599 2.074755 -0.722628
253.891830 213.087830 1.837669 -2.712190
254.449524 472.517090 1.868374 -0.683615
254.757980 256.177765 2.084485 0.117183
254.285278 265.566528 2.327333 0.057966
255.338837 298.038788 1.904139 -2.154538
255.342178 318.283722 1.894571 -3.041277
254.939270 382.468262 2.159821 1.527962
257.146271 92.433884 2.099636 -1.247590
257.497040 130.274277 1.922636 1.223194
259.052917 292.893311 1.929081 -2.940948
259.846924 162.933441 2.216442 -0.875315
260.420868 168.994843 2.007967 -1.392694
260.796967 270.343384 1.912579 -0.016148
262.964600 207.939285 1.940354 -1.631519
263.621704 369.738800 1.914558 1.479938
265.549469 197.324768 2.211902 -1.629865
265.683533 257.365967 2.215458 -4.659484
265.161438 360.253906 2.097522 -2.410773
265.627655 169.328918 2.210498 -1.304921
267.817657 140.094360 1.971875 -3.911168
268.139679 388.010071 1.982865 1.556043
268.520416 192.130508 1.813931 -1.649860
270.916016 166.272934 2.098071 -1.302941
270.861084 383.211853 1.764795 1.554194
271.371429 617.498657 2.202189 1.383166
271.371429 617.498657 2.202189 -1.988439
272.084534 257.389252 2.023683 1.540324
273.044678 315.162323 1.985269 -1.190182
274.531219 479.686188 2.011431 -1.429799
276.398895 3.408412 1.816698 0.773658
277.035736 227.904510 1.903971 -3.443579
280.504211 267.158661 1.937044 0.081922
280.504211 267.158661 1.937044 -3.173926
280.361725 316.840179 1.803172 -0.348629
280.451202 389.584198 1.766628 -4.605997
280.297119 625.000122 2.043596 -1.933858
280.623566 256.701538 1.900804 0.099530
280.623566 256.701538 1.900804 -3.095696
284.496368 202.122086 2.152327 -1.428508
284.914093 101.988625 2.181594 -1.418756
287.348236 22.425489 2.199420 -0.183429
287.348236 22.425489 2.199420 -2.890643
289.845276 257.254547 1.848120 -3.226928
289.635468 387.961975 1.806483 1.550325
291.131561 347.908691 2.067198 0.973582
291.131561 347.908691 2.067198 -1.566149
291.906097 62.770195 1.940671 -0.886504
293.101807 227.723480 1.930668 -4.069635
294.301392 15.469590 1.811295 0.104986
295.498291 207.531479 2.142430 -1.170650
296.001740 11.922025 2.084858 -0.010933
296.213593 249.019867 1.885632 -1.657607
296.353088 147.695633 2.201683 0.508173
296.934540 584.306335 1.988199 -1.691025
297.556580 257.478363 1.899865 -1.644204
298.368408 297.571411 2.012914 -1.607669
298.067383 306.864960 1.849699 0.617738
298.067383 306.864960 1.849699 -1.779696
300.605743 119.447701 2.138735 0.862254
302.506165 13.448515 2.200806 -0.060260
304.032410 220.198105 2.143162 1.045417
304.032410 220.198105 2.143162 -0.909575
304.728027 366.319824 1.879585 1.444585
305.998352 48.397865 2.138305 -0.412049
305.998352 48.397865 2.138305 -3.588068
305.807068 174.828720 1.833295 -0.967812
306.037567 319.111725 1.901022 0.071837
306.055359 574.207397 2.047264 -1.884860
306.591278 136.921051 2.069716 -0.685132
306.686340 297.312927 2.021335 -1.468331
312.358124 142.564011 1.851572 -0.606003
312.358124 142.564011 1.851572 -4.417250
312.604919 608.050537 1.973741 1.563717
319.244354 72.217216 1.891590 -0.487982
318.878052 199.673584 1.923271 0.414389
321.232147 476.003174 1.805815 -1.040910
321.232147 476.003174 1.805815 -4.613550
322.111908 8.545946 2.102130 -0.527008
322.111908 8.545946 2.102130 -3.545093
322.631897 210.285370 2.138493 -1.294944
322.609009 159.728699 1.688601 -4.205230
324.325104 188.966064 1.810086 -1.660539
324.158813 465.477203 2.133984 -1.378539
324.158813 465.477203 2.133984 -4.376951
324.475006 439.485443 2.338791 -1.490839
325.843903 20.594425 2.016918 0.094311
325.843903 20.594425 2.016918 -3.151711
327.396027 80.472031 2.096081 0.173821
327.242401 512.723145 1.961497 -1.548516
328.101105 97.413849 2.107999 -3.390550
328.330536 201.316132 1.955024 0.871917
328.572815 484.098267 1.807148 1.375391
328.572815 484.098267 1.807148 -1.288494
330.892975 495.186981 2.000211 -1.702696
333.467072 259.018463 1.843053 -1.629635
333.736755 336.151215 1.964007 1.465716
338.496979 94.471581 2.008312 -0.288402
338.507629 130.889389 2.100983 -0.231178
340.991394 138.197968 1.861815 -0.283452
341.107391 149.523727 1.954468 -0.503624
341.429504 207.607635 1.775867 -2.965306
340.817841 630.115723 1.774402 -0.064115
340.758972 636.194946 2.050111 0.964264
345.745941 101.084473 2.149203 -0.025494
347.353516 92.414238 1.957770 0.308195
347.024292 106.875206 2.050645 -0.190111
346.539124 261.122498 2.112948 -3.273109
347.948425 61.392601 2.111305 -3.003897
349.333893 8.592785 2.247042 0.323009
350.708435 230.151459 2.102292 -0.387622
350.708435 230.151459 2.102292 -3.413655
351.419037 239.952362 2.115108 -3.189571
353.313171 58.030476 2.098340 -3.106920
353.105042 78.998390 2.028532 0.283459
353.105042 78.998390 2.028532 -3.197407
355.892975 254.064362 1.857035 -3.130372
355.855865 351.855103 1.767805 -2.312288
356.234894 452.969940 2.008273 -4.686057
356.767639 393.559601 2.195558 1.344125
358.011200 547.237854 1.911495 -1.480266
358.724823 118.843552 2.107558 -0.069694
358.954376 417.776184 2.014601 -4.554136
360.591003 26.249630 2.082751 -3.036775
362.400574 363.966614 1.820189 1.547346
362.426910 426.890442 1.857054 0.523690
363.060547 115.150162 1.903121 -0.077969
363.308014 591.211670 1.858053 -0.289373
363.737793 309.612213 2.212180 0.045497
364.882111 447.559204 2.304873 1.532654
367.047089 40.198204 2.080121 0.209344
368.949249 137.465866 1.915439 -3.654377
369.291443 233.405762 2.236906 -3.275136
370.152039 160.908997 2.110130 -2.867134
370.148773 339.065155 1.815744 -0.068283
371.435364 558.588623 2.138292 -1.470364
373.773529 148.457718 2.134811 -3.035633
374.697052 578.553955 1.876948 1.422853
375.940796 308.583679 2.089133 0.563334
376.478882 402.096741 2.409636 -1.607713
377.046204 434.184021 1.833025 -1.744657
377.464081 541.643982 2.086127 1.015761
377.464081 541.643982 2.086127 -1.635044
377.801270 128.673737 2.070105 -2.855675
378.983856 78.311630 2.226405 -2.985224
379.025208 440.619629 2.167978 -1.544090
381.186432 572.688721 1.896244 -1.601800
383.204132 259.433533 1.912844 -0.148859
383.204132 259.433533 1.912844 -3.054499
385.932434 537.497009 2.078400 1.274314
387.646790 70.586853 1.681114 -3.018856
388.850983 408.874725 2.026556 -1.392942
390.381165 562.892761 2.011881 -2.586481
392.636688 148.661087 2.092846 0.089192
392.636688 148.661087 2.092846 -2.543908
396.548523 157.833130 2.267600 0.282630
396.439514 287.078461 2.025840 -3.253259
395.563629 316.228424 1.979045 -3.330840
395.937134 322.184570 1.882946 -2.905654
394.668976 297.315186 1.830814 -1.781620
397.269531 524.829590 1.943904 1.491135
397.269531 524.829590 1.943904 -1.522075
398.198120 46.770397 1.885500 -3.741516
398.272217 170.610931 1.920373 0.177761
400.135498 52.804852 1.870052 -2.028217
401.008087 539.112976 1.911570 0.419575
401.008087 539.112976 1.911570 -0.199638
403.404785 20.571224 2.354811 -3.103232
404.732147 221.942810 2.218404 -0.429000
404.732147 221.942810 2.218404 -3.056615
405.264069 620.310669 2.127083 -1.498537
406.152649 293.477509 1.859814 0.004859
406.140106 339.163635 2.138674 -4.579876
407.852692 5.194882 1.856715 -1.037089
407.852692 5.194882 1.856715 -3.740247
408.400269 411.374512 1.909351 -1.732998
408.927277 65.372139 1.848947 -3.778045
411.385376 240.623276 1.972646 1.285763
411.385376 240.623276 1.972646 -0.568309
411.133240 521.916626 1.839351 -1.679616
412.210144 214.560989 1.821836 -3.780990
414.868622 229.634781 2.188843 -1.477869
416.214539 100.758743 1.867913 0.850064
416.214539 100.758743 1.867913 -3.184941
418.007751 207.506668 2.141613 -2.938672
418.007751 207.506668 2.141613 -4.394317
421.560333 140.338776 2.256721 -3.786078
420.604309 181.100983 1.924083 -2.328870
421.149750 411.534943 2.241270 -1.428350
421.818054 400.021423 1.959323 1.424406
423.816864 265.627625 2.182234 -3.189801
424.672363 128.667267 2.180377 -0.262365
424.911682 223.437347 1.901090 -3.427853
426.994293 274.862671 1.840262 1.383313
427.922363 542.563293 1.994973 -1.166000
430.157410 442.612701 1.909654 -1.637550
428.870178 577.536682 1.764388 1.398694
434.598785 206.571213 1.871654 -4.306120
433.608643 245.403931 2.218238 -0.714406
435.268066 56.744907 2.220580 -0.563076
435.301270 120.877823 1.881344 -2.956922
435.358704 278.401978 2.130112 -3.758119
435.358337 583.900146 2.026165 1.478265
437.409149 369.577362 1.903803 1.284254
438.611084 22.341848 2.230499 -1.769008
438.420135 260.688538 2.146062 0.165214
445.071014 435.239685 2.045002 -1.128266
445.716095 136.105820 1.851831 -3.023796
446.812164 361.112823 2.005842 1.555270
447.666046 535.786438 1.824201 -1.349507
448.003448 569.575317 2.222975 1.430006
448.384277 628.889954 1.835265 -1.957142
450.456116 41.920067 1.887415 0.911090
450.757538 587.087158 2.121334 -1.434857
452.340546 507.730530 2.178060 -1.426532
452.340546 507.730530 2.178060 -4.645191
453.405212 349.532501 2.327928 -4.683479
454.556213 355.148682 2.014577 1.518375
454.556213 355.148682 2.014577 -1.477322
456.930145 362.722137 2.010443 1.451244
456.683563 379.937805 1.851477 1.410430
457.900665 304.147125 1.937695 -2.068142
457.900665 304.147125 1.937695 -4.147811
458.206238 444.265076 1.858112 -0.980436
459.944336 497.742523 1.851756 -2.122821
459.944336 497.742523 1.851756 -4.010731
463.144012 15.088062 2.278209 -1.870642
463.796448 75.127739 1.987895 -1.335093
467.192078 69.747665 2.136924 -4.227255
466.949066 588.597595 2.049017 -1.223956
471.600830 216.988861 1.962596 -4.055531
471.807007 590.730164 1.940775 -1.266277
471.807007 590.730164 1.940775 -3.116711
473.780945 265.130646 2.139569 -0.776927
474.133148 365.067749 1.859076 -1.018248
475.993713 482.733154 1.986784 1.541062
477.203766 314.791534 2.089482 -3.197482
478.130615 56.094738 2.009054 1.428972
478.130615 56.094738 2.009054 -2.821433
477.889008 596.715271 2.124630 1.484696
5.700999 318.893433 2.147694 0.282183
6.962701 252.008286 2.534262 -3.756323
9.476446 478.242523 2.788075 -1.611192
9.777760 98.457687 2.430480 -1.025958
11.311325 3.891158 2.438065 -2.589158
11.206719 174.609085 2.429199 -1.800111
11.546586 394.357941 2.473051 1.525718
15.419176 478.368866 2.674287 -1.549789
16.803242 608.473267 2.044393 0.598631
16.803242 608.473267 2.044393 -0.590294
21.181217 137.680954 2.377734 0.635987
21.181217 137.680954 2.377734 -2.528073
21.181217 137.680954 2.377734 -3.816389
22.589569 119.967514 2.691192 1.246413
22.605627 34.963600 2.450568 -2.974176
26.365007 93.125313 2.607708 -4.018160
28.012207 554.553833 2.538189 -4.203873
29.173992 259.813904 2.763273 -3.024051
31.238026 245.391632 2.750277 -1.949260
30.954699 313.905121 2.394023 -3.212682
34.876438 573.543823 2.267428 -4.289915
37.623501 347.889526 2.259212 -2.041592
41.493713 478.255432 2.741727 -1.720592
42.830070 202.527374 2.778262 -1.718670
44.812378 146.559174 2.410439 -1.502593
44.473621 264.091705 2.778399 -2.824458
46.860180 191.077667 2.311768 -3.609296
50.324718 203.108810 2.297173 -1.226817
51.512363 345.759735 2.652522 -3.113998
51.841000 616.657349 2.561684 1.332929
55.043343 298.730621 2.428687 -3.186336
55.727577 218.659088 2.416073 -2.077377
57.669613 242.311996 2.475656 -2.747753
63.294029 214.001862 2.733618 -1.780228
67.096916 206.557266 2.478996 -1.871334
66.778290 572.979980 3.425699 -4.080332
69.426598 263.427521 2.573117 -1.697803
70.394798 447.176575 2.371261 -4.642240
70.516823 555.593018 2.869753 -1.994671
72.408882 103.474556 2.645805 -0.503494
73.629845 312.061157 2.329398 -4.512083
73.537582 441.047516 2.466157 -4.684299
74.635933 117.174278 2.499315 -0.195712
74.635933 117.174278 2.499315 -0.998788
74.963875 618.653748 2.598222 0.546803
74.963875 618.653748 2.598222 -1.282507
74.963875 618.653748 2.598222 -2.411709
76.547211 76.884918 2.616422 -0.286615
78.319931 260.220001 2.880648 -2.454116
78.068001 417.035950 2.375122 -1.392262
81.668396 381.898590 2.623223 1.554236
81.668396 381.898590 2.623223 -1.274630
84.208534 188.627655 2.420699 1.261152
90.268387 441.424805 2.275321 -4.662167
92.443825 508.403442 2.398726 1.437605
92.433754 16.059551 2.445921 -2.516329
94.489166 200.602692 2.598508 -1.694854
94.664932 251.694382 2.406593 -0.304065
96.832527 86.382858 2.371466 -1.137288
96.832527 86.382858 2.371466 -3.988942
97.482971 336.597321 2.571529 0.407642
99.355408 585.919434 3.154911 -1.499084
99.355408 585.919434 3.154911 -2.661979
105.373924 397.458710 2.418052 -1.496201
107.543915 87.909355 2.659010 -3.103449
112.327293 399.187500 2.674750 -1.496036
113.436295 128.647095 2.809020 -0.171693
115.960266 51.189705 2.623578 0.254750
118.372910 338.278107 2.642726 -0.962451
125.364098 545.472290 2.626728 -1.413507
127.030930 192.719406 2.417759 -1.026551
128.295563 124.614761 2.694587 0.989981
128.295563 124.614761 2.694587 -1.721413
130.056290 176.955551 2.666165 -4.219595
129.562973 629.068359 2.345553 -4.051909
132.932449 87.541542 2.745867 0.469682
133.310303 494.511322 2.644542 0.607881
133.310303 494.511322 2.644542 -0.421156
134.532196 232.567596 2.364336 -0.263286
141.764191 428.186920 2.350918 -1.340557
142.789307 330.727142 2.557358 -0.074947
143.524078 416.710175 2.391249 -4.708041
144.739075 245.334274 2.694287 -0.846903
148.958603 126.681061 2.355911 -0.242873
149.020615 186.600494 2.196032 -1.915405
148.843521 301.333405 2.521676 1.365360
151.020187 172.409912 2.319095 0.605939
150.591492 207.307541 2.779802 0.833550
150.591492 207.307541 2.779802 -1.371402
151.941681 277.247559 2.578187 0.611162
153.053604 192.583755 2.741952 -1.858629
156.199631 474.900116 2.394233 -1.566067
156.749191 282.849121 2.281416 0.715070
156.749191 282.849121 2.281416 -1.529963
158.848785 86.755676 2.235933 -3.570530
161.671494 500.357452 2.423200 -4.490973
164.629044 600.138916 2.597186 1.318414
164.629044 600.138916 2.597186 -2.555549
170.527466 482.529602 2.319764 -1.391845
171.062592 544.162231 2.424826 1.317299
171.811295 136.316650 2.302861 -2.185351
174.841492 279.981049 2.603467 -1.711497
175.997971 56.738407 2.526803 -2.029525
175.744629 196.031448 2.391043 0.968322
175.744629 196.031448 2.391043 -0.671061
175.744629 196.031448 2.391043 -1.347332
175.744629 196.031448 2.391043 -3.817627
176.022858 354.783264 2.680657 -4.630503
178.497726 264.931183 2.386313 -4.092025
180.804596 100.109329 2.400325 -2.584055
180.919174 107.981094 2.643273 -2.441966
186.648758 314.568604 2.609884 -0.043793
189.937286 14.566382 2.690509 -3.842095
190.109192 23.529112 2.611617 -2.492028
191.286835 353.131714 2.611062 1.257892
195.193344 88.827545 2.309585 0.678063
194.168167 41.574165 2.621891 -3.225595
195.685211 125.906120 2.369541 -1.436735
197.306534 426.352325 2.282591 -1.121537
199.145874 588.102112 2.337470 -2.174386
202.050598 416.551819 2.496728 1.516545
202.050598 416.551819 2.496728 -0.975291
202.773468 492.501038 2.333927 1.288477
204.979507 120.915161 2.822178 -2.189313
204.369827 274.364532 2.755111 0.193110
204.903854 370.859650 2.845269 1.366416
206.003403 411.435364 2.244301 1.495538
207.466354 110.340843 2.440408 -2.361214
207.466354 110.340843 2.440408 -4.370198
206.803619 445.116333 2.382933 1.530761
209.392334 182.709290 2.507292 0.963365
210.672287 152.021301 2.549733 0.693364
211.002808 466.166718 2.534015 -2.731642
214.126556 516.961304 2.803782 1.487633
214.646988 85.933594 2.843398 -1.284606
216.126129 299.105621 2.315718 0.463667
219.254410 16.280209 2.533966 -3.271735
225.492950 341.776276 2.527084 -2.500791
225.492950 341.776276 2.527084 -4.083458
226.091324 479.067474 2.737952 -1.478596
226.829468 140.508575 2.335466 0.964687
232.687317 288.951172 2.862348 -2.895587
233.179428 330.008698 2.718307 -2.957312
234.189713 143.218781 2.495878 -0.151009
234.189713 143.218781 2.495878 -2.916710
233.829132 205.609497 2.347193 -3.112158
236.523331 478.640442 2.588551 -1.552044
241.971878 532.500305 2.902158 0.656801
241.971878 532.500305 2.902158 -2.210243
243.738937 445.186249 2.671391 -4.651303
244.776337 309.142029 2.640080 -0.074662
250.087646 292.746094 2.446397 -0.156293
251.187500 67.722397 2.732124 -4.455183
250.602737 479.022827 2.608393 -1.382232
256.812164 39.044849 2.673141 0.504216
257.392761 355.975800 2.463369 1.365074
257.392761 355.975800 2.463369 -2.041031
259.518951 446.017059 2.663180 1.555757
260.150208 630.205139 2.792504 -2.209100
263.976105 118.396156 2.516552 0.051610
263.976105 118.396156 2.516552 -1.881457
263.976105 118.396156 2.516552 -3.157718
263.976105 118.396156 2.516552 -4.550659
263.441315 125.835670 2.324153 -4.184308
264.970947 89.617683 2.719296 0.432995
266.124207 197.525696 2.398727 -1.638030
266.857330 610.767273 2.413503 -1.990379
267.893097 76.249001 2.694847 -1.399259
267.893097 76.249001 2.694847 -4.598998
267.560791 215.094742 2.630669 0.101967
267.560791 215.094742 2.630669 -4.053033
267.568207 462.357666 2.297871 -1.266289
269.151245 269.690857 2.112062 -1.649906
269.376251 492.495392 2.572380 0.319058
269.376251 492.495392 2.572380 -1.725420
276.146912 465.950104 2.314477 -1.168154
276.543121 11.775533 2.488531 -2.654020
276.794037 198.675552 2.573512 -0.349568
276.794037 198.675552 2.573512 -4.130808
276.930542 374.572327 2.475490 1.489881
278.855865 242.203415 2.792684 -1.730669
280.161621 166.558197 2.575423 -1.182964
280.233337 380.755402 2.479671 1.471817
282.743439 120.448410 2.510094 -1.222268
284.349365 9.226896 2.585053 -0.676013
284.349365 9.226896 2.585053 -2.589137
284.231934 421.381927 2.552286 -1.728385
284.231934 421.381927 2.552286 -4.514219
286.793640 342.712097 2.439147 0.875975
287.576996 95.052368 2.723626 -4.021467
293.183685 435.553955 2.496727 -1.451951
293.426514 469.735596 2.533363 -1.513695
298.654785 34.619404 2.314544 -0.318298
302.864594 125.970596 2.419135 -1.012180
305.421265 202.324997 2.677213 -4.338995
304.676849 620.604980 2.372515 -2.800920
305.373413 64.464081 2.834593 -1.331847
306.450592 509.693359 2.427417 -4.256552
309.409088 446.794006 2.322783 -4.592994
311.818909 624.500000 2.394343 -2.940291
315.562622 10.543719 2.457283 -0.536055
314.467499 556.337585 2.564424 1.363260
317.594238 481.114868 2.308241 -1.106153
319.189209 409.625397 2.490711 -1.958450
319.818207 526.171936 2.607154 -1.508851
321.463989 223.907623 2.344439 -2.500645
325.355530 446.276520 2.856192 1.541735
324.916779 519.238708 2.256310 -1.449591
324.916779 519.238708 2.256310 -4.002422
329.785889 154.678268 2.377569 -3.492710
331.798279 58.569210 2.300401 -3.383078
337.186401 396.508606 2.177135 -4.348122
338.707916 522.727600 2.758573 0.801593
338.707916 522.727600 2.758573 -2.468655
344.673340 428.531342 2.295059 -4.404265
346.833221 56.035294 2.558512 -0.079921
347.797729 126.423882 2.412959 -0.302861
347.797729 126.423882 2.412959 -3.325192
348.424011 278.828979 2.797689 -3.168252
350.168152 134.812454 2.381193 -3.280825
349.773682 333.981598 2.811417 1.522780
350.440979 415.657410 2.459040 -1.463864
350.585632 42.590023 2.030218 -0.283646
350.585632 42.590023 2.030218 -2.731786
352.865662 574.104065 2.303363 -1.329105
354.344116 224.242279 2.481230 -3.199341
355.324402 485.125061 2.337386 -1.525807
356.395447 178.557098 2.425035 -0.227041
356.759186 465.423523 2.742151 -1.396537
356.759186 465.423523 2.742151 -4.229704
358.534912 100.324379 2.440449 0.084504
358.534912 100.324379 2.440449 -3.302798
366.420013 493.055634 2.472000 -1.523260
367.296661 267.598969 2.305043 0.147198
367.296661 267.598969 2.305043 -3.282921
367.965546 89.324501 2.554731 -2.713862
367.769287 172.438919 2.575321 -3.165016
367.882446 249.504898 2.387621 -2.781866
368.618896 178.995789 2.444766 -2.992304
369.680695 50.255016 2.417727 0.204206
371.438232 346.624725 2.880988 -0.359952
371.544159 588.019104 2.671882 0.786014
371.544159 588.019104 2.671882 -1.748310
373.431061 110.428474 2.730952 -2.713361
373.743439 264.566071 2.435419 0.117382
391.230225 562.801636 2.296041 -2.771414
393.008423 121.894920 2.706851 -2.831823
392.964172 219.842133 2.606842 0.552902
392.964172 219.842133 2.606842 -2.742080
393.435547 438.336060 2.906694 -1.746285
393.507568 474.797821 2.471828 -1.101596
396.597015 309.461945 2.539361 0.087782
396.597015 309.461945 2.539361 -3.374769
399.226868 139.701126 2.392662 -1.190507
403.820312 115.475426 2.765753 0.394110
408.128326 332.448273 2.671395 -4.650852
408.454773 130.298065 2.345092 -3.447249
415.944641 574.508423 2.656286 -2.090242
417.898926 463.038544 2.620205 -4.501740
424.360413 526.503174 2.524133 1.413593
424.360413 526.503174 2.524133 -1.572847
424.445007 547.609985 2.532112 -1.128913
433.005798 448.294891 2.292569 1.546771
433.964722 132.609482 2.313475 0.575913
435.693146 500.423767 2.424436 1.141956
436.438171 176.731750 2.321575 -3.896291
438.560333 260.133362 2.132945 0.166288
439.955322 354.671539 2.532427 1.503717
439.955322 354.671539 2.532427 -1.553861
447.446289 370.088013 2.742366 -1.711771
447.636383 323.062897 2.785172 0.209872
450.900085 286.623718 2.839010 -3.073964
451.643890 597.820068 2.629032 -0.765349
452.994385 156.490845 2.724849 -1.637630
453.464355 10.411288 2.716597 -0.706215
453.647156 192.142059 2.270060 0.991151
453.647156 192.142059 2.270060 -1.909362
453.647156 192.142059 2.270060 -3.757421
458.554321 289.748108 2.551902 -3.092500
459.193115 586.390808 2.642820 -1.326829
460.469818 44.226433 2.439268 -1.280408
462.354523 423.945892 2.513876 -0.643045
462.460876 486.901154 2.684883 -1.503263
462.846436 170.181396 2.328628 -3.516919
465.865112 57.708443 2.748926 -1.850602
469.920685 70.520874 2.587511 -4.161897
472.090485 34.453957 2.614233 -1.292182
475.320770 161.534332 2.222205 -1.587591
11.093817 106.687355 3.339924 -0.256796
11.099564 456.173126 3.030264 -4.390418
14.810091 128.567413 3.126389 0.930639
19.270267 302.942139 2.940167 1.313102
19.963076 172.732681 3.069962 -3.396437
33.483910 143.279282 3.126625 -1.191532
33.483910 143.279282 3.126625 -4.429040
37.047569 522.632141 2.997927 1.143581
37.047569 522.632141 2.997927 -3.311639
40.419403 387.272858 3.045553 -1.187260
55.352413 308.961578 2.949877 -3.598758
63.706261 475.172150 3.194160 -1.616305
65.261246 417.635956 3.420368 1.282775
65.261246 417.635956 3.420368 -1.594365
64.469696 539.383423 3.680874 1.428081
73.808311 276.569427 3.597316 0.480989
75.590683 475.516357 2.973388 -1.598035
80.047173 24.100912 2.926390 -1.141016
87.514000 218.104050 3.571996 -1.445015
89.833389 28.698132 3.350685 0.443587
92.890686 170.223038 2.779882 0.801400
96.095100 555.276855 3.275035 -1.599026
100.132706 288.675842 3.076022 -0.431180
100.132706 288.675842 3.076022 -2.963418
106.020897 259.699768 2.917996 0.254232
106.020897 259.699768 2.917996 -4.710073
106.077736 303.159882 3.065193 1.086033
106.077736 303.159882 3.065193 -1.362881
107.200256 92.281487 3.558262 -2.918670
107.200256 92.281487 3.558262 -3.745366
110.397484 391.406769 3.083356 -1.514219
110.397484 391.406769 3.083356 -4.582937
116.054741 114.287491 3.043214 0.301005
116.054741 114.287491 3.043214 -2.296884
124.901466 427.814758 2.999856 -1.333713
127.219337 285.728699 2.871074 1.002047
132.400696 578.003296 3.655995 1.323322
132.400696 578.003296 3.655995 -0.404657
132.400696 578.003296 3.655995 -4.109677
133.691940 97.260597 3.005028 0.270080
136.169861 441.696320 3.071595 1.558827
138.861145 514.870178 3.404320 -2.049202
147.698761 294.261658 2.811631 1.370575
153.409729 432.871490 3.218307 -1.341456
166.220657 251.960175 3.034047 -2.535402
175.412048 64.425842 3.373693 -2.102125
175.668900 214.797760 3.125543 -1.715967
180.768188 124.581573 3.454694 -2.123788
184.168076 132.871078 3.106435 -2.114433
183.834473 360.415863 3.381849 1.565924
183.834473 360.415863 3.381849 -3.225824
186.642517 316.961792 3.108959 -0.049374
192.719604 89.584526 3.001560 0.703177
193.015320 476.100037 3.123805 -1.665340
193.829651 208.366196 3.143952 -1.623823
194.693085 53.751358 3.252771 -2.416637
194.815231 390.448944 3.316738 1.357912
195.410126 7.540592 3.285902 -3.649191
195.580444 319.162659 3.642521 -0.047747
196.865112 625.253174 3.078304 -3.005667
197.910751 63.586227 3.416929 -1.834948
198.694061 167.582123 3.407833 0.921911
199.212952 102.382530 2.942200 1.492010
199.780960 93.432915 3.008793 0.696467
203.674393 71.573547 3.070176 -1.763382
203.013138 282.922089 3.367163 0.046724
203.217651 297.104523 3.285558 0.055266
203.217651 297.104523 3.285558 -3.316350
205.611252 436.108185 2.988477 -1.294612
215.861038 507.804352 3.363785 1.508961
218.194153 260.536957 3.650950 0.813557
219.414932 62.382355 3.192340 -4.669688
219.245239 394.991302 3.079882 1.528725
221.186172 165.078659 2.941458 -2.441445
222.646851 326.748169 3.226135 -3.498165
228.034409 242.957977 3.550611 -1.308533
232.508347 497.053314 3.110269 1.443731
232.508347 497.053314 3.110269 -1.665406
232.516586 178.199509 2.935793 -2.677682
238.599838 22.126089 3.328659 -0.670704
240.029358 400.167145 3.083006 1.383631
243.823074 427.742126 2.995745 -1.076929
245.649673 7.667779 3.509958 1.475263
245.649673 7.667779 3.509958 -2.041181
246.199356 368.458435 2.908685 -1.809331
246.199356 368.458435 2.908685 -4.667221
246.932861 132.356293 3.254390 0.979802
249.070267 552.257751 2.899787 -1.715362
253.344925 402.050446 3.348385 -4.696191
256.128479 123.278862 3.084777 0.962767
259.860321 566.042419 2.943813 -1.510709
266.216553 107.460297 3.540816 -0.801634
268.826385 313.591095 3.495928 -2.483136
270.439240 206.695236 3.355014 -1.025431
275.846649 159.109283 2.962584 0.649182
275.846649 159.109283 2.962584 -3.067850
275.818359 173.199539 3.249818 -1.279185
280.982117 190.466614 3.183559 -4.101527
295.038147 607.506897 3.095286 0.983203
295.038147 607.506897 3.095286 -1.536124
296.841156 55.462299 3.214596 0.538380
297.197723 192.606934 3.379877 -4.577312
298.462128 381.647430 2.891470 1.528277
302.528687 134.753906 3.558125 -0.877336
311.489960 196.424622 3.283666 0.217391
312.013458 337.137817 2.958725 1.453137
312.405914 82.775078 3.648399 0.984270
312.405914 82.775078 3.648399 -3.640877
313.027283 105.726807 3.333674 -0.213336
312.527710 381.079895 3.031254 1.467741
317.484894 73.224083 3.115913 -0.623868
318.083557 227.112854 3.268554 -2.396761
320.717407 628.035828 2.867343 -2.506092
324.205566 130.544678 3.327931 -3.577501
324.863892 84.276016 3.161168 -3.483688
324.803802 372.276764 3.277867 1.518460
329.801483 381.435577 3.372989 -4.610263
332.852936 514.502319 3.387228 -1.154636
343.183075 379.965027 2.988563 1.516346
343.183075 379.965027 2.988563 -1.479415
358.222015 494.287689 3.448000 -1.613405
363.546234 158.604492 3.367530 -0.165321
363.546234 158.604492 3.367530 -2.767869
368.303223 171.925858 2.908660 -3.052486
370.833038 322.490784 3.097078 0.012682
378.158997 189.171646 3.328354 -3.064404
379.024963 447.338318 3.204179 -4.653873
380.829224 63.610313 3.488411 -2.937036
383.047546 49.138309 3.248759 -2.851261
382.527161 233.244476 3.006809 -0.026041
382.991272 549.015625 2.872856 -2.021764
390.275970 24.102066 3.300672 -3.167199
393.052185 447.543579 3.656398 -4.639031
394.946075 109.975006 3.510211 -2.913020
395.901947 466.458466 3.175908 -4.552339
399.177307 31.172607 3.064910 -2.383559
400.540619 549.218994 3.286577 0.064528
400.540619 549.218994 3.286577 -2.335869
405.046661 241.489487 2.834001 0.613103
405.868378 502.000610 2.966098 -1.650852
409.268188 61.270294 2.971097 0.133324
409.268188 61.270294 2.971097 -2.340538
409.573425 31.873888 2.718237 -2.615890
410.309784 606.030334 2.926483 0.391173
411.980957 53.890366 3.454298 -2.232820
413.111267 455.937073 3.035695 -4.634369
416.650604 616.967102 2.955029 -3.186387
420.278015 340.808777 3.336219 -4.415029
420.706543 6.871347 3.296124 -0.195136
420.706543 6.871347 3.296124 -2.720352
420.679077 206.154861 3.264717 -3.724925
424.856018 97.052849 3.395932 -3.492673
425.139465 218.000351 3.449485 -3.619050
426.345184 592.300293 3.104904 -2.356409
431.048096 493.510193 3.183252 -1.532576
436.529358 266.774933 3.425552 0.444566
436.658417 604.219849 2.874852 0.933177
436.658417 604.219849 2.874852 -1.746020
442.737427 41.698616 2.974660 0.848824
446.169739 49.982788 2.904668 0.744816
446.169739 49.982788 2.904668 -1.477746
445.882568 102.952492 3.119412 -1.323298
447.934814 618.235474 3.401410 1.014968
447.934814 618.235474 3.401410 -1.969986
450.592255 492.896301 2.832907 -1.487537
454.376434 456.563751 3.535059 1.536241
455.069458 174.165207 3.292980 1.042896
455.069458 174.165207 3.292980 -1.937099
455.069458 174.165207 3.292980 -3.289711
456.530182 200.842346 2.980046 -2.092461
466.224365 351.001526 3.042032 1.525380
11.187559 444.996490 3.696572 -4.594761
20.443895 371.998566 4.108812 1.298626
20.443895 371.998566 4.108812 -1.129550
22.641613 193.035034 4.260696 -1.316494
22.641613 193.035034 4.260696 -3.213879
29.807154 11.188190 3.930256 -1.418853
35.035206 132.060257 4.137712 -4.303346
37.910458 606.388977 3.963773 -1.721616
42.023209 534.841736 3.831052 1.352545
50.285061 560.573059 4.022259 -4.039754
53.790482 62.889656 3.710608 -4.444151
59.429878 339.542633 3.865494 -3.290945
72.870377 276.978790 3.982048 0.380765
75.606155 300.731903 3.682926 -0.146993
86.756355 89.501839 4.026707 -0.152966
86.756355 89.501839 4.026707 -4.308393
94.518517 412.680542 3.808607 -1.113407
97.643990 320.896973 4.136425 1.139322
107.191978 8.964628 4.151993 0.070933
110.604485 292.844238 3.954004 0.525133
111.163040 311.846069 4.113911 -0.402253
117.640083 22.487154 3.884186 -0.322679
117.640083 22.487154 3.884186 -0.776178
124.454765 361.942810 4.311775 1.476749
125.571014 514.291321 4.535564 -1.626929
124.844986 542.731140 3.867653 -1.105561
128.067352 524.985901 3.758904 -1.624417
134.193207 322.930908 4.498778 -0.115406
135.445465 372.075745 4.699142 -4.701804
140.006210 359.962311 3.835359 1.464373
149.841934 182.989899 4.024627 0.812724
149.841934 182.989899 4.024627 -1.987465
149.994095 260.740540 3.706585 -0.854759
151.172623 148.257553 3.661555 -0.512388
154.372543 544.610046 3.796583 -1.335628
157.431046 125.501831 3.643387 -0.350666
157.948303 230.884384 4.392849 -4.087059
166.932159 91.434311 3.611373 -3.790680
166.932159 91.434311 3.611373 -4.520335
176.228897 100.580429 4.323025 -2.626884
176.228897 100.580429 4.323025 -4.684463
181.392288 246.123184 4.447046 -3.057859
180.924713 452.489410 3.524799 -4.652800
183.916626 302.703522 3.945078 0.395770
185.124100 625.156433 3.606100 1.408473
185.124100 625.156433 3.606100 -2.213569
186.702209 47.867584 3.957773 -2.481955
191.298447 99.905907 4.046068 -3.025444
193.765244 442.188232 4.728076 -1.433415
193.765244 442.188232 4.728076 -4.699590
195.593719 319.235443 3.645860 -0.054596
196.110657 343.994080 4.017029 0.975200
194.642975 475.211670 4.010303 -1.678778
197.679169 485.732086 3.566673 -1.635287
200.726486 112.592361 4.366114 -2.163381
209.303741 347.403961 4.433119 0.772054
209.303741 347.403961 4.433119 -3.349630
211.460022 20.241758 4.170707 -1.621817
213.727325 238.900894 4.131784 -1.467329
218.385895 260.769165 3.601968 1.025426
217.976212 376.934692 3.782946 -4.517089
227.812592 243.633881 3.788788 -1.265029
227.970627 487.034912 3.990064 -1.495213
229.645370 316.449158 4.106892 -3.126084
252.185226 166.569412 3.656278 -1.075617
254.376495 7.687222 4.065978 0.483530
255.866272 186.522873 4.331872 -0.523295
255.866272 186.522873 4.331872 -4.089028
260.958313 488.973328 3.948933 -1.610098
274.378265 12.753675 3.869420 -1.371888
277.864105 570.991150 4.664112 -1.467301
278.587555 83.992844 4.130889 -4.245479
287.730927 155.071396 3.432664 0.928454
290.511627 373.999969 3.755166 1.412625
293.445618 44.008953 4.257285 -0.013167
292.279938 597.282471 3.827857 0.934334
295.739746 204.106995 4.885263 -1.327189
295.739746 204.106995 4.885263 -4.550028
303.686707 74.100487 4.398423 1.082799
303.686707 74.100487 4.398423 -1.336795
310.967651 582.807434 4.126111 -1.704192
317.062347 180.318939 4.013983 -0.892607
319.181427 497.877411 4.159832 -1.316277
329.729797 272.795471 4.473824 -3.003410
331.680878 122.749016 4.566657 -3.579814
333.524109 201.429413 4.276847 -3.352899
334.185730 498.231537 3.891906 -1.706733
337.116058 244.905167 3.748234 -2.950925
338.622772 607.858276 4.102566 -1.938533
342.158508 184.563858 4.430259 -3.140107
351.742523 371.431763 4.566541 1.561882
352.353516 25.254251 3.937823 -0.083565
352.353516 25.254251 3.937823 -2.967631
358.766907 494.243866 3.496994 -1.625541
359.768066 605.978760 4.431705 0.408580
367.167480 104.479790 3.696479 -2.883409
367.776642 120.021080 3.980227 -3.065205
380.817108 190.831131 4.375088 -2.982842
381.977936 382.673462 3.669702 -4.671225
385.772125 357.675842 4.571928 1.435836
385.772125 357.675842 4.571928 -1.226852
387.567780 155.184372 4.023261 -2.726845
393.242126 447.579285 3.702638 -4.618644
394.192810 331.264313 4.228702 -4.703712
394.343628 381.698730 4.188005 1.525883
399.325745 606.418701 4.229441 1.347520
400.807281 206.199997 3.673043 -2.680306
402.250031 286.861267 4.470096 0.475811
404.243225 370.401062 4.242495 1.431291
405.000427 629.291443 3.845575 -1.761881
425.501862 311.005035 3.981582 -3.045636
426.097076 108.852264 4.117501 0.587430
432.635834 52.964760 4.186852 -0.386238
433.677643 465.804596 3.757091 -4.300362
438.090607 547.652466 3.495222 -1.900931
446.307556 61.236153 4.136461 -1.409875
447.251892 482.278137 4.443871 -1.504697
447.251556 618.769104 3.616586 -1.833820
449.686707 574.309265 4.626530 0.202819
449.686707 574.309265 4.626530 -1.214896
449.686707 574.309265 4.626530 -4.496665
454.207367 456.993988 3.664339 1.534960
454.962524 527.608276 4.323513 -1.372924
460.078918 61.731106 4.222012 -1.629813
463.690338 133.926270 3.757567 -2.004680
467.622314 457.291779 4.004373 -4.638255
10.251703 267.475220 5.584280 -2.056731
12.168096 361.983643 4.634442 0.397930
13.401724 158.391968 5.229227 -3.834566
14.182353 530.974182 4.679231 -4.022367
34.464626 109.554008 4.626378 -2.388605
37.897369 325.133453 5.091540 -3.252870
43.794662 370.296356 4.484200 -4.547293
53.776295 50.608292 5.032594 -4.523145
59.726738 373.036285 5.290461 -3.419162
61.327000 328.418579 5.308263 -3.470165
71.716194 341.690033 4.882501 1.373743
71.716194 341.690033 4.882501 -3.704484
74.190796 180.297775 5.284201 -1.350281
75.913765 214.955551 5.434647 -1.632567
74.492226 369.300323 4.736048 1.358125
86.382423 353.816956 4.749781 -4.703988
86.380600 485.626770 4.824741 -1.615289
91.293564 299.512787 5.417291 -0.653630
91.293564 299.512787 5.417291 -2.617351
105.385788 621.410156 4.816509 -4.000051
111.440239 351.894958 5.084791 1.502523
113.237564 421.350067 4.848675 -1.067991
119.174339 616.690674 5.387369 -4.025318
123.682426 298.691925 4.713918 0.514128
123.041237 603.271851 4.583475 -0.435223
123.041237 603.271851 4.583475 -4.112811
124.757904 58.995914 5.257824 -0.590507
124.102829 471.271912 4.731408 -1.304700
134.708878 199.446045 4.730842 -1.257239
144.095993 233.926910 5.253649 -0.575180
146.373138 393.671692 4.640241 -4.489966
162.010834 424.926636 5.191381 -1.484168
170.665176 621.325378 5.203009 0.440002
179.397095 473.889343 4.302825 -1.568822
200.750900 153.341644 5.284163 0.919936
203.426041 208.919449 5.376867 -1.806033
209.533264 55.032818 5.597542 -3.023519
209.589493 497.334259 4.754578 -1.433279
228.489105 593.150330 4.920478 -1.804248
235.473618 81.942001 5.835380 -2.682346
253.358871 288.042053 5.527462 -0.079997
258.860931 429.336884 5.420228 -1.491050
266.702698 267.854767 5.162467 0.287825
270.111969 221.902145 4.734731 -0.217735
273.690521 97.211121 4.971412 -0.247180
273.690521 97.211121 4.971412 -4.318885
273.041992 127.600182 5.006559 -3.756163
279.230804 147.852737 4.630342 1.027334
279.230804 147.852737 4.630342 -3.514119
283.688721 212.989365 4.920533 -1.247589
286.592987 164.567413 5.745721 -1.240624
285.136749 287.950073 5.373007 -1.820830
295.258789 274.158478 5.063143 -3.842846
297.680511 58.812431 5.148369 0.304649
298.446106 93.647720 4.850470 0.960286
298.446106 93.647720 4.850470 -1.535160
301.856140 74.179703 4.961704 1.076309
301.856140 74.179703 4.961704 -1.251905
300.042816 108.515717 5.383932 0.981698
300.042816 108.515717 5.383932 -1.541905
302.240631 36.041508 4.441543 0.000962
302.391022 429.941833 4.822925 -1.611692
311.937439 288.257019 5.104634 -1.316578
311.937439 288.257019 5.104634 -3.127032
329.353241 292.921570 4.659963 -2.936589
331.648804 313.828766 4.783833 -3.063191
332.011993 562.372986 5.590146 -1.447074
335.823853 56.914570 4.878659 -0.176064
335.823853 56.914570 4.878659 -3.253422
335.278259 629.362915 4.945839 -0.753234
345.409546 509.178986 5.241240 -1.490294
346.262451 321.056549 4.572243 -3.518689
350.328186 344.504547 4.787844 -2.673589
350.328186 344.504547 4.787844 -4.643767
350.128448 434.771393 5.101310 -1.629521
355.931610 201.868393 5.872205 -3.076874
364.381989 147.218857 4.548245 -0.097124
364.381989 147.218857 4.548245 -3.273579
364.158813 536.939270 4.974020 0.038508
371.998505 370.718597 5.082039 1.540839
371.836487 458.504700 5.219695 -4.701100
375.323090 505.899963 4.762156 -2.711659
378.582184 29.045559 4.511075 0.084724
383.387177 343.971375 5.235089 1.550871
392.931641 493.489777 6.229845 -1.696335
402.303467 20.159237 4.618905 -2.713352
405.381073 542.325012 6.033725 -2.221792
416.394684 603.274536 4.907370 -2.688445
420.923767 168.467041 4.953368 0.336760
420.923767 168.467041 4.953368 -3.343904
425.311279 92.415115 4.945015 0.254717
425.311279 92.415115 4.945015 -3.447577
427.367096 368.521362 4.656712 1.479395
447.668457 32.893066 5.464613 -1.197045
448.028931 382.633087 4.615024 1.474859
456.118073 85.128662 5.262795 -1.128517
468.268982 32.375938 5.333261 -0.141120
468.268982 32.375938 5.333261 -1.311064
470.217896 208.450073 4.557800 1.398104
471.023224 91.029205 4.931522 -1.262982
16.864544 211.168457 6.788621 -1.377112
19.570593 140.008728 6.315741 -1.597550
24.517225 97.393608 6.553656 -4.195530
30.717554 477.168030 5.953289 -1.810562
88.247437 158.402191 5.573198 0.431368
88.367546 610.986389 6.188879 -3.994044
113.122444 39.925014 6.537376 0.032104
115.683510 376.936798 6.373837 -4.371069
141.554886 125.735199 6.263794 -0.431543
144.837708 164.845718 6.957390 -0.195834
165.316177 163.551163 7.014011 -2.572671
169.637787 392.451172 6.899738 -4.597029
177.872437 144.779785 6.731747 -2.413406
177.872437 144.779785 6.731747 -3.333435
179.466125 324.787079 6.481654 -0.268848
179.466125 324.787079 6.481654 -2.779611
195.379395 79.244347 6.024230 1.522426
193.897568 194.506241 6.169713 -1.651304
198.067963 33.822598 6.348235 -2.971900
217.335556 282.893921 6.568843 0.329606
227.706070 620.801575 6.983115 1.503486
236.408966 190.382812 7.020420 -0.199844
236.408966 190.382812 7.020420 -2.660682
243.855713 167.355896 6.644724 -0.971755
255.031891 505.938812 6.332579 -1.795563
280.952698 360.497467 6.629909 1.461924
289.254974 22.368673 6.672727 -0.113762
314.761871 125.943840 7.072249 -3.585911
316.088989 320.814636 6.014029 -2.156185
332.411072 204.977844 7.237288 -2.998289
366.749054 255.138504 6.464613 -3.046726
367.409515 352.677460 7.116121 1.558232
373.907227 483.143677 5.845143 -1.672537
382.479828 396.990631 6.233480 -4.712200
426.572510 255.636276 6.903370 -2.265288
430.387756 336.475220 6.864689 1.537893
450.415039 395.729004 5.861598 -4.679155
19.060863 414.440033 7.691462 1.353982
21.535685 159.610718 7.638258 -1.715247
21.535685 159.610718 7.638258 -3.530252
26.323278 497.196625 9.142112 -1.800621
59.446991 359.898682 8.197297 -4.137855
103.411285 601.269043 8.522856 -3.995985
162.576599 249.042068 7.907149 -0.801800
170.110046 80.830467 8.371618 -2.437191
170.110046 80.830467 8.371618 -3.907588
181.070312 45.504749 7.513472 -2.634363
179.918030 177.221390 7.412459 0.613532
179.918030 177.221390 7.412459 -2.498649
237.744812 340.774902 8.542638 -3.190338
237.744812 340.774902 8.542638 -4.591723
299.185516 185.083115 7.367387 -1.020001
346.828400 164.744232 7.937435 -3.179937
372.590607 426.284912 7.483313 -1.613315
378.723511 45.831448 8.454301 -2.747345
383.235809 163.859879 8.355122 -2.829006
397.069397 65.151154 8.472153 -2.796961
18.089474 324.957611 10.463673 -0.747275
18.089474 324.957611 10.463673 -3.410163
44.055820 119.829254 10.354993 -3.792738
119.880547 81.843262 9.741634 -0.342068
134.601776 464.478943 10.291054 -1.332344
149.868851 100.057945 11.284277 -0.412643
153.425262 315.769196 10.259744 -0.024164
177.823364 338.073303 10.889811 -2.462749
177.823364 338.073303 10.889811 -4.636283
178.853180 467.076752 10.883782 -1.623793
187.825378 147.260147 11.133011 -2.590360
195.650742 598.494629 10.624044 -3.601354
207.875076 529.026855 10.347749 -1.825213
229.838898 467.131775 11.323659 -1.436575
258.478607 147.272552 8.938568 1.080954
258.478607 147.272552 8.938568 -0.946551
258.478607 147.272552 8.938568 -3.965349
282.890839 35.922256 10.721306 -0.095660
285.374634 138.532150 9.280451 0.826296
297.403168 262.062805 10.258776 -1.584621
386.106445 127.605179 10.062151 -2.841138
433.267395 447.408600 7.568504 -4.563216
448.634705 519.596191 9.904059 -1.501572
138.518829 271.432098 12.659977 -0.458902
168.323380 540.528748 12.643570 -1.700542
313.544128 163.423355 13.260913 -0.946167
313.544128 163.423355 13.260913 -3.197270
337.161652 472.564270 14.070210 -1.484048
237.620941 109.357330 16.975750 0.839119
423.880402 34.719242 15.326548 -0.840517
423.880402 34.719242 15.326548 -2.537947
225.045120 239.263306 25.585045 -1.376569
262.581390 343.942352 25.062172 1.552861
66.499474 531.165588 31.069513 -4.015956
73.622276 63.689312 32.491997 -0.360487
241.310760 54.449123 34.518600 -2.829599
132.244110 416.458191 39.194824 1.537829
