4.719601 252.817856 2.130173 -2.709240
5.893602 474.692841 1.887572 -1.339418
7.500650 424.412628 1.825619 -2.840384
8.071358 381.126007 1.935509 -2.027510
9.790687 314.872894 1.891822 -3.117668
13.118017 143.922318 1.937848 -2.109157
13.216887 427.174255 1.844755 -4.329144
15.644446 231.601257 2.185601 -3.069734
18.490902 97.251694 1.777973 0.626478
18.638905 620.658752 2.194963 -1.377972
21.175270 576.879639 1.775718 -2.271820
22.633999 21.477865 2.168887 -0.565907
24.360775 308.001007 2.193530 -0.039967
24.360775 308.001007 2.193530 -3.630700
23.658756 327.617889 1.937468 -0.208363
25.060499 487.775818 1.985676 -1.484840
26.141861 278.904541 1.860418 1.505217
32.821102 358.264740 2.112558 -0.219316
32.821102 358.264740 2.112558 -1.414576
32.836269 545.805725 2.119783 1.445786
34.810131 126.476128 1.793394 -2.355492
34.900127 315.428284 2.049659 0.078369
36.263237 631.926392 1.872942 0.641749
39.199097 200.518707 2.070746 0.282127
39.841908 120.785027 1.869265 -1.736015
39.601006 318.063934 1.762051 0.069029
41.312672 150.130157 1.856619 -1.644171
47.293159 27.656908 1.795325 1.029750
48.865017 126.398872 1.985137 -3.506979
48.811714 193.810928 2.234306 -0.808307
48.900661 382.581482 2.055804 -1.458870
49.568645 580.485413 1.882529 0.472804
54.140816 125.181320 1.936675 -0.881488
54.140816 125.181320 1.936675 -3.588109
54.919960 113.196136 1.951231 -3.376940
58.297417 452.789703 2.050612 -1.061051
58.297417 452.789703 2.050612 -4.484562
58.560581 464.312592 2.130592 -4.370924
59.427090 121.723907 2.068579 -0.901851
61.216019 496.232544 1.834015 -1.040578
61.710026 7.897476 1.862223 0.907746
61.710026 7.897476 1.862223 -4.339682
61.934586 501.369965 1.977164 -1.094196
63.552391 145.752472 2.067053 0.360018
63.552391 145.752472 2.067053 -1.183320
63.552391 145.752472 2.067053 -3.180417
66.931839 333.706879 2.035218 -2.438067
68.510590 321.103943 1.881464 0.823018
69.476524 604.185120 2.024723 0.850574
72.932358 4.220039 1.963916 -0.328011
72.602295 27.640285 2.005376 0.654906
72.602295 27.640285 2.005376 -4.074635
72.580429 337.277313 2.332346 -0.009801
73.752838 478.909515 2.107253 1.542242
78.388344 77.302155 2.025954 -2.439135
78.388344 77.302155 2.025954 -4.031735
78.729523 616.522095 1.816938 1.292088
83.316696 285.654724 1.785070 -4.427835
86.090530 26.255445 2.066018 1.234333
87.158447 428.874176 2.022551 -0.082653
87.158447 428.874176 2.022551 -2.956393
89.173904 365.528931 2.143648 -0.147455
89.843582 42.067871 2.019561 0.833019
90.555069 460.275177 2.235947 -1.871294
92.162773 438.189026 1.976883 -2.994154
92.249275 448.051666 1.990474 -3.042426
92.867188 529.194458 2.076817 0.876906
92.867188 529.194458 2.076817 -1.449963
94.055908 151.874313 2.073179 -0.596463
100.758263 629.160034 1.987617 -1.892307
102.155846 401.618958 1.759792 -1.612325
103.465622 239.339630 2.272646 0.078928
103.130051 636.216125 1.789969 -1.694487
106.527100 442.375214 2.193775 -1.374024
105.894928 462.231720 1.841316 -0.113758
106.796852 504.332886 1.841326 -2.029696
112.205330 84.319733 1.846879 -4.644132
112.011993 515.349182 1.848320 -1.306923
115.838791 35.167244 1.752393 -4.217416
115.572021 250.814774 2.060235 -4.467552
116.307396 452.087280 1.819460 -3.367165
117.222282 474.081329 2.212680 -4.537491
119.757164 438.669800 1.844447 -2.004089
120.202873 109.003075 1.818521 -3.370166
121.543365 479.948181 1.909289 -1.896523
122.186836 74.764534 2.027386 1.387419
122.539207 142.070801 2.221831 -1.634351
122.647461 474.110260 2.018058 -4.638188
126.925842 181.781113 1.923659 -1.343238
126.985878 545.972656 2.221387 0.617148
128.776428 347.772217 1.989637 -3.238088
128.535980 355.719025 1.924961 -3.226316
130.735992 288.192871 1.901782 1.378034
132.014694 361.031219 1.944651 -3.220463
133.077667 310.063721 1.797580 -2.891276
133.846725 585.513062 2.032930 -1.604337
133.794388 256.379822 2.511006 -1.436272
136.236252 459.545654 2.043332 0.935814
137.447189 57.504715 1.795687 -3.481663
137.065308 241.502625 1.982170 -2.780124
136.886154 451.219330 1.902744 -1.171759
138.096970 407.172821 2.164779 1.538045
140.439224 287.748413 1.945626 1.465897
142.430252 299.879364 1.766519 0.444524
145.146378 381.919922 2.174787 -0.134671
145.146378 381.919922 2.174787 -3.326018
145.731003 535.076538 2.005894 0.868596
147.878647 296.055817 1.901213 0.437978
147.878647 296.055817 1.901213 -1.973327
151.049393 470.054108 1.831328 -1.579356
151.211838 554.016052 1.877247 -1.690944
152.227356 180.689575 2.320697 -1.532665
153.161713 99.688820 1.923932 -1.772100
154.647675 252.225891 2.011517 -2.551554
162.047256 104.602531 1.753991 0.356582
162.872070 500.814240 2.218922 0.692930
164.692886 369.343414 1.929970 -4.680049
165.484818 172.500656 2.354687 -1.486959
165.737152 535.346802 2.679787 1.134717
165.737152 535.346802 2.679787 -2.832307
167.576385 614.174438 1.705479 -0.769467
170.803024 126.101814 1.902547 1.539733
172.876389 332.526306 1.739638 1.068156
172.950378 399.564484 1.851225 -2.559946
173.563889 327.447388 1.996033 1.023810
176.370758 481.519196 2.048867 -2.108668
175.852097 509.547791 1.907725 1.326752
188.202911 134.264877 1.833826 -1.474634
190.046219 106.275963 1.982244 -4.510179
193.540817 194.846466 1.723884 1.513663
194.783630 335.171448 2.056571 -1.387361
195.956726 258.695343 1.894752 1.514389
195.533890 463.389130 1.874382 1.515357
196.150177 623.246582 1.994250 -1.552901
197.711975 109.839233 1.817418 -4.099303
198.396210 615.628235 2.140378 -2.093858
204.881210 233.940048 1.977351 0.602312
204.881210 233.940048 1.977351 -0.271349
204.881210 233.940048 1.977351 -2.339200
207.416275 130.939011 1.720510 -2.671778
211.081329 206.850235 2.063624 -0.176075
213.362640 458.210144 2.008097 1.538052
212.613785 559.276489 1.932191 -1.947937
214.215179 463.121368 1.870656 1.500152
215.988800 531.802368 2.008145 -3.605500
216.660706 553.043335 2.029377 -1.728521
216.660706 553.043335 2.029377 -4.174037
217.647079 324.587067 2.034848 -1.591213
225.933243 324.659515 2.188123 -2.956295
230.695496 90.243454 2.098177 0.495731
230.853394 347.617249 1.896698 -3.247101
231.856400 146.309280 1.877355 -2.926566
232.221527 292.964569 1.785321 -2.033563
233.061829 74.441528 1.839914 -3.713255
232.911942 233.826263 1.970871 0.095874
240.307617 341.849609 2.008317 1.570580
240.307617 341.849609 2.008317 -3.435513
241.950150 105.534393 2.057424 -1.957932
241.072861 122.530464 1.834644 -0.668149
242.248596 390.050537 2.110716 -4.607727
244.550537 182.774841 2.055401 1.484835
244.550537 182.774841 2.055401 -2.047480
244.481018 287.492401 2.236048 1.557575
243.490540 304.821564 2.285582 -1.971238
245.259003 356.198700 1.970402 -1.431070
245.187042 364.765137 2.031360 -3.142282
245.022156 372.252930 1.865970 -3.130904
245.373520 576.297791 2.283124 -2.054024
245.373520 576.297791 2.283124 -3.734271
245.718323 109.576500 2.099351 1.376072
248.419678 341.702972 2.107588 1.463598
249.184097 172.157059 1.919497 -1.868384
248.612137 387.157806 1.882403 -4.670296
249.681854 28.697811 1.903634 -3.522436
253.696213 231.944656 2.013140 -3.225294
253.749649 356.229523 1.995058 -0.321856
253.749649 356.229523 1.995058 -1.240440
254.044266 364.520416 1.878099 -0.104768
254.995850 26.464947 2.234697 -3.564719
258.443756 301.617523 2.459261 -1.565971
260.628693 183.100800 1.803458 -1.678031
262.777435 389.302307 2.200124 1.486125
262.881531 624.442932 2.008537 -1.058748
265.912384 95.408089 2.159263 -1.761243
266.429108 402.721680 2.102883 -3.647913
266.173767 489.172363 2.062385 -1.865910
268.165771 286.847595 1.874070 1.492432
270.529236 61.835102 1.739640 -3.667289
277.104492 248.502472 2.313533 -1.773026
277.331116 389.870850 1.971292 1.251868
277.331116 389.870850 1.971292 -1.357507
283.106812 224.224442 1.972082 0.233753
282.952209 377.303650 1.833778 0.006908
283.661133 152.381363 2.021991 0.952465
288.355865 246.324097 1.970729 0.009328
289.375641 318.099365 2.183253 -0.417630
289.172791 517.071228 2.244797 -4.623813
290.090637 617.129211 1.844696 -2.884027
291.472839 17.579603 2.253997 -0.629064
290.941376 324.607880 2.042925 -0.175446
292.927246 67.116631 1.972158 -0.930242
294.151611 297.692352 2.019525 -0.774358
294.151611 297.692352 2.019525 -4.300006
295.322510 144.737152 2.062353 -1.892680
299.482727 528.505798 1.831944 -3.679420
302.461029 164.184906 2.069740 -1.615185
302.461029 164.184906 2.069740 -4.497153
302.866699 386.103516 1.915416 -1.356279
308.079926 294.730743 1.905038 0.905852
309.997986 99.158073 1.936895 -2.471256
310.872284 39.692394 1.781043 -0.899618
313.848663 45.716408 1.850836 -1.306236
313.848663 45.716408 1.850836 -4.594058
316.065826 368.036224 1.882654 -1.737311
316.065826 368.036224 1.882654 -3.162802
316.745117 331.793365 2.219603 1.122671
317.321899 355.124878 1.880926 -2.526902
319.747894 233.298630 1.894295 -3.168195
322.436249 81.926842 2.058214 -1.104436
322.154358 569.050049 2.036114 -3.541915
323.356445 163.581192 2.218625 -4.687021
326.510162 147.717239 1.920365 -2.449664
326.510162 147.717239 1.920365 -3.804333
327.096924 262.206329 1.896649 -1.673694
327.096924 262.206329 1.896649 -3.638778
327.470520 541.467957 2.156639 -1.762567
328.244415 219.318008 1.832557 -4.559674
329.491913 196.421051 1.930193 0.992268
329.572723 286.496155 1.920380 -4.642828
328.520721 547.144470 2.069800 -1.727050
330.920105 340.338501 2.096002 -3.080415
330.570038 593.553345 1.779279 -3.377235
332.409271 240.124985 2.026272 -0.534832
332.717529 164.209793 1.865337 -4.588142
333.371887 414.498688 2.188315 -1.400141
334.275696 146.797333 2.385171 -3.420418
336.062592 39.880440 2.012120 0.394601
336.062592 39.880440 2.012120 -1.343316
336.062592 39.880440 2.012120 -2.784369
336.126831 172.502502 2.174196 0.894509
335.945374 491.181488 2.073717 -3.560062
335.893005 593.103821 2.017407 -0.149602
337.648560 339.153351 2.217444 -3.059725
339.452454 4.251382 1.917836 -3.779072
339.908325 153.553085 2.332430 -1.206136
340.263794 12.169272 1.884717 -3.710315
339.595367 367.614929 1.742067 -1.735786
339.595367 367.614929 1.742067 -4.560111
341.460297 181.798080 2.156584 -1.846733
341.231659 240.035583 2.100343 -2.999886
341.884003 94.261459 1.871951 -0.640826
342.474945 126.012535 1.926879 -1.170734
344.754089 331.983704 2.085988 -3.513126
349.554810 431.799347 2.080986 -1.555184
349.554810 431.799347 2.080986 -4.708815
349.019897 457.067322 1.996137 1.478500
349.275543 510.007477 2.014041 -3.796621
350.087158 194.230042 1.895466 -4.685314
349.416290 286.487549 2.005748 -4.702401
353.055603 94.855614 2.106779 -0.749041
353.551514 357.602051 2.163014 0.045355
353.551514 357.602051 2.163014 -3.880859
354.258301 119.914185 2.192478 -4.039029
353.692047 339.035461 2.096172 -0.014379
354.462311 633.651123 1.884978 -0.895009
359.083405 615.655212 1.969562 -0.968763
359.083405 615.655212 1.969562 -1.629815
359.837585 85.164040 1.925791 1.132039
359.755127 156.310379 1.851229 1.153331
361.605469 117.364677 2.124184 -4.066474
361.197723 456.842651 1.996101 1.436800
361.197723 456.842651 1.996101 -1.597158
365.393890 13.350044 2.002527 1.496461
365.393890 13.350044 2.002527 -0.941580
364.663513 178.258789 1.834309 -1.655876
367.969849 337.914459 2.092749 0.114178
369.237305 121.285004 1.889641 -1.013715
369.542206 293.902191 1.882535 -1.028630
371.058777 145.469681 2.217970 1.079558
373.041809 10.861534 2.187714 -1.422159
373.815796 378.985413 2.131094 0.084885
376.479828 182.032516 1.908545 -1.624952
376.738678 298.969849 1.877306 -0.939677
377.336395 441.581238 2.058542 -1.864313
377.468384 598.047729 1.827297 -4.440739
381.708466 16.903503 2.204011 -1.437294
381.708466 16.903503 2.204011 -4.484897
382.360291 57.866768 1.850930 -1.475400
381.974792 296.889893 1.973089 -0.446593
383.233582 434.051239 1.864956 1.471145
384.519684 353.680206 2.023328 -3.925128
383.630127 584.178955 2.124057 -1.821205
385.251282 406.068787 2.100503 -1.286604
385.251282 406.068787 2.100503 -3.080566
386.862793 361.647217 1.941321 -1.960991
387.279968 304.467651 2.287752 -0.170281
389.858734 346.230652 2.229573 0.129844
399.890015 114.058006 2.035868 -2.408936
401.365753 558.062622 1.955261 -1.962229
403.522369 64.773026 1.797937 -4.568070
403.565369 60.097141 1.922911 -1.415160
403.565369 60.097141 1.922911 -4.525019
405.180176 591.932922 2.231269 -3.870334
407.851715 554.306335 1.992013 0.608471
407.851715 554.306335 1.992013 -1.629564
410.673828 216.135056 1.943506 -3.245557
410.992126 228.822311 1.986627 -3.096733
412.230743 57.598385 2.124663 -1.104122
412.233185 122.371796 2.123064 -1.631644
414.348785 428.194214 2.163284 -2.658098
415.164429 261.387817 1.873165 -3.025251
416.664429 20.613520 2.316984 -0.686650
416.664429 20.613520 2.316984 -3.985852
418.670227 330.910461 1.942889 -3.268015
421.280457 618.651245 2.146116 -3.818215
424.123108 25.786385 1.892139 -1.108740
425.300385 291.443298 2.005238 0.319286
429.299042 153.394348 1.946918 -4.352746
429.370178 360.644409 2.032449 -2.123475
429.725647 89.296112 1.993925 0.399073
429.842865 255.074417 2.081306 -3.213509
430.788635 185.033966 1.783916 -0.543567
431.973358 71.757881 2.013642 -1.419227
431.973358 71.757881 2.013642 -4.538808
434.294647 448.365326 2.123032 -3.677403
435.356384 337.215698 2.144911 -3.428021
434.944122 465.527588 1.870493 -4.704161
438.889679 224.387817 1.936076 -0.154837
438.945160 375.730225 1.800626 -0.497362
440.600372 16.880810 2.294003 0.244142
440.600372 16.880810 2.294003 -2.510259
441.464264 59.186932 2.164250 -2.184935
441.464264 59.186932 2.164250 -3.013316
445.166107 147.308167 1.782084 -1.134542
445.132721 637.866455 2.203560 -3.216861
445.683136 335.601562 2.173081 -3.182090
446.213898 345.489471 2.126730 -3.195978
446.458038 496.136414 1.921780 1.454566
446.458038 496.136414 1.921780 -2.171856
447.179596 353.575287 2.209003 -3.236862
447.456238 383.634125 1.879885 -4.315465
449.009094 10.984180 1.974172 -2.451245
448.649506 49.810448 1.896410 -3.928090
452.399750 23.993298 1.912162 -1.553678
452.006409 572.587769 2.281433 1.384382
452.006409 572.587769 2.281433 -1.493539
452.006409 572.587769 2.281433 -3.586880
452.926147 207.531555 1.859594 -0.772646
454.356293 47.480778 1.869277 -0.815871
454.076355 334.043365 2.540187 0.495861
454.076355 334.043365 2.540187 -2.958194
454.199524 436.737152 2.079879 -1.544670
454.661072 129.279312 2.025467 0.824227
455.071625 343.028717 1.980067 -0.140233
458.166290 250.147568 2.177359 1.258403
458.166290 250.147568 2.177359 -0.166331
458.244934 309.414581 2.212929 -1.973493
458.244934 309.414581 2.212929 -4.441772
460.439209 414.245850 1.844603 -1.648746
463.247162 237.390350 2.084172 -3.893964
462.917847 315.046631 1.904177 -0.187039
465.420074 41.026382 1.958776 1.146137
465.160461 62.863132 2.235501 -0.518338
466.177399 196.552826 2.034096 -1.917186
466.177399 196.552826 2.034096 -4.653540
467.709137 402.143402 2.306092 0.089857
468.791260 619.322937 1.870753 0.481154
468.791260 619.322937 1.870753 -1.206467
470.031158 201.193939 1.920783 -2.737780
470.031158 201.193939 1.920783 -4.645924
469.755066 453.699310 1.985271 1.201188
472.330688 467.237518 2.256462 0.870370
473.469879 403.018250 2.247444 0.022870
475.028564 212.184433 2.107186 0.314932
475.122040 227.053543 2.027388 -0.376264
476.143524 8.402655 2.189732 -0.216052
475.563660 476.907471 1.899143 0.594195
476.985016 131.949249 1.841762 0.512363
477.076080 355.886169 1.965444 -0.391712
7.737511 146.581787 2.580367 -1.935212
6.996057 201.427826 2.617154 -3.219110
7.737511 146.581787 2.580367 -1.935212
11.902519 137.905823 2.860931 -2.259241
11.950806 463.272217 2.529789 1.151900
13.227393 347.280853 2.522950 -3.185497
14.161647 338.539825 2.260092 -2.988423
15.134527 326.597473 2.792785 -3.137177
18.466946 86.984756 2.315159 -4.565525
19.112692 138.890442 2.544102 -2.444231
20.356377 245.075165 2.475640 -2.902312
24.756968 347.445587 2.277597 0.492024
24.981684 432.383026 2.416074 1.566753
25.882189 7.264438 2.419694 1.071405
25.882189 7.264438 2.419694 -0.772552
30.132174 533.177490 2.334271 -1.427901
31.126638 216.510803 2.672108 -0.127262
30.487717 352.022308 2.495471 0.459427
31.326193 204.624176 2.923481 0.173822
33.929123 325.414551 2.730614 -0.002435
33.988388 381.183411 2.626967 -1.475615
36.177559 414.915619 2.748230 0.175771
38.472294 210.708054 2.450156 -0.126659
37.974087 230.995850 2.401202 0.352501
38.158993 254.322449 2.839498 -0.733251
38.158993 254.322449 2.839498 -4.688540
45.682259 512.710205 2.733666 -1.682505
52.397137 537.715942 2.322896 -0.931789
52.397137 537.715942 2.322896 -1.746981
53.845184 251.862091 2.766281 -2.988951
54.257244 295.353607 2.475194 -1.944564
54.257244 295.353607 2.475194 -2.873140
55.265327 567.313721 2.592750 1.096608
55.903378 325.712555 2.511671 -3.049503
56.928074 552.065796 2.673535 -1.390572
63.211014 89.277382 2.750616 -0.636649
64.892410 349.433319 2.536672 0.605117
64.892410 349.433319 2.536672 -3.123930
78.296913 370.598206 2.364682 -4.619296
78.639015 237.361221 2.333073 -0.074662
80.007378 220.548660 2.633919 0.019976
83.350227 83.958038 2.354396 -2.714128
86.777626 453.866882 2.324029 -0.277450
86.777626 453.866882 2.324029 -3.003776
88.417580 537.672668 2.546109 -1.386497
91.635849 211.520493 2.416378 0.368062
91.740891 550.333313 2.385669 -0.696573
91.740891 550.333313 2.385669 -4.206227
96.740486 417.720825 2.578140 -3.044747
96.567711 498.295776 2.700743 -1.966957
98.360382 139.343613 2.625558 -1.682596
102.840187 199.662231 2.702799 0.541810
105.252777 218.328064 2.531070 0.219413
106.016518 153.063171 2.502183 -0.637388
106.582291 55.527935 2.883018 -3.364767
118.705376 384.950806 2.430804 -2.609381
121.432228 374.383606 2.896691 -2.299577
122.586006 391.285400 2.738875 -2.688781
124.090462 241.549759 2.358615 -0.677647
126.877007 513.655151 2.640278 -4.156279
133.025925 225.439102 2.752708 -1.590820
136.583817 295.404907 2.736360 -3.191776
144.238174 282.443970 2.671114 1.528663
144.238174 282.443970 2.671114 -1.659792
148.186600 572.363159 2.389306 0.808912
153.905197 228.067764 2.617549 -3.136459
153.625336 517.304749 2.637555 0.866271
155.110397 548.167236 2.467730 -0.968519
165.184280 332.554932 2.391505 0.923779
165.077194 358.273010 2.469887 -3.025202
164.820160 506.822876 2.361718 0.690090
169.557098 282.449738 2.789588 1.481392
169.557098 282.449738 2.789588 -1.494919
169.710266 486.876282 2.492961 -0.893656
170.970032 127.360771 2.341929 1.529239
173.654480 11.994372 2.409982 -4.213364
176.098724 90.328278 2.601214 1.403558
179.747589 281.770081 2.643377 -1.452388
182.795837 45.277405 2.642690 -3.956215
185.315155 257.991150 2.419997 -1.644164
185.315155 257.991150 2.419997 -3.411752
184.865082 618.970947 2.613442 -1.520795
190.419266 51.858894 2.423202 0.162852
192.524658 404.687714 2.660818 -2.329612
194.164307 288.048218 2.449695 -4.196365
195.236435 352.241241 2.710371 -1.071843
195.236435 352.241241 2.710371 -3.999773
194.950729 394.266754 2.692373 -1.474032
196.656326 557.717468 2.427521 -1.577982
201.491425 156.828796 2.792027 -0.795787
203.152145 368.044708 2.497490 -0.268787
205.311523 479.266541 2.594469 -1.782892
209.128799 553.969910 2.587079 -1.883854
211.398666 155.680893 2.485133 -3.145199
214.552551 415.205933 2.407654 -1.153857
214.552551 415.205933 2.407654 -4.316770
217.744919 294.977386 2.319183 -4.432004
217.771179 301.940491 2.326259 -4.440682
220.112930 179.055542 2.506715 -1.454105
226.004303 212.899963 2.508478 -3.087920
227.141769 381.950073 2.466104 -3.018340
232.767532 130.859772 2.558092 -1.677563
236.411652 572.088623 2.421666 -1.660910
240.645721 131.586075 2.166618 -1.599967
242.514435 281.709900 2.613935 1.570613
242.514435 281.709900 2.613935 -1.563568
244.589813 143.761948 2.644965 -1.606715
244.825211 381.680145 2.552162 -4.586318
249.724350 511.708771 2.697740 1.048246
249.724350 511.708771 2.697740 -2.281325
252.179733 475.278656 2.633627 -1.384993
253.594925 261.948029 2.390939 -0.500343
256.775208 196.808289 2.361326 -4.485053
258.546844 83.444168 2.343240 -0.243803
257.992523 95.222221 2.666188 -1.444962
257.619720 619.757812 2.289451 -1.728969
259.854950 492.101990 2.470955 -2.211646
259.854950 492.101990 2.470955 -3.699850
260.599121 537.565063 2.221478 -2.004070
262.969513 213.837936 2.381894 1.465729
263.292114 281.560760 2.670254 1.526954
263.292114 281.560760 2.670254 -1.642819
274.338409 281.595032 2.541737 1.551294
277.117157 45.588398 2.705447 -0.888004
276.234283 242.086441 2.299203 -4.223470
282.889008 362.669098 2.340956 -0.721106
295.268616 33.888943 2.439504 -3.012275
295.091858 214.831299 2.520469 -2.277868
296.457489 178.224457 2.444057 -1.655273
298.965118 293.426941 2.539466 -4.615598
302.834198 91.941505 2.859297 -1.394643
302.834198 91.941505 2.859297 -4.327988
309.833435 55.087955 2.399748 1.309433
309.535461 383.430298 2.772496 -3.381348
312.319763 23.097776 2.514423 -0.440874
313.286438 166.946777 2.743176 1.373284
313.286438 166.946777 2.743176 -2.210959
315.390533 135.355118 2.562239 -1.658246
315.390533 135.355118 2.562239 -2.958128
319.091888 287.725616 2.748106 1.562760
320.514771 463.031616 2.587162 -4.667518
323.601410 29.344805 2.695796 -2.379304
325.823334 418.706818 2.485497 -1.243875
328.212646 67.590195 2.459762 -2.223059
330.482178 360.795135 2.634088 -1.625654
333.269836 581.084229 2.334743 -0.741356
336.215393 106.773918 2.712412 -3.822514
336.514069 483.982208 2.463785 -2.123810
338.686066 373.802521 2.663648 -4.581435
339.846375 66.438957 2.686742 -0.798154
340.839600 261.271240 2.477920 -1.767135
342.357849 32.136246 2.702410 0.352804
342.357849 32.136246 2.702410 -1.890508
343.480743 106.819199 2.626421 -3.803406
345.149902 620.518860 2.326111 -0.472719
347.095825 221.625549 2.300069 -0.060059
347.664978 88.417938 2.504841 -0.734895
349.042969 477.635345 2.485242 -1.968632
353.732544 595.455627 2.600328 -4.096388
353.681763 367.082428 2.664467 -4.694725
354.038727 374.034729 2.663780 -4.624421
355.537933 113.510956 2.690973 -4.051352
355.749817 280.909027 2.870753 1.535572
355.749817 280.909027 2.870753 -1.623171
357.795624 392.819855 2.739859 -1.555314
357.935547 450.721619 2.744779 -0.169144
357.935547 450.721619 2.744779 -1.422695
359.674805 287.578491 2.724644 1.541664
360.196991 339.500031 2.480490 0.103146
360.208618 533.968201 2.677416 -3.752096
360.810913 353.048523 2.679395 0.139760
367.774994 48.902000 2.389740 -1.184477
368.352570 352.292603 2.300993 0.034828
367.740997 533.572510 2.784662 -3.771215
368.812866 236.049576 2.464107 -0.112788
372.930634 169.988190 2.642209 -1.227705
375.481506 272.872620 2.801308 -1.411524
375.361359 516.048462 2.279403 -0.141255
376.413086 137.247375 2.231346 -3.252756
376.413086 137.247375 2.231346 -4.300581
378.563904 448.874298 3.262353 -1.963764
378.130829 149.987076 2.708701 1.375623
378.130829 149.987076 2.708701 -3.465713
377.892365 434.041718 2.325946 1.324435
377.892365 434.041718 2.325946 -1.848936
377.711914 497.676575 2.462172 -0.597209
377.711914 497.676575 2.462172 -3.840710
378.911438 401.305115 2.272489 -2.711895
379.094635 559.751770 2.358253 -3.771239
380.520081 387.153168 2.200285 -2.518173
384.288971 272.337524 2.705145 -1.466190
386.747437 180.422318 2.701317 -1.505124
388.688416 203.732529 2.233098 -4.157873
390.031403 144.185471 2.505771 -4.681007
391.915100 424.478058 2.494097 -0.026935
392.856354 433.106842 2.590815 -1.793983
399.923309 154.228882 2.543565 0.532868
401.438049 130.409180 2.443081 -1.111656
404.467957 564.124268 2.842334 -1.808621
407.726654 146.261948 2.591564 -4.475971
407.580200 371.848358 2.548629 -3.744346
407.979950 400.145111 2.653671 -1.663742
409.127411 470.051514 2.341003 -4.570691
410.295105 23.186159 2.340795 -4.042127
414.244507 527.348633 2.517299 0.947701
415.911224 10.268038 2.247697 -0.676101
415.979797 201.689789 2.559717 -3.560497
416.010864 309.843262 2.782019 -0.042129
415.480225 599.722595 2.386189 -3.621145
419.089539 85.757736 2.765013 -2.101252
419.263550 400.242920 2.688202 -1.474665
419.201019 461.061188 2.631046 1.487827
424.018066 18.997421 2.575995 -0.899662
423.913208 70.021606 2.366826 -4.309358
423.964417 187.047607 2.698732 -4.618866
425.086426 212.207291 2.531678 1.235083
424.982025 269.795410 2.384456 -1.749065
427.106445 284.188782 2.507600 1.056216
430.751587 427.020081 2.507351 -1.809517
432.139221 217.923294 2.512855 -3.540070
432.593964 434.281860 2.510207 -1.743994
435.710052 120.607193 2.599202 -1.987859
435.444855 525.626343 2.353213 -1.822053
435.444855 525.626343 2.353213 -4.567010
439.683167 214.012726 2.380011 -4.277908
440.221222 302.123810 2.868430 -2.465792
442.770294 368.531860 2.842500 1.411936
444.757935 70.288315 2.365076 -1.343258
451.519501 462.586060 2.326063 1.354723
453.270081 110.509163 2.776347 1.515990
453.270081 110.509163 2.776347 -1.973637
452.976074 322.342285 2.593968 -2.253775
453.930359 54.978546 2.576265 -0.674393
456.297028 383.387238 2.080894 -0.625384
455.293030 72.699821 2.881346 -1.462166
455.293030 72.699821 2.881346 -3.438909
455.500946 277.477234 2.278371 1.222440
457.632629 117.150536 2.419512 -4.683289
457.704010 135.166840 2.349236 -0.818274
459.941559 96.326958 2.397862 -1.800669
461.038422 5.430229 2.479476 -3.431587
461.263885 303.225128 2.612684 -0.737486
460.613495 535.636658 2.649256 -1.839807
461.720428 389.882965 2.809613 -1.546537
462.963806 321.937683 2.588380 -0.134886
463.285400 408.780060 2.275902 1.372700
463.941986 333.533600 2.741014 -0.001340
464.876984 275.984589 2.460086 1.385799
464.866058 353.785065 2.684916 -0.054037
466.809906 396.489746 2.599024 -0.215555
466.809906 396.489746 2.599024 -1.428794
467.542725 415.817688 2.409795 -0.853585
470.534363 44.632702 2.457462 1.336260
471.838043 37.402229 2.506018 1.544233
471.838043 37.402229 2.506018 -2.336625
472.360748 56.171074 2.872486 -3.136439
477.920288 621.374573 2.774916 1.521955
477.920288 621.374573 2.774916 -1.621457
6.567077 15.692899 3.042554 -0.012606
12.147752 254.238724 3.037530 1.475886
13.322516 445.754425 3.023446 -1.558998
23.497440 272.891357 3.326652 -1.475096
32.398403 305.393494 3.394118 -0.664330
36.383564 456.805206 3.103359 -4.367907
38.091953 273.092224 3.396773 -1.503555
41.117023 264.665955 3.344287 -1.482175
44.497536 357.950714 3.537095 -3.148601
44.147533 543.896240 3.430084 -1.548278
53.321808 369.640045 3.083124 -4.487134
53.401566 622.995728 3.228626 0.687090
58.454876 307.175323 2.999239 -2.721842
60.755253 509.629547 3.081408 -1.803293
61.412296 275.560516 3.167047 -1.465555
65.441650 393.272797 3.253056 -1.086682
66.564766 627.986267 2.921651 0.757534
70.094917 412.059174 3.015927 1.204659
71.427536 359.428040 3.370755 -4.636845
71.877991 383.236359 3.010108 -2.655345
79.114571 441.988739 3.089552 -0.147793
85.252617 280.345795 3.092589 -1.305649
85.252617 280.345795 3.092589 -4.495777
85.463402 271.765503 3.141439 -1.380344
94.237465 583.335388 3.609861 0.716353
96.937073 428.613495 2.859478 -2.818627
102.909546 434.714783 3.014304 -1.275815
103.457062 276.118561 3.163265 -1.279527
104.872200 395.129425 3.321133 -1.551424
105.849854 155.970657 3.201414 -0.684819
105.802757 412.276367 3.080178 1.444464
111.029755 312.416779 3.441116 -0.074045
110.880424 324.778137 3.366264 0.084916
115.554283 244.299683 2.978327 -0.807401
122.168617 490.067078 3.445131 -1.937955
125.930916 10.934563 3.224786 0.206853
125.827782 45.250511 3.427849 -4.454963
126.365044 283.189087 3.393177 1.485823
126.365044 283.189087 3.393177 -1.658478
128.935486 24.568447 2.946595 0.060590
128.954910 332.302307 3.326543 -3.186631
130.050751 129.183640 3.477377 -0.143114
130.050751 129.183640 3.477377 -1.439739
138.044891 150.598816 3.445359 -0.029388
142.795227 51.119560 3.033274 1.449214
144.037994 274.564941 2.918304 -1.713985
144.787720 528.420349 3.169224 0.755333
148.159119 445.873596 3.169637 -2.318554
150.480392 375.203461 2.987511 -2.897364
153.139893 30.862423 2.869691 0.026992
158.615555 121.775253 3.549322 0.743815
158.415985 274.956512 3.008405 1.239754
158.415985 274.956512 3.008405 -1.308621
162.994354 304.289368 3.221846 -1.978850
165.745880 274.638306 3.105416 1.406573
165.745880 274.638306 3.105416 -1.413779
167.836731 147.417511 3.194781 -1.864036
168.017670 394.073364 3.140016 -1.581388
170.323013 99.241547 3.175145 -2.435164
171.249176 48.794685 3.280439 0.442602
170.901413 129.818207 3.095348 -1.802878
171.706955 517.829651 3.249319 0.807426
172.589096 113.016052 2.866086 -1.685999
173.937836 602.487610 3.286751 -4.209254
174.593246 464.915192 2.934968 1.346391
179.337357 146.399094 3.371542 -1.607374
179.164841 439.957611 3.240357 -1.731109
180.583389 111.832054 3.204993 1.478239
180.583389 111.832054 3.204993 -1.335633
186.226364 595.837402 3.068803 -4.656326
186.766754 265.904938 3.310218 -4.484236
188.402252 568.230408 3.230741 -3.700845
190.829437 114.285759 3.395715 -0.870403
190.829437 114.285759 3.395715 -4.406314
194.374680 58.272976 2.914953 0.539256
196.675034 328.662872 2.896609 -4.364308
201.753372 381.320374 2.976718 0.191540
203.512909 487.470825 3.162992 -2.875175
204.171722 265.535645 3.440656 -1.148176
212.232956 273.694946 3.173318 -1.534271
216.866882 196.436615 3.501009 -4.687618
218.277863 465.361816 3.474340 1.544267
220.278275 141.143326 3.486841 0.211256
220.278275 141.143326 3.486841 -3.152936
224.282730 273.654022 3.014830 -1.726411
226.089752 84.119896 3.089823 -2.816729
232.257111 465.447144 3.449534 1.497917
231.969971 554.692627 2.921700 -4.250642
233.191193 545.348755 3.591583 -2.488185
233.259491 146.095901 2.903286 -2.962299
234.599365 159.411270 3.409149 -3.315222
235.120056 288.613525 2.982781 1.456487
236.065155 397.588135 3.265484 -1.915370
236.807175 85.770279 3.278340 0.410961
243.211182 520.914001 2.978642 1.110439
243.664917 98.239586 2.892197 -2.119858
244.265732 163.497772 2.924026 -3.464433
243.903900 389.879761 2.944519 -4.471303
246.298080 67.533653 3.236364 0.579295
247.046921 502.695038 2.951335 0.990458
248.940491 348.762024 3.278931 1.305605
256.414368 483.819214 3.233970 1.149425
256.414368 483.819214 3.233970 -2.240149
258.301666 517.491638 3.452012 -4.566714
262.005280 464.526154 3.463221 -4.579225
264.142914 325.148071 2.928612 1.452261
265.365051 252.235321 3.620445 -2.203535
271.421021 273.302002 2.922549 -1.699553
271.421021 273.302002 2.922549 -4.423065
270.609436 420.280457 3.202519 -3.048332
275.136383 390.529236 3.095455 0.984480
275.136383 390.529236 3.095455 -1.257973
276.962311 31.141645 3.255064 -0.128373
276.962311 31.141645 3.255064 -2.271233
282.286407 11.354641 3.499165 -0.628623
282.286407 11.354641 3.499165 -2.803059
281.586578 288.872986 2.989550 -4.600410
292.684753 132.779205 3.263560 -3.174844
292.889587 196.188049 2.980196 1.451683
294.288147 464.407166 3.526314 -4.673982
294.961456 117.545219 3.058126 -3.946886
295.403107 81.829025 3.297692 -3.816870
297.045380 273.916595 2.941652 -1.449957
313.377411 260.164856 2.921382 -1.823488
317.056549 413.255615 3.075000 -1.425156
317.465546 423.997528 3.007072 -1.619476
319.012390 532.549805 3.283465 -0.239575
319.959290 479.759094 2.921126 -2.946915
319.959290 479.759094 2.921126 -4.068902
323.097321 592.858582 3.303139 -3.319961
356.008484 34.298439 3.183439 -1.428279
357.475159 89.353394 3.232133 -0.752500
362.746338 601.576050 3.316058 -4.400180
364.464417 440.171814 2.889687 -0.929255
368.016754 374.311127 2.859437 -0.048478
371.303467 94.183670 3.172331 -1.159427
376.586212 466.451050 3.723047 -3.979993
379.123230 449.098938 3.459520 -2.047664
384.591003 9.044473 3.404226 -1.505845
386.811127 241.315170 3.299385 -3.761648
389.821167 64.415787 3.133924 1.564714
391.771149 442.141571 3.066288 -1.963753
395.597351 583.468018 2.643470 -3.606053
397.163940 271.827209 3.377538 -1.549964
402.635040 52.428070 3.095835 -1.412922
404.835999 67.616364 3.231875 -4.514014
405.801514 82.409210 3.403328 -1.885444
406.203857 138.707947 3.493084 -4.619425
406.409302 424.375763 3.427114 -2.444817
406.409302 424.375763 3.427114 -4.329051
407.176117 321.790588 3.465615 0.001580
407.176117 321.790588 3.465615 -3.283549
411.192139 193.202957 3.268199 -3.898680
413.531799 366.502472 2.883218 -2.027215
414.461700 272.075562 2.942825 -2.121473
416.257111 40.826622 3.198671 -3.925448
415.843628 321.768341 3.077272 -0.003651
419.190918 519.168823 3.455865 1.120687
423.396210 196.271820 3.378048 -0.868587
423.396210 196.271820 3.378048 -2.677287
423.396210 196.271820 3.378048 -4.625269
427.551575 146.299408 3.418394 -1.023265
427.551575 146.299408 3.418394 -4.373640
427.630005 466.180298 2.961421 1.455683
431.414673 64.636902 2.913517 -1.276273
430.947968 343.462250 3.094880 -3.397154
436.389221 548.284424 3.479362 -1.375813
436.843384 130.719879 2.902157 0.787164
439.150940 243.293900 3.295992 -1.810731
446.384399 390.424164 2.979770 -1.662330
449.655914 201.498505 2.940512 -0.596745
452.737305 300.295898 3.611247 -1.337983
456.014832 513.655151 3.075338 1.373083
458.379974 544.944092 3.424458 -2.072941
459.934784 286.255066 3.170317 0.611206
464.916412 215.977539 3.855694 -0.756941
466.045319 24.629173 3.229307 -3.306551
466.235504 447.155731 2.982397 0.987215
470.947052 436.565094 3.142684 -1.389875
472.598480 258.928741 3.521751 -3.532463
8.989819 273.604309 3.935385 -1.470226
14.777929 303.257233 4.515010 -1.942071
17.962990 588.127991 3.859900 1.031471
17.962990 588.127991 3.859900 -1.854744
30.731356 81.496201 3.812619 0.847690
40.364040 63.185047 4.083469 1.099499
44.486027 357.809174 3.635701 -3.186581
66.711456 431.061066 4.350036 -1.401736
71.817978 34.424042 4.562934 -4.547153
75.598587 548.347717 3.828386 -1.573479
87.223221 27.945581 4.014971 1.235845
87.713257 248.659134 4.088326 -0.054507
93.256836 463.105957 4.247859 -1.940508
96.095306 444.574799 4.153167 -2.856119
105.282341 260.031006 3.995526 -0.155544
121.067284 555.386292 4.141405 0.697430
123.981911 604.813477 4.437430 -1.859375
127.317192 57.169731 4.497588 -4.508215
132.406006 319.444885 3.895284 -2.870308
142.221863 477.067871 3.932379 -1.204547
155.125229 133.165726 3.920907 0.168713
155.125229 133.165726 3.920907 -2.838143
154.680649 144.637680 3.701547 -2.171416
165.068008 253.283371 4.261934 -1.417465
169.377289 12.926001 4.291969 0.694672
178.518997 300.309540 4.424340 -1.557008
188.038834 219.719101 4.307117 1.487484
189.764435 187.312271 4.312809 -1.583979
189.764435 187.312271 4.312809 -4.693769
190.704498 337.101868 3.746126 -1.647575
194.907257 303.684875 4.323031 -1.215658
194.275940 251.958649 3.815929 -1.609790
194.907257 303.684875 4.323031 -1.215658
198.243256 318.537018 4.602667 -0.822352
202.800308 142.692383 4.203798 0.074977
203.154953 175.342575 3.977988 -1.683420
220.383438 126.793442 4.078948 0.660509
222.823517 20.195801 4.332831 -3.774930
228.125641 70.768219 4.415088 -3.461517
229.091324 596.645508 3.840253 -1.290443
231.339493 629.123474 4.020688 -0.316512
235.290253 169.055939 4.165534 -1.816906
235.290253 169.055939 4.165534 -3.435925
234.585663 198.981750 4.085592 -4.620583
234.930603 306.321075 4.304298 -2.203318
238.130356 59.566601 3.950240 -2.677340
246.393082 429.192810 3.714183 -0.514020
252.512436 200.752747 3.994787 -4.467107
259.340973 166.085236 3.772746 -3.170385
258.622833 517.306030 3.622584 -4.522202
271.182678 162.571503 3.747938 -0.191533
270.717590 199.636581 4.481524 -4.675799
272.859802 261.812317 4.245856 -2.163689
278.825592 176.485321 3.981512 -1.551185
282.140198 157.471008 3.983032 -0.053442
288.831146 55.539513 4.283018 -0.323120
295.072235 464.946014 3.774612 -4.689481
307.698212 197.145462 4.252318 -4.654467
311.358978 309.954956 3.956191 -2.375582
323.164795 302.358673 4.057568 -1.958473
326.696320 465.750854 4.228901 -4.678001
333.896515 19.216896 4.407139 -3.869429
332.989075 186.192825 4.641919 1.398600
339.278656 298.363617 4.596916 -1.593987
340.614349 581.332092 3.918778 -0.793242
347.757904 394.344543 3.880385 -1.766142
356.026154 302.077698 4.051897 -1.193405
363.786377 23.246019 3.987586 1.461725
367.759766 547.021729 4.021146 -3.725904
368.676025 310.048004 4.079899 -0.747614
373.146423 104.640709 3.751116 -0.876684
373.648499 185.163757 4.126206 1.513215
374.325104 126.368210 4.338132 -1.283090
374.325104 126.368210 4.338132 -4.036152
374.355042 320.840912 4.210806 -0.327782
375.536438 466.630920 4.087578 -3.870921
384.792511 314.601837 4.085897 -0.058765
393.615356 281.009460 3.720494 -1.495349
397.232117 313.734924 4.167804 -3.154081
399.593842 7.808243 3.681904 -1.572095
406.529205 424.694916 3.500692 -2.141206
406.529205 424.694916 3.500692 -4.234480
417.240967 3.465573 4.053535 -0.731438
417.824371 246.751480 3.585247 -3.269429
418.635040 57.012798 3.859808 -1.290315
418.635040 57.012798 3.859808 -4.219345
420.448029 280.311981 4.259430 -2.095788
422.721802 563.892944 3.638865 -2.217331
429.724640 301.051605 4.288731 -2.945871
430.815948 112.906815 3.984381 -1.806640
432.071503 327.800537 3.797181 -3.063481
436.384064 548.286499 3.475397 -1.363118
439.122223 264.138092 3.804761 -1.719547
447.188232 252.605118 4.095550 1.214682
447.188232 252.605118 4.095550 -1.788120
446.512085 272.240540 3.561266 -1.686411
450.701447 586.599731 4.381229 -2.244911
454.494446 219.896820 4.041932 -3.866640
454.476898 261.442108 3.902947 -1.608692
454.748810 526.621582 4.014960 1.364232
454.748810 526.621582 4.014960 -1.724487
463.633728 169.283203 4.284420 -4.455623
466.441742 245.337723 3.785887 -3.681989
468.072845 59.849697 4.247777 -0.477033
470.253174 88.443527 3.853236 0.000652
471.535248 308.362274 3.973043 -0.176050
471.677429 321.391418 3.907838 -0.161560
473.172302 102.365356 3.752916 -0.678663
473.030548 338.295410 4.330803 -0.062367
8.986268 61.101597 4.912478 1.441937
20.458454 187.574402 5.280380 1.462083
28.505764 46.917355 4.882742 1.115608
28.600430 201.532974 5.500931 -0.104234
32.004120 30.945570 5.275173 1.049913
45.282234 324.891357 5.440283 0.023019
45.282234 324.891357 5.440283 -3.018392
44.787579 342.138855 4.605482 -3.131332
73.538971 605.547791 4.958033 0.815751
77.982887 55.772549 4.886316 1.530357
83.415138 346.018188 4.593102 -0.045376
85.804703 118.364075 5.759647 -0.771615
85.439552 475.830475 4.957778 -4.614013
92.757896 569.527771 5.251296 0.666993
99.135452 510.662323 5.603566 -2.002645
105.197296 298.113007 4.615685 0.990516
106.091736 38.828419 5.310071 -4.526600
109.017448 431.628693 4.900157 -1.230508
117.986130 95.453896 5.141758 -3.722457
119.557114 28.715042 4.621441 -4.362048
126.603668 158.726181 5.912656 0.215407
131.770142 381.334961 4.692479 -1.999951
132.136230 454.889069 4.917765 0.476876
132.263657 176.230316 5.137873 0.289248
136.988480 306.758545 4.581679 -2.987825
140.367279 348.449097 5.843902 -3.228933
143.958939 186.930069 4.799195 1.552255
143.958939 186.930069 4.799195 -1.567519
146.634293 108.174530 4.684797 -1.818242
150.686874 24.850437 5.252930 0.103522
154.846695 40.427135 5.144901 1.116096
154.846695 40.427135 5.144901 0.428305
158.833923 188.007660 4.698097 1.551580
158.833923 188.007660 4.698097 -1.650467
181.491165 78.325447 5.108331 -0.206839
181.491165 78.325447 5.108331 -1.227073
196.633057 317.585754 4.980881 -0.917069
201.558517 128.483810 4.946313 -0.493057
201.558517 128.483810 4.946313 -3.832749
200.566360 341.901550 4.721958 0.119755
222.074326 234.187073 5.104878 -2.942359
226.649094 187.725082 4.595865 -4.620521
234.564728 46.611465 4.619014 -2.707421
241.229294 261.700012 5.191085 -1.431507
242.321671 184.087509 5.554475 -1.916694
242.321671 184.087509 5.554475 -4.499537
243.388931 624.213074 5.121188 -2.555403
256.206512 22.916967 5.375898 -0.314708
256.206512 22.916967 5.375898 -3.066647
257.035187 631.935181 5.079766 -2.562700
258.812195 147.853500 4.780981 -2.454163
258.841736 432.010498 5.073168 -1.600820
262.927246 187.383621 5.382410 -4.529979
271.366486 402.708496 4.564178 -1.260707
275.132996 58.731441 5.340855 -0.378024
275.132996 58.731441 5.340855 -4.265279
277.210022 376.733917 5.498864 -0.263984
283.272247 348.978455 5.082631 0.217932
287.398499 186.740189 4.838465 1.525907
287.398499 186.740189 4.838465 -1.523542
304.470856 105.457283 4.548887 -4.235753
306.779083 184.866028 4.897787 -1.819187
321.219055 31.734903 5.219663 -0.993681
325.239899 63.142620 4.693159 -2.064068
325.239899 63.142620 4.693159 -4.688992
336.148346 199.532532 5.338124 1.364782
338.385437 236.912186 5.142077 -0.783849
338.385437 236.912186 5.142077 -2.913872
357.404541 186.000610 5.221009 1.456891
369.929016 226.859467 4.567197 -0.214084
372.689240 402.696777 5.379259 -2.579665
375.650299 155.034668 5.112851 -3.565153
386.358337 114.258530 5.229096 -1.773728
392.250702 31.367727 5.036083 -4.427831
394.240082 182.564774 5.672297 -4.470406
406.147278 151.367477 5.304146 -4.551111
408.836700 292.864532 4.991528 -4.427458
433.331268 406.206787 4.960951 -0.280611
435.160278 348.249298 4.976676 -3.177412
435.407776 600.295532 5.703062 -1.591592
439.280609 41.591953 5.213968 -4.370016
440.365265 186.168839 5.103621 1.116942
440.365265 186.168839 5.103621 -0.944736
447.277191 100.847992 4.844574 -2.745083
446.070801 287.878540 5.560311 -1.671697
449.338562 399.861542 5.661313 -1.633265
463.804047 184.274246 5.530176 -4.384324
466.847076 229.618973 4.504480 -3.810121
22.744770 246.979843 6.964271 -0.107762
22.744770 246.979843 6.964271 -2.911994
26.102875 288.893372 6.074248 -1.151716
53.067284 449.155640 6.536095 -1.188537
54.987896 37.025299 6.037926 1.389717
78.850273 293.730377 5.877244 -1.180387
113.372604 544.364197 7.037544 0.684077
120.501877 299.775330 6.378588 1.361468
120.501877 299.775330 6.378588 -0.512192
124.595192 133.938065 7.125346 -1.468785
132.092361 41.322601 6.768807 -4.569926
145.490387 465.266144 6.039173 -1.053854
164.809464 453.043793 6.831420 1.498449
173.361496 341.085724 6.206215 1.058415
172.344986 360.984680 6.749280 -1.455399
183.206070 379.885956 6.599651 -4.700626
184.640152 452.015259 6.018813 1.344001
189.763367 13.648340 6.155513 -4.592686
195.066116 365.519684 6.442555 -0.072438
200.849121 150.306046 6.806083 -0.087148
212.186264 108.595703 6.255731 0.983937
212.186264 108.595703 6.255731 -2.327277
219.748810 399.490509 6.475265 -1.782013
236.524155 545.132935 6.186420 -0.735310
255.589828 532.141113 6.394669 -0.746826
268.842194 335.759491 6.110490 1.435399
273.053711 32.880508 6.478096 -0.831558
280.482513 616.420227 7.238119 -1.105251
295.852020 399.341675 5.844198 -1.138815
298.173920 320.003174 7.000080 -0.328174
318.789612 117.510529 6.366939 -2.272730
321.417694 317.633148 6.254751 -2.206592
327.751892 334.967926 6.348510 -3.217040
327.751892 334.967926 6.348510 -4.262182
335.798706 215.488235 6.567348 1.326798
335.798706 215.488235 6.567348 -1.156102
334.115845 510.812744 6.965348 -3.667641
340.631409 381.199921 6.710679 -4.291733
345.807831 63.715389 6.502585 -0.979843
345.807831 63.715389 6.502585 -4.627546
345.495056 344.172882 6.731959 -3.250090
353.035339 13.957375 6.503443 1.497417
355.054138 238.911194 7.458900 -0.188760
363.795715 135.401459 5.700916 -3.888200
364.521637 28.266304 6.482738 1.554253
384.671204 452.054230 7.050069 -2.075396
387.343475 385.982910 6.050671 -1.124981
398.947083 201.374237 7.393781 -4.243154
402.783112 226.023773 6.094565 -3.277597
405.753448 469.097046 6.380094 -4.616211
415.421051 403.783539 5.992555 -1.537755
435.281036 88.141823 6.972252 -2.787648
436.920502 202.474182 5.978137 -0.622307
436.920502 202.474182 5.978137 -4.555102
460.868744 130.849289 6.743935 -4.633890
470.775116 440.661652 6.730247 -1.393348
22.664259 246.380325 7.105907 0.016192
22.399734 393.629883 7.700421 -1.609979
25.599714 7.289716 8.062044 -0.012837
25.898420 205.423096 7.956408 -0.142330
46.447594 298.728485 8.660610 -0.679779
46.447594 298.728485 8.660610 -2.346210
46.572800 239.759277 9.140318 -3.014025
48.959167 395.842804 7.833838 -1.230009
66.489037 311.394379 8.153375 -0.227447
66.489037 311.394379 8.153375 -2.564659
67.739998 530.296997 8.251821 -1.768440
72.594574 247.342987 8.770885 -0.038290
72.594574 247.342987 8.770885 -3.084305
80.148689 46.261730 8.358367 1.510813
109.521820 80.654167 8.098146 -3.639850
109.660156 576.414917 8.963164 0.652886
215.118423 252.797195 8.489805 -1.809463
219.016312 205.169174 8.028536 -4.612043
218.891479 318.953705 7.905146 -2.804911
219.639175 401.042419 7.171633 -1.781863
226.123444 450.879181 9.119771 1.564403
225.094116 613.632568 8.606431 -1.922016
228.130417 428.799835 7.705869 -1.552665
258.204254 424.146942 8.136355 -1.598139
260.666931 120.823883 7.950591 -1.820703
259.735199 449.501343 7.807401 -4.616121
270.830780 79.699768 7.746587 -4.467742
272.924896 317.695068 7.696677 -1.082189
280.414001 616.755859 7.228955 -1.236601
294.763458 449.672363 8.597502 -4.596692
305.835938 42.154732 7.693730 -1.195649
361.325592 110.679649 8.971663 -0.950310
385.405579 451.973511 7.248485 -2.049001
389.893188 133.459915 8.830900 -1.660198
409.183441 384.161499 7.671034 -1.428892
424.082703 306.731689 8.296619 -3.027717
445.423645 232.949646 7.383608 -3.804783
21.855183 324.218597 10.876030 -0.027482
25.815340 211.646698 9.679909 -0.081487
25.815340 211.646698 9.679909 -2.933967
41.817001 612.408752 9.721725 0.574237
57.428436 100.483177 10.407430 -0.750262
57.428436 100.483177 10.407430 -2.324872
66.662155 347.588135 11.086885 0.035782
64.366562 379.754730 9.387617 -1.138532
64.830467 451.778595 9.614916 -1.033468
79.206291 423.400513 10.708924 -1.098743
91.013565 112.071579 10.781007 -1.062821
120.439064 138.302765 10.229213 -1.383603
154.313354 497.164337 10.220759 0.585651
218.934326 356.213654 10.568622 -3.180358
246.917618 322.879059 11.337243 -2.486975
247.660446 368.412537 10.251134 -3.116677
258.983246 249.298828 9.017075 -1.697461
301.674896 254.597549 9.139537 -1.384683
325.508820 23.395094 9.267466 -3.599934
327.847839 449.250488 9.628757 -1.475161
327.847839 449.250488 9.628757 -4.665724
337.433258 152.018890 10.025380 -2.746099
340.221313 95.182411 9.815315 -1.094558
350.199341 496.839355 9.940961 -3.527008
407.434265 180.660660 10.964767 -4.192177
459.300049 87.435616 10.164396 -2.716962
39.420376 369.188416 12.542150 -1.383008
51.245735 195.677704 11.672503 -4.600954
87.479492 489.880646 11.795200 -1.663779
133.408142 310.097656 13.410169 -2.616569
149.812378 539.267578 12.551623 0.676600
209.170486 68.213722 13.853427 -3.074592
214.062775 157.275375 13.242126 -2.341072
220.944199 37.737740 13.196268 -3.134455
300.437500 155.640778 13.438290 -2.411477
347.427490 260.322266 14.312304 -0.549420
453.880432 339.765747 11.706897 -0.124308
453.880432 339.765747 11.706897 -3.134905
119.390793 354.653870 17.474838 0.008263
119.390793 354.653870 17.474838 -1.899776
260.806763 480.879333 14.694794 -4.538992
360.894440 562.961487 14.933981 -3.606782
126.140152 230.064041 21.129684 0.392187
215.227768 231.908859 21.892548 -1.743867
261.294769 179.742020 18.391804 -2.213867
301.633820 357.109467 17.979729 -0.314961
385.826019 223.979950 20.969446 -4.230983
405.181274 85.662109 21.328243 -1.835813
401.192902 350.983307 19.222319 -0.130807
401.192902 350.983307 19.222319 -1.436079
31.275095 498.052368 22.793749 -1.141644
277.192474 116.804489 23.061546 -2.392793
414.257263 152.126984 26.025925 -1.995178
76.006012 153.365402 31.781382 -1.347561
179.324341 236.639481 47.511375 -1.773101
242.566620 550.624878 52.918320 0.223377
242.566620 550.624878 52.918320 -1.576805
242.566620 550.624878 52.918320 -3.289839
