95 636
151 599
156 636
233 2
236 9
240 390
242 21
245 26
247 401
257 407
268 37
276 61
277 60
278 57
285 73
287 64
288 65
289 66
290 67
291 429
294 72
297 85
311 96
313 98
314 99
317 113
318 118
321 120
324 102
325 124
326 125
327 103
329 130
330 112
336 177
337 133
345 143
348 144
349 463
350 464
353 466
356 472
360 156
368 145
370 148
371 149
372 112
373 168
379 176
381 177
382 161
383 162
385 178
386 152
404 707
431 289
434 410
489 677
498 317
509 36
549 387
550 396
554 22
557 10
559 598
562 404
563 392
564 393
568 36
575 45
578 406
579 605
592 419
597 439
598 430
599 437
601 88
603 433
605 94
608 444
612 451
615 452
616 453
617 449
619 456
620 635
625 44
626 461
628 467
629 460
632 472
633 473
634 477
635 465
636 469
637 470
638 468
639 479
640 480
641 471
643 475
644 160
645 478
649 482
685 40
688 76
762 596
763 745
765 601
768 599
770 411
772 754
773 616
774 607
775 617
776 613
777 619
778 609
781 421
782 623
784 621
785 618
787 757
788 441
790 92
791 448
792 633
793 636
796 642
797 643
798 644
803 651
804 653
805 656
807 657
808 301
824 58
859 248
868 990
872 743
877 746
878 748
882 752
884 835
888 753
889 615
891 756
893 762
895 764
897 765
898 770
899 640
901 774
902 773
903 648
906 777
909 781
947 836
950 837
952 838
953 908
954 841
957 843
958 842
962 848
963 849
964 767
966 850
967 852
968 771
970 854
971 855
972 856
1004 401
1007 906
1008 907
1010 910
1012 911
1014 913
1015 912
1016 914
1017 915
1018 916
1019 968
1021 851
1024 920
1025 921
1040 961
1042 962
1044 913
1045 794
1046 967
1060 163
1061 963
1062 963
1063 991
1064 992
1066 970
1079 965
1085 1021
1086 1022
