3.784284 96.726440 1.866969 -3.469845
9.686090 107.892540 2.179147 -1.233486
10.731905 426.191742 2.038101 0.547332
10.731905 426.191742 2.038101 -0.752699
10.731905 426.191742 2.038101 -2.553078
14.174865 5.677131 2.108402 -0.409465
14.771821 156.298920 2.256189 0.025397
14.771821 156.298920 2.256189 -2.958208
15.077956 225.476181 2.097977 -1.882400
15.744815 619.280579 2.145957 -1.904037
17.327885 443.576874 1.765629 0.982279
20.425667 635.053284 2.151933 -4.087117
22.218830 100.864502 2.137550 1.468685
22.218830 100.864502 2.137550 -2.315718
22.597038 228.466003 1.919919 -1.320875
23.754585 122.908951 2.035168 -0.578560
23.754585 122.908951 2.035168 -4.146213
23.360884 238.509048 2.068672 -0.517229
23.963829 318.944519 2.018782 -1.859199
28.249262 95.210388 2.066545 0.134494
28.249262 95.210388 2.066545 -2.844929
34.244701 41.949627 1.642348 -0.101515
33.535809 130.834518 2.171023 -3.095838
35.117264 342.765198 1.862469 1.117911
35.117264 342.765198 1.862469 -1.156030
35.797237 279.314941 1.923700 0.345086
36.051941 444.396210 1.985119 1.102156
37.224487 230.342453 2.269785 -2.861720
38.530388 114.543671 2.075941 -3.333625
37.792503 502.311859 1.840155 -2.002747
39.470749 338.064667 1.851420 -2.021586
42.728886 241.217484 1.935097 0.773719
42.728886 241.217484 1.935097 -1.475119
42.728886 241.217484 1.935097 -2.378702
42.728886 241.217484 1.935097 -3.864341
47.060081 69.583420 1.879042 -3.029038
46.641701 499.631409 2.000960 -1.370395
47.752174 570.612061 2.107969 1.225677
48.712818 102.193352 1.895573 -0.909378
48.720623 164.303589 1.876322 -2.684507
49.355244 262.740845 2.025292 0.806968
49.355244 262.740845 2.025292 -2.815140
53.942108 161.035339 2.047462 -2.972399
58.614552 318.043732 2.179697 1.250594
58.614552 318.043732 2.179697 -1.585926
58.463184 584.409424 2.040853 -2.210670
61.069168 238.975983 2.110875 0.669321
61.188248 449.179565 1.877728 -1.982178
63.750698 22.185795 2.106872 -0.279279
63.750698 22.185795 2.106872 -4.037227
64.514740 135.826691 1.939836 -0.330606
63.739986 216.951096 2.277864 -0.857257
63.739986 216.951096 2.277864 -1.956918
64.458908 316.574554 1.737701 -1.627527
74.964012 159.166565 1.975638 -0.937593
75.254776 219.493378 1.980388 1.175271
78.051903 316.521576 2.014486 -1.451709
78.504189 83.023018 1.896673 -3.218558
78.732124 277.349304 1.800178 1.384340
79.211739 290.701477 2.063104 1.531129
79.211739 290.701477 2.063104 -1.834473
80.855171 271.183197 1.800983 -2.225733
80.855171 271.183197 1.800983 -3.898285
81.474945 502.130157 1.736060 0.479011
81.474945 502.130157 1.736060 -1.023088
81.474945 502.130157 1.736060 -3.396373
81.474945 502.130157 1.736060 -4.523418
81.572021 553.718750 1.944950 0.300441
81.572021 553.718750 1.944950 -2.118357
83.045937 455.075073 1.996883 0.179546
83.045937 455.075073 1.996883 -2.389870
88.631767 523.130920 1.852461 1.392978
92.185081 274.200989 1.896623 1.084345
92.468582 405.058380 2.088389 -1.251402
92.468582 405.058380 2.088389 -4.690123
94.637321 166.191879 2.129163 -0.539953
96.357178 445.061920 1.871244 -1.195325
98.545586 539.480774 1.870999 -0.584169
98.545586 539.480774 1.870999 -4.299023
99.359756 79.211273 1.973309 0.373325
101.710472 614.947144 2.136081 -2.197651
104.700859 4.812807 1.920889 -0.223815
104.700859 4.812807 1.920889 -3.550394
108.330414 184.549179 1.976900 -3.133834
110.468971 113.713577 2.135991 -1.869493
110.726242 131.928345 2.030957 1.116528
112.291977 160.247986 1.814697 -3.041642
114.231369 52.785194 2.004371 0.069363
117.115395 82.545120 2.100451 -0.449986
118.483597 174.282166 1.825430 -2.612270
118.483597 174.282166 1.825430 -3.493317
119.274734 250.663788 2.225744 -3.307277
123.459862 100.855316 2.137131 1.336425
122.730347 132.307831 2.060224 0.112705
124.390961 171.022507 2.076861 -1.243084
125.670670 253.891586 2.090990 -1.498544
125.354332 408.356934 1.884841 0.442053
131.285553 43.377941 2.197691 -0.267049
131.285553 43.377941 2.197691 -3.635909
132.305405 301.616608 1.975027 1.417679
132.598053 345.666779 1.962959 -1.717464
132.057800 519.802979 1.879561 1.155137
133.165146 577.268188 2.023896 -0.460383
133.165146 577.268188 2.023896 -3.006885
134.339600 78.195831 1.920094 -2.176407
134.386017 222.542358 1.943809 -2.510778
134.351700 321.006409 1.769292 -1.632375
134.998169 173.991669 2.254264 1.098818
134.998169 173.991669 2.254264 -1.067108
135.304031 486.052765 1.825045 -0.597675
135.304031 486.052765 1.825045 -4.576064
138.671600 599.267212 2.106398 -1.944019
139.499939 183.127060 1.893119 0.169627
141.126480 440.059662 2.001854 0.058961
141.126480 440.059662 2.001854 -4.349480
141.286896 475.358978 1.976485 -0.484402
142.849518 150.863220 2.359342 -2.820271
142.429306 229.913467 2.288978 -0.100246
143.633057 97.241760 1.909380 1.286644
144.746490 323.602203 2.035164 -1.544664
145.558716 254.410904 1.740803 0.102933
145.558716 254.410904 1.740803 -0.675017
149.462402 107.226120 1.654407 -1.686243
149.318634 229.465134 1.925115 -0.090408
149.318634 229.465134 1.925115 -3.318458
152.102936 630.265991 1.921876 0.980976
152.580017 459.476440 1.913693 -4.519730
155.176117 309.290039 1.770492 -1.431723
156.679260 65.402893 2.033964 -2.257518
156.590378 176.637955 1.711913 1.261470
156.840454 526.572998 2.153370 1.321814
163.353088 307.849976 1.917443 -1.678452
164.894791 271.606903 1.936289 -0.051475
165.171814 328.680145 1.792914 -0.021509
165.171814 328.680145 1.792914 -3.831244
164.590820 374.802795 2.212795 -1.552677
168.159622 505.907654 2.049713 -1.624720
169.705124 390.466431 2.123126 1.168653
169.705124 390.466431 2.123126 -2.108091
171.196472 113.544174 1.816620 -3.294294
173.421753 21.911076 1.994536 -1.774076
172.835907 29.873184 2.033022 -2.253575
173.611343 102.076538 2.087847 -2.091107
174.567123 69.540237 2.017618 -0.195002
175.173141 480.693634 2.258023 -1.658493
176.222076 113.534378 1.944577 -3.292806
176.715927 294.587616 2.147755 -4.708117
176.559845 493.055542 1.892953 1.470984
176.559845 493.055542 1.892953 -1.800994
182.080597 225.996841 2.198359 -3.213460
182.929047 89.942993 1.825352 -4.641319
182.881363 573.264648 2.062135 -2.458933
183.985672 121.105858 2.077797 0.233344
183.667542 505.950256 1.968523 -1.989197
183.667542 505.950256 1.968523 -3.448352
186.112427 49.037838 2.083599 1.295640
185.676208 311.323853 1.939475 -1.615117
186.110748 566.799622 1.945322 -1.825849
186.110748 566.799622 1.945322 -4.695470
188.702866 183.289398 2.433840 -1.376988
187.831299 440.464172 1.881984 0.910026
187.831299 440.464172 1.881984 -2.309757
188.820969 173.497253 1.810914 1.417841
189.278488 492.181732 1.987322 -1.772627
190.729202 395.784180 2.340938 0.695086
190.729202 395.784180 2.340938 -2.572672
190.729202 395.784180 2.340938 -3.515269
192.986954 244.273361 2.041068 -3.335241
193.100464 278.766937 2.098282 -2.066824
193.532623 255.979889 1.792060 -2.504848
193.745468 535.423401 1.830225 0.258611
194.586441 9.942112 2.144645 -2.257611
195.598801 384.303009 1.610993 -2.451714
197.374268 201.569580 1.922243 0.016659
197.431808 208.522354 1.761037 -0.036349
198.572067 183.437927 1.990538 -1.075739
199.302277 189.279129 2.037225 -0.665290
201.244125 252.202637 2.321462 -1.950082
202.477509 206.442963 1.823751 -0.003968
203.071503 516.186890 2.152185 -1.393946
204.451477 542.179382 1.996864 -2.076684
205.384186 182.969971 1.871810 -2.946569
205.246460 529.276001 2.081788 1.402342
206.150482 554.533508 1.857162 -4.646747
207.952072 122.215492 1.985950 -2.807435
207.543381 205.399765 2.109649 -3.286408
209.525436 374.204681 2.491759 -1.312949
209.525436 374.204681 2.491759 -4.660854
210.401947 158.474426 2.234031 -1.620650
210.016876 178.164688 1.880957 -1.551895
210.016876 178.164688 1.880957 -2.918091
211.093338 183.345627 2.016623 -2.910534
215.936523 241.560165 1.844701 -1.278755
216.814682 560.937134 1.978918 0.806016
219.687592 463.493042 2.179923 -1.711537
221.559555 561.703247 1.657802 0.767203
224.356506 470.474060 2.355977 -1.573025
224.356506 470.474060 2.355977 -4.425029
224.579437 585.450073 1.742062 1.305558
228.286224 265.500488 1.889379 0.979401
228.286224 265.500488 1.889379 -1.031075
227.934326 519.657227 2.140182 0.629873
229.962509 259.594971 2.297513 -0.986244
230.636230 499.788971 1.832321 1.126645
230.636230 499.788971 1.832321 -1.572204
233.125137 608.059326 1.980617 -4.485451
236.337357 198.032135 2.109679 0.024876
236.504776 206.597473 1.986050 -0.032420
237.240616 259.831879 2.045792 -1.195525
236.944275 503.792450 1.710550 1.083124
236.944275 503.792450 1.710550 -0.954840
238.231644 39.163216 1.810057 -1.159689
247.709564 281.677979 2.226053 -0.411113
248.450928 569.603455 2.079448 -1.728021
251.000992 167.852737 2.176585 -3.000940
252.927521 283.171173 1.897336 -0.344861
253.287964 393.100281 1.951160 1.311446
254.376541 30.074587 2.098958 -2.116154
254.053421 409.215546 1.842624 0.018759
254.053421 409.215546 1.842624 -2.442210
255.455765 87.020966 1.966827 -2.944043
256.651917 607.016541 1.960824 -1.292963
256.651917 607.016541 1.960824 -4.586524
259.252472 232.087418 1.963991 1.026200
261.496399 438.793640 1.876925 -2.265324
262.342987 108.985687 1.955742 -0.117820
262.141785 612.906860 1.820272 -4.465334
262.892029 454.774414 2.133184 -1.561798
264.141113 481.822052 1.797969 -2.600253
265.534637 59.220932 2.267563 0.602294
265.534637 59.220932 2.267563 -0.598380
266.485992 518.161621 1.999164 0.826671
268.665833 145.072968 2.108531 1.223156
277.222778 252.337982 2.067143 -2.358072
277.131012 274.190216 2.037310 -2.871138
278.394012 508.917389 1.995795 0.786003
278.954803 525.069275 2.047054 0.598068
278.373505 616.562500 2.007089 -4.549738
281.146240 633.073486 2.023338 -0.710004
281.146240 633.073486 2.023338 -3.171174
281.567139 74.145508 2.020633 -3.170181
282.393585 93.355042 2.063170 -3.181567
281.634888 367.198303 1.861829 -1.479313
282.829529 173.970566 1.886874 -3.244847
284.187225 612.379089 1.984335 -1.437593
284.187225 612.379089 1.984335 -4.482931
285.557800 504.193024 2.068309 0.828095
287.257904 89.104774 2.094047 -3.296372
288.285126 141.065018 1.812535 1.336134
287.675568 189.123627 2.160661 -3.216201
289.895630 169.463043 1.884207 -0.196728
292.897766 614.632324 1.918439 -1.289229
292.897766 614.632324 1.918439 -4.509149
295.090637 140.683975 2.032113 1.460617
294.691925 636.090881 2.097091 -2.643612
296.510925 50.957779 1.917453 -1.670348
297.532928 162.288528 2.429766 -1.261184
298.777069 208.773178 1.876839 0.422129
301.485138 4.931884 1.805137 -2.184988
302.146912 550.673340 1.744010 -2.121329
304.325928 139.932343 1.880258 1.478344
306.225189 382.504913 2.225308 -1.437273
305.947388 630.170959 2.134477 0.465131
305.947388 630.170959 2.134477 -2.441211
306.567932 176.922012 2.122975 0.025164
306.809265 218.360687 1.985838 -0.211269
306.809265 218.360687 1.985838 -1.427129
310.391937 319.654053 2.310708 -1.166931
309.459320 393.979675 2.275126 1.541993
309.459320 393.979675 2.275126 -1.457964
310.998444 362.283752 2.013040 -1.443677
311.800446 507.594208 2.046697 1.445376
312.436401 613.027649 1.748848 -2.362045
314.819183 333.704041 2.103677 -0.570390
314.868591 618.051086 2.060636 0.560607
314.868591 618.051086 2.060636 -2.488181
316.752716 624.691101 2.079432 0.886860
318.104797 430.859253 1.894799 1.416361
319.917542 600.121887 1.962024 -2.489627
319.660492 609.810791 2.059155 0.427004
319.469879 430.654327 1.829665 1.204212
322.142334 99.798042 1.725188 -3.175947
322.069885 178.604782 1.830127 -3.143881
321.641602 531.878540 1.912194 -1.618597
322.625763 152.829346 1.960603 -3.228796
323.251282 627.287659 2.135073 -4.485653
323.963440 425.738495 1.813974 0.354396
324.022949 457.756958 2.293949 0.743333
325.016846 335.372101 2.169113 1.001758
325.016846 335.372101 2.169113 -1.900739
327.217529 219.777664 2.139883 -3.087743
328.548340 151.768051 1.768003 -1.268289
328.548340 151.768051 1.768003 -3.063160
332.027435 450.704987 2.075930 0.897002
332.201233 582.067444 1.879375 -2.418311
334.043335 589.052856 1.817637 0.568511
334.444489 319.548157 1.874673 -4.403706
337.070587 584.286377 1.963070 0.528426
338.074524 191.779648 2.055039 -2.712105
338.979065 590.900757 1.619907 0.543174
340.971222 528.339539 2.045734 -2.504692
342.479431 147.508606 2.042687 -4.285719
344.012726 74.476311 2.270481 -0.076517
343.977386 573.321838 1.998513 0.601482
345.057892 94.034622 2.144320 -0.058189
345.333405 358.718414 1.805753 -1.386479
346.845978 53.200336 2.018602 -1.423323
348.567505 333.498810 2.071998 -4.526786
352.979492 558.133057 2.096338 0.537931
353.820557 566.979126 1.921703 0.552784
355.816681 63.146416 1.937478 0.376239
357.554474 340.119141 1.983270 0.472786
358.316498 581.455688 1.899328 -1.748907
360.659454 23.996761 2.016068 0.041972
360.601288 43.635448 2.045062 -3.210216
360.777405 284.592621 1.930978 -0.105520
360.777405 284.592621 1.930978 -2.957513
361.272583 309.617554 2.143379 -0.200558
361.272583 309.617554 2.143379 -1.527032
361.272583 309.617554 2.143379 -3.110132
361.441986 229.896805 2.171400 -3.175497
363.878296 542.348938 1.803625 0.580970
371.177765 221.387024 2.051070 -0.305504
375.693756 514.098694 2.034736 -2.480657
376.064392 597.999023 2.140183 -2.606454
378.729004 240.900345 1.830571 -4.570036
378.511017 468.058289 1.777678 1.237888
378.511017 468.058289 1.777678 -1.719748
381.623627 415.272247 2.228705 0.956346
380.662994 516.475769 2.019490 0.589818
385.018860 519.061157 2.113958 0.624343
385.484955 259.075989 2.042948 -1.555216
386.961761 505.644897 2.021549 0.601740
390.405762 307.133484 1.797814 -3.385389
392.993134 241.702576 2.201770 -2.543646
392.627350 497.774780 1.695823 0.533435
396.787262 329.359375 2.071629 -4.588043
398.441223 398.647003 1.849697 0.724731
401.182373 203.379883 2.074665 -3.194883
402.009674 607.304077 2.467726 -0.569365
404.466125 386.530426 1.804809 0.915192
406.030884 436.227325 2.072525 -1.632911
411.582977 306.917755 1.877476 -1.256745
410.886627 315.320953 1.945098 0.996381
412.529755 153.922211 2.069155 0.793689
412.529755 153.922211 2.069155 -2.032880
412.738312 263.369843 2.067898 1.487511
414.616821 145.160339 1.768829 0.751511
414.187134 185.028214 1.838406 -1.769307
419.226166 238.006729 2.238952 -0.088113
419.226166 238.006729 2.238952 -3.359860
419.881714 148.112030 1.905816 -2.135023
422.514130 77.495667 1.639163 -3.148455
424.803223 82.055328 1.898767 1.123747
426.409973 325.681610 1.869673 -1.599380
428.385193 536.830994 1.603359 -0.698171
432.975037 245.088821 2.284488 -1.696315
437.505951 356.253906 1.610713 0.759887
438.239441 362.436615 2.357913 0.792243
439.300110 224.234833 2.026023 1.543139
441.295471 95.592262 1.807647 -1.747993
445.225708 14.138809 1.802524 -1.720565
446.831024 77.615959 2.037990 -1.581026
446.822479 106.156067 2.174752 0.157487
446.822479 106.156067 2.174752 -1.505508
447.360138 185.888931 1.936594 0.739865
447.899506 179.900650 1.993090 0.876226
453.700500 12.628066 1.829419 -1.797247
454.391571 553.996704 2.159505 -2.416529
455.805328 77.468239 2.085809 -0.202942
458.380127 175.312775 2.057788 1.325555
460.151062 11.074318 1.973145 -1.650467
462.911896 201.981628 2.072652 -2.843186
463.507874 211.005722 2.069580 -2.991167
464.148010 5.835413 1.858974 -1.729869
467.548035 634.578430 2.106457 -1.204304
469.423767 448.236237 1.945892 -4.662346
470.166992 470.547180 1.827913 -2.192272
472.290680 504.697784 2.029474 -1.313078
476.616180 541.741211 1.865686 -2.242649
5.925926 21.955912 2.462321 -1.096118
7.039077 157.908539 2.350870 -3.033030
9.416696 93.755859 2.753094 -0.873365
9.416696 93.755859 2.753094 -3.604825
9.731086 482.111725 2.495116 -2.017617
12.263324 351.519775 2.907827 -4.617351
12.320126 530.130188 2.833245 1.131262
14.455854 217.255722 2.642286 -1.007382
15.431046 45.809261 2.544827 -3.798395
14.724751 56.290134 2.668816 -3.708322
15.431046 45.809261 2.544827 -3.798395
21.477276 604.202637 2.615857 -1.707314
21.477276 604.202637 2.615857 -4.711853
22.721214 140.105515 2.702343 -2.715214
26.485590 108.323822 2.755247 -3.781079
26.195108 32.284256 2.918061 -0.684683
26.939125 98.564919 2.467604 -2.629120
28.781857 190.901901 2.422736 -3.401317
32.793804 356.238617 2.450477 1.474014
35.573357 220.337418 2.428333 -2.716714
37.876930 84.901642 2.537893 -0.408745
38.023796 494.453583 2.480355 -1.860839
38.850441 24.993193 2.333518 -3.299551
40.162823 42.610027 2.363792 0.003103
44.283504 106.162979 2.313470 -0.851255
48.833279 463.875061 2.406030 -1.611342
53.502388 257.963348 2.400154 0.952920
58.493393 42.131683 2.475983 -0.189964
58.493393 42.131683 2.475983 -3.243560
60.144424 163.150665 2.363099 -2.583215
60.112541 262.103180 2.797484 1.034026
67.163971 66.456512 2.412993 -3.135945
67.780014 95.335747 2.466969 -0.709475
67.780014 95.335747 2.466969 -2.549285
70.688400 50.573761 2.386495 -3.448433
73.698456 66.802551 2.276088 -3.085641
74.334839 468.585846 2.529279 0.446228
74.334839 468.585846 2.529279 -0.983007
81.950691 283.322357 2.681130 1.502737
82.741997 41.437492 2.507652 -2.904439
84.469345 62.135967 2.547934 -3.125012
83.819817 77.201431 2.591491 -3.109963
84.326363 179.284012 2.275593 -0.359517
84.064110 396.256226 2.535223 -0.122123
84.064110 396.256226 2.535223 -3.441116
84.911606 105.236847 2.623160 -2.273612
86.342896 30.109768 2.523479 -2.802394
85.824600 363.174988 2.474988 0.828403
91.613373 457.527954 2.486454 0.238554
91.542923 514.841492 2.527110 -2.033759
92.893829 376.474609 2.533233 -2.457522
99.834023 498.419312 2.287454 -2.341891
101.260582 525.782898 2.618217 1.026459
105.559441 361.073608 2.884143 1.412136
106.733299 142.632446 2.460261 -3.102205
108.205330 107.867638 2.312648 -0.047373
108.205330 107.867638 2.312648 -1.854140
108.205330 107.867638 2.312648 -4.501760
108.094231 176.637527 2.636713 -3.083647
114.431824 42.216171 2.291275 -0.088414
117.591026 144.051178 2.619614 -1.228386
120.514343 75.957588 2.497564 -0.147322
120.225029 175.524826 2.324888 -3.483815
124.994881 378.199036 2.615595 0.868187
126.519623 626.846924 2.681110 -1.107409
126.894470 34.240509 2.623477 0.106363
127.099129 565.841614 2.289574 -1.746999
127.737068 142.904816 2.685673 -1.045641
131.206879 403.605377 2.607533 -1.772377
135.035309 116.765350 2.795474 -3.109412
135.751083 156.033417 2.748504 -1.159034
136.779343 164.101852 2.768837 -0.263247
136.779343 164.101852 2.768837 -1.059701
138.636475 366.544464 2.671804 -1.798429
138.636475 366.544464 2.671804 -4.303123
144.081772 157.468506 2.622033 1.193516
145.418900 331.916504 2.577870 1.541783
145.418900 331.916504 2.577870 -1.528062
144.897507 549.995544 2.556670 -1.396427
148.586304 561.546692 2.474932 -0.882250
157.775879 171.447495 2.427428 -1.539791
159.764694 474.431976 2.826476 -1.670261
162.447556 489.285034 2.240170 -1.799553
162.447556 489.285034 2.240170 -4.699621
162.889923 437.582458 2.712769 -1.132816
163.101685 519.245850 2.403877 1.297978
163.437225 263.078430 2.604808 -0.631037
165.030396 526.213440 2.471649 1.262653
165.914047 481.562408 2.464015 -1.708827
165.914047 481.562408 2.464015 -4.668918
168.726028 565.830750 2.404071 1.333526
170.167358 170.081177 2.460030 1.483138
170.167358 170.081177 2.460030 -1.718939
169.649246 559.154114 2.337701 1.362727
169.649246 559.154114 2.337701 -1.932043
171.677383 146.637909 2.675926 -3.091357
175.053299 261.554901 2.317796 -1.914479
174.914368 499.774658 2.297735 1.513139
179.130569 348.103455 2.389725 -1.158003
179.130569 348.103455 2.389725 -4.393979
184.957153 34.956478 2.446585 -1.899590
196.945648 195.416183 2.424686 -0.462718
196.711151 318.468445 2.449500 -4.602390
202.541031 399.369781 2.494253 -2.022642
205.975235 166.203125 2.726809 -1.555364
213.346207 171.594391 2.444604 -1.647765
213.346207 171.594391 2.444604 -4.528269
212.914886 356.708405 2.279452 0.977345
212.914886 356.708405 2.279452 -2.189125
216.726364 165.235367 2.420989 -1.845005
217.474823 247.980286 2.680498 -0.830871
222.281891 120.334709 2.743492 -3.023835
225.828552 493.189453 2.533455 -1.538034
242.183990 415.854065 2.671692 1.042028
242.183990 415.854065 2.671692 -4.137353
245.674622 611.251160 2.456469 -4.595877
246.971710 59.090397 2.748386 0.365179
246.847351 154.608551 2.599104 -1.630202
246.847351 154.608551 2.599104 -3.967356
247.669357 161.876892 2.604313 -1.596883
256.003357 126.579933 2.462230 -3.001785
256.465027 522.341370 2.237628 0.742342
259.022430 354.523376 2.434177 -0.484440
264.259216 466.493652 2.514267 -4.046138
265.853485 494.999817 2.597842 -1.803463
266.178741 634.979736 2.615207 -1.554196
270.134674 241.749405 2.463301 -1.517574
271.170685 460.060089 2.847605 -1.292992
272.210205 380.788452 2.380489 -4.133869
276.228851 329.497528 2.649388 -1.367636
279.930084 116.883301 2.729827 1.420763
279.930084 116.883301 2.729827 -2.884185
285.821625 430.617767 2.487229 -2.415326
286.576019 538.360413 2.732669 1.159626
288.086182 177.136551 2.339107 -3.159767
288.543884 207.658325 2.758286 -3.230772
287.507355 272.492920 2.348383 -2.165905
289.267700 162.417221 2.972402 -1.814141
290.154114 549.842712 2.287760 -2.274873
290.709595 302.041046 2.594969 -1.662660
290.709595 302.041046 2.594969 -4.706326
296.507935 63.333206 2.650237 0.033082
301.471069 489.196869 2.724496 0.950599
302.144623 289.991089 2.268807 1.513735
302.585785 69.953896 2.467839 -0.135496
303.401062 90.027176 2.310542 0.242927
306.090179 186.092041 2.441982 -0.048818
309.333679 543.698853 2.667869 0.759827
309.333679 543.698853 2.667869 -2.578487
309.333679 543.698853 2.667869 -3.143278
312.254700 50.601959 2.664598 1.324805
312.254700 50.601959 2.664598 -0.606145
315.261810 384.880585 2.902994 -1.540546
316.512207 40.499493 2.408823 -4.639763
319.394135 377.248779 2.330539 -2.893804
326.281342 465.309357 2.682926 0.811005
327.448578 197.510788 2.925093 -3.104303
327.172821 388.061523 2.311510 -1.089441
327.172821 388.061523 2.311510 -1.617222
327.522461 185.732468 2.502940 -3.115086
329.786346 415.029755 2.624917 1.210584
335.561005 480.409210 2.444825 0.619143
335.561005 480.409210 2.444825 -2.004924
339.038605 569.873596 2.339792 -2.556530
344.049591 196.804794 2.470160 -0.038952
345.373749 240.434387 2.505594 -2.441271
351.171722 228.819702 2.373685 -4.699918
353.859650 298.155670 2.805944 -0.124361
361.435669 222.596649 2.524134 -0.098961
360.856934 301.576263 2.586211 -0.091391
360.856934 301.576263 2.586211 -3.015477
361.892639 388.858551 2.487018 -1.267189
364.452972 401.286499 2.429364 -0.555199
365.657623 481.901428 2.614190 -1.655651
367.884766 603.764771 2.714010 0.329440
367.884766 603.764771 2.714010 -1.400268
370.709991 68.451828 2.682728 0.260571
371.287781 101.952904 2.463790 -0.040275
373.712769 514.987488 2.579548 -2.495080
375.773956 260.121429 2.667378 -1.725215
377.586212 291.666595 2.871915 -1.313260
383.425934 608.597412 2.411678 -1.140349
390.683807 69.028679 2.619544 0.076542
400.173920 616.021240 2.365496 0.005366
405.944885 259.365845 2.628084 -2.628494
407.490936 148.876831 2.670209 -3.154681
411.364105 456.890533 2.343268 -2.535952
418.563049 21.781790 2.654416 -1.676244
419.841095 424.894836 2.548236 1.217466
419.841095 424.894836 2.548236 -3.422744
421.499390 557.347412 2.414630 -1.312819
423.140076 413.622711 2.589989 -1.787352
431.539032 209.879700 2.657226 -3.329344
432.723694 10.606541 2.546494 -1.688603
439.582092 380.251709 2.380171 -4.444848
439.708221 551.571472 2.769498 -2.414386
440.858521 498.351746 2.257001 -2.370384
444.922119 342.704681 2.351399 -0.910537
444.866486 404.838470 2.293738 -2.419391
447.236481 390.491241 2.297035 -2.935642
446.850555 597.278625 2.420596 -2.581888
448.058746 7.581532 2.734807 -1.776087
454.487793 182.098557 2.569718 1.035690
455.207977 585.630859 2.321445 -2.656106
459.291870 104.799568 2.483223 -1.630452
468.702301 136.695465 2.514818 1.441552
469.100861 260.444611 2.704962 -2.299085
473.612152 561.242859 2.244725 -1.822428
473.612152 561.242859 2.244725 -4.449169
473.641907 569.223267 2.529616 -1.744118
473.641907 569.223267 2.529616 -4.481257
475.778198 235.449585 2.627733 -3.419072
1.916723 284.530701 2.890323 1.250584
8.722436 208.666840 3.154561 -1.117055
12.024599 170.028412 3.602890 -2.312975
19.463015 232.122589 3.340857 -1.645096
19.647850 13.102982 3.436499 -0.830949
25.404095 512.537598 2.986473 -2.125527
29.046799 425.195343 3.301127 -1.469485
30.003553 86.509773 3.405208 -0.311620
30.003553 86.509773 3.405208 -2.971890
36.324081 364.447113 3.290239 1.396697
46.213806 418.412933 3.121417 -1.801682
47.392780 471.904877 3.083751 1.155008
47.392780 471.904877 3.083751 -1.638987
50.196980 339.684052 3.062466 0.918473
50.563915 506.877289 2.972183 -2.192958
56.988777 423.489777 2.994824 -1.418941
58.069698 598.908020 3.253005 -1.581167
59.090538 345.877655 3.058200 1.340527
60.223686 489.657654 3.071179 -2.685088
63.224079 441.797058 2.898107 -1.903962
63.754021 462.466919 2.873348 0.367350
63.754021 462.466919 2.873348 -1.945934
66.323692 338.186768 3.450251 1.546595
65.591125 238.326874 3.860174 -1.695662
69.501663 366.427002 3.566944 -4.666186
69.743484 629.234924 3.083474 -0.785388
77.048492 217.368454 3.212323 0.547453
77.048492 217.368454 3.212323 -1.843151
79.534813 434.896515 3.404036 -2.143034
82.421425 136.429184 3.204035 -0.437140
88.723045 267.269470 2.954602 0.745724
90.312317 574.833374 3.607027 -1.534307
92.486069 322.354980 3.124284 -0.617673
109.058640 289.960419 3.322469 -0.029011
112.434532 380.056824 2.968519 1.030962
112.434532 380.056824 2.968519 -1.832014
112.434532 380.056824 2.968519 -4.239288
113.860832 71.032310 2.969825 -0.096516
120.748543 162.801010 3.608748 -2.999897
120.643646 397.923462 2.860220 -0.764372
144.668243 113.483376 3.204447 -1.772420
146.343521 541.736755 3.112652 -1.484468
146.850540 165.308289 3.091298 -1.320211
147.455078 219.812500 2.850641 -0.284946
150.157822 7.087790 3.238919 0.518079
151.173782 521.875549 3.271153 1.209048
154.588226 507.297180 2.885670 -1.218858
154.899216 618.879456 3.396097 0.853141
157.292755 628.197144 3.233059 0.931982
157.441208 270.323151 3.447201 -0.168585
164.634460 42.266113 3.053174 -3.876374
164.830673 314.264221 2.997855 -1.701779
166.825012 7.368561 3.258142 -1.916408
167.415909 53.476837 3.013120 -3.914919
168.423660 597.541992 3.054394 0.942910
171.170410 472.677307 3.255758 -1.658966
173.542099 292.796112 3.371882 -4.709504
180.183884 63.623447 2.951864 -0.278024
179.649384 97.603485 3.326252 1.445566
181.697311 540.969238 3.314301 -0.537317
186.547501 167.248398 2.975690 -1.283160
191.562546 40.960182 3.042600 1.456143
191.076996 594.275513 3.034030 1.416789
192.006592 159.081497 3.140666 1.123809
195.202927 96.123924 3.285019 1.139024
195.906738 563.375732 2.967095 -2.178319
202.043411 532.720337 2.985779 1.407978
201.684219 570.227905 3.551400 0.993538
205.233078 166.452576 2.894063 -1.537168
204.034973 196.056366 3.259085 -0.356555
212.299652 408.329834 3.138760 1.553008
223.782837 49.241844 2.987983 -0.660978
225.002777 352.300110 2.939306 -1.358768
225.002777 352.300110 2.939306 -4.344490
228.800079 532.243042 2.841536 -2.123147
236.293564 585.614624 3.146791 -1.584912
239.482819 61.387115 3.009222 -3.845923
238.462738 271.253479 3.084439 -1.382550
240.751785 577.467224 3.256038 -1.622874
242.369263 142.988922 3.156259 -0.039187
247.185898 366.526794 3.417193 -1.358286
250.868835 146.479630 3.289957 -2.536397
251.477386 598.341125 3.381030 -1.334872
258.355225 261.488098 3.761388 -0.079210
259.189240 505.412323 3.172316 0.689215
270.452698 218.956741 3.141387 -0.027202
280.922272 439.996368 3.268575 0.507318
280.922272 439.996368 3.268575 -1.900664
281.288513 547.645020 3.548448 0.779761
281.891052 560.810913 3.109304 -2.170456
287.031738 629.263245 3.151673 -1.957608
288.515198 105.307152 3.239065 -0.123618
288.515198 105.307152 3.239065 -2.971664
290.491089 409.999359 3.112164 -2.007810
295.048767 431.263947 3.335349 1.238497
296.462677 78.774231 3.093875 -0.073138
304.588928 167.656967 3.316282 -0.541961
309.989166 262.933807 2.888162 -1.399392
314.562103 477.478699 3.030669 0.699460
317.990631 217.459412 3.295745 -3.178157
319.598938 392.640533 2.953524 -1.531101
325.133453 614.895264 3.284559 0.281740
326.506439 229.072937 3.070417 -4.553367
327.719727 167.555954 2.837533 -2.842162
327.973450 207.328979 3.082775 -3.210888
332.245422 505.786194 3.504305 1.372679
339.412903 251.992218 2.980036 -1.068597
344.362030 217.670288 3.051996 -4.681794
346.740906 618.234619 3.368134 -1.245932
352.618591 136.737198 3.332386 -1.372719
359.746735 214.814163 3.030346 -0.203546
360.165771 317.828522 3.393611 -1.591372
365.925262 432.025970 3.264948 0.772935
373.651733 131.009567 3.586962 -1.477437
377.332947 252.779449 3.209669 -1.644169
381.938660 168.185135 3.521024 -0.106336
381.938660 168.185135 3.521024 -3.122872
382.342651 181.011505 3.460051 0.094275
382.342651 181.011505 3.460051 -3.273077
382.526611 96.412193 3.310789 -1.488632
390.263062 343.995453 2.930997 -1.608279
394.574219 232.246719 3.158718 -2.398791
398.102539 577.412415 3.295522 -2.048958
398.102539 577.412415 3.295522 -4.630749
403.756470 237.311127 3.278116 -2.045367
405.291382 126.940979 3.244320 -1.632029
405.763519 393.566772 3.445308 0.796359
415.190735 125.878601 3.207209 -1.723715
424.713165 231.376480 3.068960 -2.959851
426.815643 372.575623 2.953924 0.873296
433.334167 296.273010 2.974439 -2.176521
434.935120 530.449951 3.234746 -1.971112
438.715149 390.719574 3.142149 -2.915300
438.715149 390.719574 3.142149 -4.420608
439.748566 186.784973 3.144747 0.715009
442.593414 404.951324 2.741024 -2.482958
444.628754 358.555847 3.432528 0.682631
444.489380 454.989014 2.896973 -4.229961
446.692322 373.320679 3.083170 0.978318
450.108795 83.372826 3.210786 -0.071098
450.108795 83.372826 3.210786 -1.701841
449.410431 321.084839 3.157232 1.360388
454.761200 295.903503 3.284453 -1.656731
467.281799 130.177811 3.071731 -1.647706
467.875671 621.859802 2.863013 -1.890931
469.742462 412.236847 3.480284 0.226430
469.742462 412.236847 3.480284 -1.767912
469.742462 412.236847 3.480284 -4.625167
9.885899 289.634979 3.681115 1.466034
12.082838 360.178558 3.870206 -4.698898
19.008636 234.622345 3.976629 -1.548671
21.520512 202.925140 3.785254 1.366179
22.535990 286.232574 3.876618 -3.836833
27.495478 267.442078 3.912055 -0.203403
28.058851 622.160645 4.188133 -2.320964
33.055168 318.948059 3.857522 1.439969
35.954151 331.202087 3.461895 1.396760
35.782196 353.688019 4.273157 1.489572
38.100758 298.250977 4.381993 -4.671158
42.537918 209.063232 3.820535 -2.830813
49.545872 363.087463 4.450926 1.390754
60.851707 326.650970 3.785761 1.246435
83.660393 195.450790 4.171177 -1.107074
90.182381 574.860718 3.566714 -1.826168
93.192276 557.311157 3.845116 -1.013513
95.487251 481.670624 4.335913 -1.963464
101.959763 225.591278 3.714676 -0.141056
116.220909 115.963005 3.934213 -0.350716
116.220909 115.963005 3.934213 -2.019403
121.419502 162.412170 3.835013 -0.905655
121.419502 162.412170 3.835013 -2.909891
149.314407 184.558655 4.320015 -1.145961
152.063721 65.186050 4.663314 -2.107731
152.715012 352.239441 3.212537 1.527803
157.578720 225.735641 4.314743 0.000269
157.082336 270.919312 3.743500 -0.251225
159.337769 101.650475 3.762071 1.344742
161.569046 90.653214 3.904874 1.343981
169.157822 224.373749 4.419701 0.015589
169.830521 303.534424 4.591660 1.512724
179.018661 385.227173 3.641079 -4.160093
180.934525 233.361313 4.002464 -4.525811
183.725769 628.020508 4.054504 -1.699629
189.728165 417.876099 3.977995 -1.186726
193.269531 148.620804 3.967893 0.878903
193.269531 148.620804 3.967893 -0.176195
195.400345 49.958271 4.221049 1.524628
195.400345 49.958271 4.221049 -3.268284
195.318329 70.662048 4.072314 -2.966394
199.148575 472.175049 3.759150 -1.986219
201.969864 177.376099 4.053350 1.158460
201.969864 177.376099 4.053350 -1.287782
201.969864 177.376099 4.053350 -2.576191
205.660568 143.700623 4.286483 -0.210690
205.660568 143.700623 4.286483 -3.390112
205.537521 230.760422 4.461532 0.235836
205.539078 298.536438 3.686902 -4.673882
204.283386 630.197388 3.954127 0.497989
206.895187 221.795868 4.015207 0.237380
206.895187 221.795868 4.015207 -3.278628
209.367310 491.905945 3.849296 -2.264494
214.275558 537.790222 4.163576 -1.771420
225.271805 174.858597 3.942541 -1.181104
228.920639 89.660042 3.973044 1.243299
228.440765 562.455078 4.540212 0.749750
232.999710 99.686981 3.820778 -0.346062
232.999710 99.686981 3.820778 -1.455903
236.665909 538.213867 4.611482 0.825983
257.540710 72.128540 3.433158 -0.003160
259.084473 172.407043 4.281498 -0.210253
259.084473 172.407043 4.281498 -3.310666
260.147705 345.137421 4.040365 1.431112
268.947662 284.548920 4.148395 -2.880327
270.878540 176.669861 4.022489 -0.060769
270.878540 176.669861 4.022489 -3.192790
270.218628 264.513214 4.435706 -2.883152
281.534607 219.892303 3.805369 -4.674528
294.508057 59.891819 4.719356 -0.052301
294.508057 59.891819 4.719356 -1.558033
303.685730 167.484802 3.892920 -0.553702
338.913086 442.749481 4.438552 0.907989
342.569489 287.585419 4.000582 -0.276745
342.569489 287.585419 4.000582 -1.409392
354.288757 104.121025 4.398409 -0.055417
362.278992 279.601746 4.203512 -3.028888
367.963928 318.487030 4.111560 -1.944652
370.952362 301.156799 4.372658 -2.864746
379.345764 261.386108 4.168578 -1.625824
387.578491 11.052486 4.189612 0.284149
393.637451 137.729248 3.747627 1.443976
393.637451 137.729248 3.747627 -1.769913
393.702423 407.109039 4.150295 0.770948
393.875610 453.088898 4.187245 -2.031296
402.072784 186.460205 3.773643 -3.098160
404.042694 174.966446 3.691293 -2.903905
425.076141 116.516167 4.101167 -2.738203
425.397339 298.509644 4.275976 -2.288551
441.792633 250.844299 3.750083 -1.511398
446.067932 115.001884 3.799586 -1.391330
444.204346 359.152435 3.559141 0.662306
462.877869 529.026367 4.122491 -2.454495
468.590424 96.387825 4.014575 -1.616093
45.716213 191.438721 4.324241 -2.963920
59.100365 542.051392 4.876919 -1.223003
82.282722 294.114258 5.609759 1.491747
87.886887 364.024689 5.274970 1.336952
98.454826 18.624008 4.982886 -2.795837
101.895012 450.933563 4.670022 -4.699249
106.261047 292.999817 4.847236 1.462891
130.245193 388.897522 4.829970 1.081259
132.792236 131.792465 5.191567 -0.325654
137.125854 173.298843 5.244617 -0.484728
151.396835 12.762866 4.702183 0.517162
150.585861 565.799683 4.418206 1.257176
150.585861 565.799683 4.418206 -1.259235
154.353531 199.028015 5.338937 -0.895296
155.614761 248.509933 4.827357 0.388637
167.769547 120.358124 4.724895 -0.306322
168.248581 67.640236 5.311336 -2.181785
168.945496 145.867554 4.573463 -0.004882
168.945496 145.867554 4.573463 -2.980961
177.475418 290.719971 4.842290 -2.212158
177.475418 290.719971 4.842290 -4.666813
182.704483 246.762070 5.265926 -4.475121
183.444702 373.652527 5.067481 -4.086398
207.547775 94.809853 4.655792 1.373511
227.794601 244.069855 5.127770 1.287900
227.794601 244.069855 5.127770 -0.622651
230.013168 140.884003 5.444083 0.087749
232.535965 446.998047 4.808299 -1.811943
243.922363 135.715881 5.270234 0.002263
246.480988 176.743042 4.903473 -3.358785
250.948227 524.522034 4.975681 0.767582
255.332352 538.335693 5.529830 0.808917
258.391846 95.254463 4.789528 -0.143115
259.755463 119.385841 4.854184 -0.097880
259.755463 119.385841 4.854184 -3.203843
258.485626 223.762131 4.793211 0.707859
258.485626 223.762131 4.793211 0.332504
258.485626 223.762131 4.793211 -2.990742
269.214355 334.126038 5.076779 1.548527
270.784515 107.569550 4.643745 -0.190540
270.487061 358.648163 4.883282 -1.982990
283.997528 48.248539 5.438938 1.243526
282.419739 511.951569 5.279300 0.826492
294.068329 570.834717 4.936806 -2.257269
311.984619 599.086548 5.154843 -2.435277
316.819397 184.811371 5.676194 -0.031246
316.819397 184.811371 5.676194 -3.077584
317.073853 201.299149 4.806140 -3.142230
320.496124 521.037109 5.180430 1.068075
327.225342 542.776672 5.375794 -2.181930
344.964600 48.998875 5.078918 -1.462126
344.964600 48.998875 5.078918 -4.474734
345.945770 451.442047 4.824033 0.904821
356.035461 205.156296 4.665263 -0.066604
365.495209 418.945038 4.989329 0.749329
375.567474 153.879745 4.781065 1.073706
374.555695 196.474899 5.050064 0.012761
373.946686 361.426025 5.147176 -2.084378
377.628693 619.385437 5.062548 -1.521368
385.594971 288.801208 5.130121 0.983425
385.594971 288.801208 5.130121 -1.231823
396.643402 21.004299 5.359895 0.169819
407.019653 310.718628 4.775118 0.536022
407.198883 492.508148 4.982435 0.464922
427.743042 564.106201 4.871747 -2.073297
436.896210 101.251259 4.618535 -0.803341
436.896210 101.251259 4.618535 -1.642228
447.832153 41.125233 5.250543 1.436709
468.264618 545.582581 5.769411 -2.023621
15.308220 178.138947 7.048810 -2.221646
25.762274 215.463684 6.910872 -2.670529
57.564762 293.877625 6.505955 1.552163
65.196960 109.780098 6.861073 -2.185559
93.648132 307.616058 6.022082 1.478368
95.338036 590.887390 6.267421 -2.015604
101.575897 250.839218 6.686698 -1.382319
117.940498 121.848137 5.744370 -0.337806
116.632080 468.212708 6.914786 -1.567742
127.307091 75.450012 6.801281 -2.007704
132.774612 113.653008 6.182807 1.075973
132.774612 113.653008 6.182807 -0.251132
132.774612 113.653008 6.182807 -2.796622
151.541168 117.567345 6.329269 -0.450352
165.130768 103.632195 6.658381 1.302088
172.534378 276.614380 6.551737 -0.274504
187.769241 85.391808 6.050454 1.234288
187.769241 85.391808 6.050454 -1.329359
200.896561 183.962036 6.737015 -1.081476
206.501236 153.470428 7.150307 0.072961
206.501236 153.470428 7.150307 -3.463017
205.116028 583.852051 6.630373 0.809785
207.839203 80.005806 6.097352 1.377304
211.032730 286.830200 6.026117 -4.693222
240.061020 284.805603 6.429697 -1.077416
243.595352 89.444801 5.883089 1.393167
282.307953 493.944824 5.611375 0.798130
288.855164 109.510254 6.315993 -0.194390
288.855164 109.510254 6.315993 -3.066088
297.011871 150.438049 6.181693 -1.215524
296.306061 500.823792 6.328900 0.824268
302.270477 473.563660 7.185383 0.775541
312.443420 562.477783 5.981061 -2.417993
319.154022 478.490753 6.347454 0.735019
328.660980 305.303253 5.990911 -1.133069
376.442200 82.718124 6.366127 0.072283
386.072174 396.437164 7.044899 0.772359
391.228699 154.023697 6.452603 1.458283
390.364532 341.245331 6.462771 -2.050420
410.785461 31.009739 6.072493 1.450381
410.785461 31.009739 6.072493 -1.760531
420.614105 321.043945 6.031581 -1.069351
420.614105 321.043945 6.031581 -4.271791
426.242981 597.718750 6.733844 -1.927314
430.676453 28.218555 7.172893 1.443747
430.676453 28.218555 7.172893 -1.792761
439.806976 308.610016 6.916255 1.548891
442.252960 500.283417 6.429341 -2.351648
442.252960 500.283417 6.429341 -4.489121
448.228516 195.901535 5.843594 0.806891
448.228516 195.901535 5.843594 -2.403520
452.012512 216.486053 7.017110 -4.654865
454.816406 149.591049 5.734555 -1.480928
460.236572 165.979248 6.992065 -1.403992
461.130371 307.826080 6.143230 1.374818
28.130455 453.520569 8.109214 -1.629149
43.754795 347.972473 8.490966 1.389216
48.225056 581.655396 8.131458 -1.474714
66.438896 517.166565 8.142284 -2.084817
88.569672 338.291992 8.548624 1.477105
104.811203 162.603683 7.326807 -0.797750
122.459709 604.880859 7.702308 -1.570323
133.196075 173.043060 7.548918 -0.572912
146.301010 85.701012 8.269706 -2.011698
143.740143 304.148590 6.963995 1.453802
165.265930 104.543236 7.131134 1.202905
164.282288 185.522156 8.249640 -0.784135
185.722534 145.700668 7.178370 -0.790522
188.945114 202.256470 8.150283 -1.044551
189.081604 225.395264 7.829242 0.416260
199.266769 114.695389 8.122236 -2.834262
212.583862 257.687042 7.760985 -0.669373
214.326340 555.176270 8.596869 0.800546
228.082184 222.382385 8.364133 0.122435
271.883270 158.144058 7.480815 -2.304639
301.782867 472.901001 7.821218 0.773085
337.997223 170.620346 8.764185 -0.172094
337.997223 170.620346 8.764185 -2.688927
339.108612 104.193687 8.847141 -0.045680
339.108612 104.193687 8.847141 -3.164354
342.204865 381.926819 8.008023 -1.829448
342.113708 307.577454 8.960858 -0.983880
385.485321 396.632751 7.205956 0.766467
400.064636 517.664551 8.652448 0.525486
433.219971 108.719688 8.442558 -2.532783
453.773346 216.207932 7.297503 -4.605154
459.963379 235.277878 7.693293 -4.638400
149.048615 280.782074 10.386177 1.389203
149.048615 280.782074 10.386177 -0.335079
158.881470 81.747803 10.557715 -1.990683
180.742676 614.320007 9.697366 0.794910
230.977463 392.595428 9.244864 -1.287012
230.977463 392.595428 9.244864 -4.290846
234.723709 423.259735 10.133190 -2.006500
294.063141 176.071457 10.214837 -0.596726
312.972595 95.955490 9.146995 -3.072129
313.819366 230.959091 11.186234 -1.481185
315.426819 158.002930 8.907761 -0.808565
338.940796 206.219482 10.925711 0.019084
355.854156 280.673645 9.432634 -0.982661
362.033691 344.570221 10.649757 -1.846050
362.033691 344.570221 10.649757 -4.638729
376.720490 32.166611 11.158312 1.072696
385.721375 425.503052 10.551054 0.737184
428.848450 351.874451 9.868206 0.654922
439.224060 173.037079 9.702593 -2.344438
62.117283 64.325607 13.974684 -2.816600
98.193840 43.947990 11.938257 -0.204445
98.193840 43.947990 11.938257 -2.922278
189.019318 30.764372 12.284842 -1.604429
209.866287 266.791595 12.192120 -0.821551
259.409668 357.275940 12.580060 1.164512
313.359100 53.794804 11.770613 -4.710343
403.836578 164.395340 13.161383 -2.849071
420.492767 394.558777 11.944267 0.787797
13.548432 525.658630 15.761935 -1.634377
137.194519 55.636677 15.164397 -0.393171
137.194519 55.636677 15.164397 -1.969587
142.392670 216.852173 15.267637 -0.487932
213.002487 277.172577 15.115280 -0.841188
303.808624 267.347107 15.733380 -1.636813
343.080627 475.016388 17.158199 0.751351
229.074860 51.942463 19.279072 -1.728315
262.225769 240.674713 19.243771 -1.726127
311.544800 352.002991 19.851372 -1.570981
394.269897 84.654800 22.825254 0.746562
390.405548 208.186432 19.552357 -0.084240
390.405548 208.186432 19.552357 -1.700416
390.405548 208.186432 19.552357 -3.024087
417.740204 526.878906 21.438837 0.300052
273.847107 556.893860 26.195425 0.721286
285.960297 454.041412 30.669662 0.696788
345.521118 341.616333 57.996086 -1.080128
