26 591
97 281
136 44
177 862
221 571
233 17
238 17
242 8
249 17
254 17
258 391
261 17
262 395
265 22
266 18
267 19
269 20
283 26
287 32
295 376
297 38
299 47
303 420
305 419
308 54
311 425
316 60
317 61
318 422
320 423
334 81
337 88
339 91
341 553
342 96
343 101
344 98
347 102
350 105
351 106
352 153
355 110
359 450
360 117
367 125
371 125
378 136
410 21
438 44
464 583
486 903
511 639
516 385
520 640
522 398
524 392
525 402
526 403
527 399
536 649
538 407
539 408
540 413
541 412
545 53
546 657
547 418
548 658
549 62
552 424
553 426
557 432
561 664
566 441
568 112
578 453
587 463
677 430
685 390
687 820
688 396
689 642
692 646
693 647
695 648
696 650
697 392
699 653
700 656
702 659
705 662
706 665
707 666
708 669
710 670
711 789
713 1125
714 436
719 886
720 683
721 686
722 446
730 701
731 699
734 702
735 704
739 169
797 833
798 930
800 553
811 356
812 642
813 553
815 825
816 829
818 830
819 831
822 675
823 676
824 833
825 834
826 678
827 836
829 685
830 695
865 553
880 932
881 933
882 934
887 935
888 937
889 940
890 942
892 941
895 944
896 950
897 949
901 841
922 1075
930 553
931 1015
932 1016
933 1017
938 1018
940 1021
941 1022
943 953
944 954
945 1026
948 959
949 960
950 1027
958 1031
960 552
963 552
980 1079
981 1080
982 1082
983 1083
984 1081
985 1116
986 1021
989 81
991 256
999 1077
1000 1134
1001 1075
1002 1114
1003 1117
1004 1136
1007 1086
1008 1120
1017 1137
1018 1138
1027 41
1030 1146
1035 116
