35 655
179 1057
254 825
268 5
272 493
274 10
275 19
277 18
281 1287
282 1057
283 488
284 489
288 17
296 29
300 490
302 24
305 28
308 502
309 41
313 38
315 34
316 47
317 505
318 506
319 36
320 37
323 70
331 64
334 540
335 54
339 91
341 69
342 85
344 97
347 92
348 100
352 83
353 72
354 73
355 79
356 77
358 90
361 84
366 75
367 93
368 544
369 545
372 253
377 104
378 116
379 110
380 111
383 934
386 127
389 96
394 120
399 132
400 133
404 135
405 579
406 573
415 137
416 138
423 150
430 267
600 532
623 485
624 1033
627 486
628 15
630 497
632 479
636 491
637 21
639 838
640 492
644 501
646 512
647 499
651 835
654 845
655 519
657 508
659 504
662 536
663 515
664 844
665 516
668 527
669 532
670 58
675 60
681 548
686 78
687 561
688 549
690 556
691 557
692 558
693 550
694 559
695 565
696 566
698 570
699 571
701 575
702 567
703 568
704 99
705 552
706 553
707 560
708 94
709 123
711 108
712 109
713 582
714 583
715 107
716 554
717 551
719 590
722 576
728 569
732 612
733 602
805 514
824 944
825 1275
828 1277
877 827
878 823
879 481
880 824
882 836
883 828
886 832
888 1032
889 831
890 837
892 839
893 513
894 513
896 1048
898 843
899 1042
900 1043
903 853
904 854
910 1060
911 856
912 1054
913 848
914 852
915 530
916 861
917 1066
918 541
920 855
921 860
922 863
923 867
926 542
927 866
928 864
931 874
933 1078
935 887
936 563
938 884
940 882
941 883
942 589
944 890
945 610
946 611
947 596
948 892
952 586
953 587
1012 111
1050 1031
1051 1035
1052 1034
1058 1052
1059 1053
1060 1040
1061 1041
1063 1055
1064 1054
1067 1058
1068 1069
1069 1062
1070 863
1071 1059
1072 1070
1073 1068
1075 1072
1077 865
1078 875
1079 1071
1080 1078
1081 1076
1082 1075
1083 1084
1101 153
1123 1185
1126 1181
1127 1179
1128 1180
1129 1182
1130 1273
1131 1274
1132 1186
1133 1187
1134 1192
1138 1194
1139 1282
1141 1195
1143 1064
1144 1061
1145 1196
1146 1199
1147 1201
1148 1200
1150 506
1151 1204
1152 1205
1154 1203
1155 1206
1158 1211
1159 1209
1162 1213
1202 946
1207 1271
1208 1272
1209 1275
1211 1276
1212 1273
1213 1274
1214 1277
1215 1278
1216 1193
1219 1286
1220 1285
1221 1280
1223 1288
1258 1338
1259 1341
1260 1342
1261 1339
1262 1343
1263 1340
1269 908
1272 1384
1273 1367
1281 1366
1282 1385
1291 1391
