8.097948 232.243408 2.117607 -1.650674
8.097948 232.243408 2.117607 -4.232325
9.156146 57.303406 1.924608 0.911289
9.156146 57.303406 1.924608 -0.371480
11.094800 202.344147 1.942360 -4.680782
10.891228 521.491699 2.338159 1.464277
10.630790 631.183350 1.832825 -0.236934
11.460139 66.941345 1.880519 -0.275903
11.460139 66.941345 1.880519 -0.954385
12.613940 245.096466 1.826122 -1.578535
14.987564 77.871796 1.913135 -1.731350
15.083752 302.978424 1.970197 -0.998870
15.181183 374.161377 1.917009 0.040449
15.779692 239.956680 2.227592 -1.717387
16.680649 559.196594 2.021566 1.300781
16.680649 559.196594 2.021566 -1.387934
19.344318 41.478340 1.625885 -3.494406
19.482334 226.808167 2.001330 -4.271118
20.418631 545.112549 1.962528 -3.709740
20.599743 265.762817 1.796685 1.249231
21.783155 146.136383 1.844376 -0.118750
24.472256 313.654205 2.481447 -0.368984
23.660387 421.837067 2.000983 -1.177862
27.142654 118.413528 2.280205 -1.387097
28.246788 2.688662 2.002683 0.258066
28.246788 2.688662 2.002683 -3.358576
30.170139 46.322685 2.038767 -0.263015
30.302761 292.570465 2.090877 -0.739540
30.302761 292.570465 2.090877 -4.248349
35.161713 305.198578 2.001728 -4.086939
37.092297 23.699078 1.876310 -0.464899
37.897747 95.404205 2.104370 -4.011999
38.019875 120.775345 2.041579 -3.321747
41.189648 575.036743 2.095641 -0.271611
41.189648 575.036743 2.095641 -3.490235
41.503880 591.286926 1.713106 -3.230909
42.005306 410.689667 1.856126 -1.527691
45.401779 15.403615 1.988714 -3.926465
45.412163 144.232819 1.839855 -0.447948
45.247009 290.152039 2.018235 0.908975
46.913666 406.449066 2.290319 -1.335548
47.500576 56.914726 2.125648 -1.174950
47.341892 597.971252 2.212080 -3.246268
48.396339 334.629852 1.927295 0.106830
48.396339 334.629852 1.927295 -3.206668
47.819782 458.039032 1.784781 -4.628585
48.041267 113.465919 2.310606 -1.385995
48.844570 153.526825 1.879338 1.244036
48.844570 153.526825 1.879338 -1.833512
48.943436 551.843018 1.870470 -1.669092
50.365723 365.869263 1.840583 -1.852470
50.365723 365.869263 1.840583 -3.092353
49.659004 545.037659 2.778876 -1.638475
50.550957 613.138000 2.009909 -3.342280
52.715015 329.024658 2.271246 1.143483
52.692833 352.402924 2.001621 1.539050
52.692833 352.402924 2.001621 -1.362119
53.385216 496.270966 1.910895 -3.811569
52.855305 598.898926 2.144710 -0.036414
54.023624 10.461650 1.839176 -0.980265
56.227402 175.203751 2.131075 -1.257898
55.686333 181.856918 1.935190 -4.692530
55.819160 556.244263 1.923079 -4.560960
59.196075 241.406815 2.149610 -3.259457
66.042336 33.937023 1.913083 -1.099398
66.042336 33.937023 1.913083 -4.460362
66.552673 257.842133 2.228907 -1.618059
67.049004 328.638855 2.101204 -4.539540
67.407799 337.255432 2.062808 -3.051597
67.230797 343.159851 2.302092 -3.050473
68.122688 283.011902 1.937576 -4.580771
67.694160 555.974060 1.858830 0.901347
68.343437 639.400513 2.342700 -0.997223
68.550613 597.195312 1.947994 1.331944
72.723732 128.375870 1.822546 -1.174890
72.723732 128.375870 1.822546 -2.128152
74.179649 176.989777 1.810956 -1.535989
74.099251 235.874252 2.004838 -0.466467
74.298279 336.487579 1.999123 -1.909386
74.298279 336.487579 1.999123 -2.989665
73.788391 606.983215 2.255612 -4.120933
75.527687 331.224792 1.776493 -1.865699
75.527687 331.224792 1.776493 -4.074105
75.216972 366.046539 1.888109 -1.677956
75.216972 366.046539 1.888109 -4.538043
75.819916 360.968536 1.949438 -1.717285
77.289848 298.834167 2.121886 -1.538829
79.514221 85.589561 2.121065 -1.172697
80.289169 457.072937 1.973720 1.459604
80.697891 622.113647 2.037431 -1.134629
81.670319 222.566849 1.897115 -3.925675
84.249741 177.406006 2.031196 -1.815737
87.085907 93.207985 2.132361 -3.798665
87.761688 283.919647 1.976170 -4.651498
89.293053 256.035492 2.002453 -0.237212
89.293053 256.035492 2.002453 -3.436751
89.925323 216.954620 2.038954 -0.577303
90.233047 337.411377 2.075647 0.018163
89.707924 356.213348 1.810336 -4.220595
91.807404 60.909821 2.071476 -0.893347
92.473740 456.524231 2.013573 1.395269
92.473740 456.524231 2.013573 -1.619858
93.316620 88.400948 2.308821 -0.448044
92.943642 432.346344 1.734558 -4.601198
94.720505 191.047318 1.921575 -4.601190
95.013069 474.977203 2.035955 -1.961542
95.913727 379.636475 2.035476 -4.056341
96.890663 542.377014 2.046470 -3.781562
98.790756 127.777443 2.027204 -4.580508
102.591866 249.489395 2.070148 -0.025662
103.210838 148.534027 1.878423 1.106874
103.210838 148.534027 1.878423 -1.754838
103.451927 116.739380 2.172034 -3.927914
104.800331 337.124847 2.132555 0.135449
104.668495 351.219238 2.118206 0.061615
105.270348 362.223663 2.006021 -0.006019
105.618530 153.081421 1.964010 1.165333
106.156075 243.662659 1.870807 0.003795
106.897614 29.629353 2.112670 0.740763
107.230743 163.276611 1.864216 -1.238177
107.230743 163.276611 1.864216 -4.100036
109.781555 115.452538 2.139239 -3.836959
109.220940 378.099487 2.236981 0.128104
109.768387 146.882263 2.058446 1.168876
110.180420 175.874619 2.012819 -1.558829
110.683220 465.269867 2.075902 -4.094483
113.272118 400.499146 1.873904 -2.345385
114.073021 290.317780 1.917849 -3.976264
115.178032 297.809692 1.915912 -0.903865
117.220840 143.742874 2.201697 1.295997
118.202980 405.219574 2.052468 -1.555685
118.202980 405.219574 2.052468 -2.835874
120.453300 11.141263 1.873573 -0.839610
120.453300 11.141263 1.873573 -4.703393
119.570923 203.050644 2.061187 -4.295228
120.767693 296.590973 1.908681 -0.338297
121.348953 352.649292 1.959101 -2.226616
121.348953 352.649292 1.959101 -4.249599
122.387192 361.072357 1.940842 -2.264409
124.974121 291.412140 1.920960 -0.304821
126.645439 345.715790 2.197190 0.332052
128.187775 469.687561 1.962689 1.302170
129.007446 10.607392 1.963863 -1.280880
132.804092 203.879486 2.113070 -3.975705
133.007095 567.448181 1.835753 -1.503521
135.082993 58.515842 1.808253 -1.299235
135.113632 416.162048 2.043024 1.036097
137.399597 18.134062 2.083634 -1.259285
137.399597 18.134062 2.083634 -4.351105
136.991608 124.129593 2.021568 -1.785877
137.370956 614.509888 2.120039 -3.824090
137.609436 245.665375 1.945075 -4.133068
137.665787 313.263947 2.384957 -3.182410
138.663925 101.008537 2.005068 -2.820257
141.138962 399.087677 2.087806 -1.705171
143.852707 92.788246 1.876950 -1.224146
144.750854 79.602638 2.075082 -2.649663
149.398956 192.414032 1.857423 -4.064742
153.789383 206.976379 2.113047 -3.458930
154.253510 394.028015 1.988971 -1.546215
153.960831 399.122406 2.142612 -1.495404
154.917618 262.622925 2.001652 -2.945770
154.568878 298.104309 2.000579 -3.370919
155.865341 371.074493 2.081990 -3.371608
158.228867 631.155579 1.985632 -3.315893
158.656723 126.265106 2.072787 -1.491063
158.844193 204.374008 2.146300 -3.510541
159.230728 523.140076 2.091711 -1.742317
163.304855 28.950327 2.163387 -3.960926
162.586838 516.661499 2.039955 1.478832
163.672684 292.654266 1.952737 0.414829
164.419037 447.281799 2.205850 -3.576006
164.764648 360.851929 2.079155 -2.212734
169.333328 18.069427 2.212113 -0.499586
169.794235 27.923292 2.212544 -0.610481
169.794235 27.923292 2.212544 -3.901819
169.502075 33.685371 1.821163 -4.017049
170.958405 568.120361 1.988085 1.429781
172.265381 385.522308 2.101386 -0.276635
172.256897 493.336792 2.012905 -2.238417
171.853607 591.256836 1.988133 -1.846822
173.893631 397.099854 1.966627 -3.412673
174.974014 77.425560 2.192849 -4.239981
174.849335 190.152039 1.894015 -0.513409
178.296326 106.200836 2.248717 -1.310998
178.540024 281.798248 1.790641 1.371807
179.291626 96.313927 2.088065 0.384634
180.126556 623.059998 1.782725 -1.587267
181.571503 336.912903 2.097134 -3.120504
182.135193 354.446289 2.211091 -3.217921
181.901001 610.092957 1.927218 0.434161
181.901001 610.092957 1.927218 -1.323693
186.292084 49.704094 2.259586 -3.868417
185.993042 81.342880 2.070332 -1.130064
185.993042 81.342880 2.070332 -4.287348
189.454849 89.061073 2.021900 -4.026158
188.453293 243.366745 2.189813 -1.876997
189.150986 323.224091 2.015627 -2.236332
190.033859 335.250397 2.257654 -2.769286
190.408401 345.569489 2.243860 -0.248877
191.883041 280.861328 1.945839 1.277393
192.800949 79.962372 1.926087 -1.028719
193.934494 311.665314 2.107968 -4.439466
195.079437 86.855270 2.029387 -1.051536
195.079437 86.855270 2.029387 -3.997329
195.199890 205.330170 1.864959 1.409653
195.881149 47.035370 2.244339 -1.954480
196.968246 254.967072 2.125542 1.209873
196.968246 254.967072 2.125542 -0.044168
197.229065 293.448639 1.847358 0.724290
197.866653 299.592194 2.212222 -0.902014
198.883881 464.224426 1.969878 0.916004
199.944305 378.984039 1.813930 -2.134401
199.437714 396.328094 2.340484 -0.108997
199.437714 396.328094 2.340484 -1.463835
199.949020 402.545441 2.069151 0.193387
201.561447 90.391205 2.074035 -1.429951
201.487518 564.781372 1.921558 -1.766008
202.507828 243.894577 1.895488 -3.782252
202.838531 383.377258 1.976452 -2.124674
203.847397 478.024139 1.927865 -1.483253
204.924103 119.683990 2.061213 1.555415
204.924103 119.683990 2.061213 -2.008147
205.269119 402.658630 1.999405 0.097296
205.565445 132.235123 1.954715 -4.649494
208.431931 78.791969 2.006734 -0.446112
208.431931 78.791969 2.006734 -3.367690
207.798615 513.470642 1.932574 0.890894
207.798615 513.470642 1.932574 -3.623003
207.798615 513.470642 1.932574 -4.658293
210.177536 393.083191 1.967601 0.446493
212.551270 378.699646 1.920959 -2.415097
213.160965 479.041687 1.801865 -1.346766
215.032654 55.921494 1.963208 1.367027
216.433548 86.956680 1.845401 -0.408525
216.435516 383.036163 2.214320 0.941622
216.435516 383.036163 2.214320 -2.396165
216.863403 371.468140 1.870495 -2.740661
217.046829 418.043457 1.814296 -3.028138
217.967331 133.777481 1.984510 -4.571618
220.208832 100.769753 1.763069 0.199168
222.254547 421.281067 2.307302 -3.026721
222.108383 556.761902 1.838139 1.380193
222.108383 556.761902 1.838139 -1.643240
222.792786 130.214996 2.028824 -0.588722
222.792786 130.214996 2.028824 -4.008316
224.246979 93.538788 2.113704 0.762529
224.928543 431.056305 1.949202 -1.751108
228.208893 517.789001 1.849878 -2.049230
230.067291 534.736389 1.861364 -4.711847
233.433014 628.368225 1.842369 -1.669597
234.849426 76.314087 1.880006 0.444479
235.038437 414.605896 2.237481 -2.389382
235.887726 136.311996 1.857769 -0.915988
236.823868 316.599457 2.366700 0.969039
236.823868 316.599457 2.366700 -2.009034
237.102158 608.819153 1.955344 1.377527
237.102158 608.819153 1.955344 -1.709940
239.087936 212.857574 1.988761 -2.837789
239.171402 601.880920 2.072347 1.452003
240.099838 538.846619 1.966418 -4.636722
241.435516 533.061829 1.969198 -1.544059
241.435516 533.061829 1.969198 -4.614544
242.646240 527.844116 2.062674 -1.551656
243.798187 145.682968 2.115550 -0.608686
244.331528 334.006805 1.902653 -3.227621
245.873032 239.541214 2.061850 -3.795955
247.005630 32.604050 2.132551 0.307079
247.005630 32.604050 2.132551 -2.863709
251.641388 68.438370 2.127756 0.559544
251.227509 185.126175 2.082748 0.852818
252.471451 237.965149 2.109336 -0.159221
252.828125 98.354485 2.109490 -0.084275
253.168808 362.419159 1.918843 -3.490060
258.161469 90.154663 1.889015 -3.230385
257.445038 487.909698 2.169976 -1.560669
258.466309 345.498199 1.800682 1.014805
258.466309 345.498199 1.800682 -0.411916
260.470367 45.342453 2.168313 0.736169
260.470367 45.342453 2.168313 -2.934853
260.768494 133.249374 2.051362 -2.264530
262.692749 92.446770 1.739980 -3.019464
263.528442 106.567688 2.173875 0.586917
264.201630 543.701599 1.917880 -1.936416
265.301910 327.476257 2.044278 -0.100886
266.502594 207.287155 1.951424 -1.027523
266.502594 207.287155 1.951424 -3.067969
267.553772 80.465233 1.945954 -2.097084
267.574005 127.156799 1.960226 -2.089227
268.633698 86.707199 2.024630 -1.970031
271.328857 475.274872 2.049093 -1.468798
277.487427 271.303802 1.824125 -0.613415
280.848785 131.715820 1.906195 1.163054
283.422638 47.368286 2.193105 -4.042373
282.683685 264.520569 1.892791 -3.364325
285.324188 635.723511 2.070393 -2.083518
286.668060 88.044876 1.877154 0.665995
287.452606 302.687836 1.904731 1.188095
287.540863 122.334396 2.096232 0.998559
288.032379 241.302505 1.869043 0.982164
287.933197 271.867767 1.840605 -3.220664
288.816162 281.202820 1.914943 -2.605678
289.309021 425.011536 1.941097 0.136264
290.801849 331.991638 2.081935 -3.180419
291.442810 441.437469 2.335741 -4.652149
293.385437 505.936218 1.828262 -1.722066
293.658356 257.609650 1.987935 -4.305196
295.113220 524.582031 2.355682 1.160188
295.929871 239.932709 1.856616 -1.508439
297.845184 446.235168 2.112706 1.515787
298.969391 99.579132 2.064055 -2.401428
299.867310 149.337448 2.049182 -1.522312
301.811584 84.105446 2.216144 -3.109585
305.513672 449.732941 2.139911 1.192270
307.466461 5.567842 1.984807 -0.975563
307.466461 5.567842 1.984807 -3.289460
309.643890 282.404419 1.818333 0.080524
310.698517 164.373169 1.828124 -2.311472
312.792419 96.615982 1.786669 1.347005
312.792419 96.615982 1.786669 -2.077108
315.811188 563.427490 1.798141 -2.231567
318.786926 424.268951 1.972821 1.557757
319.811798 212.751480 1.943950 0.821810
320.622650 452.126770 1.839967 -1.014964
321.727570 179.088867 2.196310 -1.638537
328.141510 150.911743 2.155671 -1.718153
328.565277 390.263977 1.942660 -1.239726
329.630310 312.767273 1.947464 -3.600267
330.904755 187.246033 1.940791 -2.288901
331.021545 448.082306 1.912774 -1.294232
332.889648 399.545288 2.145501 -1.239055
334.077728 207.528137 2.303330 -3.874459
336.058594 77.890526 2.030180 -2.068264
338.169189 629.104309 1.883178 -1.662934
342.822815 121.750366 2.012560 -1.482295
342.716553 512.286987 1.978894 -1.673949
343.640289 157.417328 1.803260 -2.509182
346.873566 125.440361 1.798183 -1.716379
348.881927 7.855795 2.017670 -2.183734
348.881927 7.855795 2.017670 -3.452478
350.339752 103.566879 1.998978 -0.023079
349.964752 402.982056 1.871440 -1.732413
350.696716 551.938965 2.111953 -1.442597
353.961945 59.972458 2.192234 -3.200746
353.747650 185.915863 1.947569 0.932223
354.015137 438.728882 2.226556 -4.475791
360.798798 165.070938 2.196188 -2.270314
362.481323 81.367142 1.795372 -3.266323
362.587555 511.986969 2.006009 -4.442883
365.135010 135.090775 1.767638 0.455920
364.524353 178.178406 2.064898 0.956353
365.097687 202.227798 1.884232 1.040039
365.097687 202.227798 1.884232 -0.984750
366.082581 484.308411 1.702501 -1.075730
367.135925 327.759155 1.936830 -2.873284
371.313354 79.296799 1.977016 0.946535
371.313354 79.296799 1.977016 -1.089269
370.764282 269.109497 1.938537 -0.136098
372.563995 173.211960 1.987625 0.964323
372.926178 494.153839 2.069746 -4.646763
374.981079 239.862015 1.941319 -1.441084
375.527832 620.746948 2.003013 -1.610679
376.126617 150.838776 2.061559 0.962407
377.669617 42.236523 2.062545 -0.548379
377.267334 126.846977 1.884209 -1.026871
378.233124 627.076294 1.799292 1.281966
378.637482 57.848545 1.962593 -2.028530
381.287811 67.099312 1.917088 1.061652
380.751221 162.818451 2.101696 -1.898109
381.303894 269.939026 1.977673 -0.102184
381.347778 499.372101 1.856763 -1.537666
383.527832 187.152115 1.999003 -4.559696
384.271240 180.986176 2.190253 0.861175
384.271240 180.986176 2.190253 -0.935069
384.127747 326.904968 2.576323 -1.006892
385.561188 444.862335 1.999353 -4.443541
386.983124 384.429382 2.066293 -2.002299
390.167114 326.149597 1.928630 -0.479999
390.200928 505.010590 1.889478 1.307841
390.200928 505.010590 1.889478 -1.637136
392.882385 126.128120 1.973940 -2.373523
393.006134 446.089600 1.920141 -4.669372
394.041046 279.193512 1.979860 -3.191473
395.976990 296.688629 2.288838 -1.883624
400.341888 224.535614 2.143723 -1.188911
402.194275 319.299927 1.885370 -3.352342
401.730621 360.755035 2.040172 -3.377391
401.922333 499.710785 2.150552 -1.904572
404.525635 149.373947 2.167284 -2.537420
406.332855 44.923187 1.951319 -2.674409
407.649200 138.320068 2.047510 -2.473570
409.830475 404.226562 1.852574 -0.854164
413.015747 120.462936 1.920356 1.159163
412.938202 558.084167 2.116049 -1.351932
412.938202 558.084167 2.116049 -4.696175
413.519257 295.752808 2.017863 -3.533342
416.444458 125.599464 2.562718 -2.361991
414.930695 334.059113 1.901783 -3.123596
416.688080 463.194519 2.075281 -4.624612
419.908081 48.069855 2.177359 0.783629
419.908081 48.069855 2.177359 -2.036116
419.622589 444.505585 1.836327 1.546646
419.869812 488.109161 2.033654 -1.701233
421.122620 66.998589 1.958134 -0.002119
421.411163 146.303604 2.131187 -0.035687
422.021942 280.276337 2.063138 -0.960565
422.021942 280.276337 2.063138 -3.285357
422.361053 559.008301 2.148549 -1.347226
422.361053 559.008301 2.148549 -4.516686
425.066467 11.089835 2.161752 0.466903
424.724518 119.207420 1.993453 -2.704275
425.787842 440.017212 2.245726 1.162545
425.787842 440.017212 2.245726 -1.386344
427.349640 103.193962 2.183735 -0.276995
427.347687 475.026672 1.900799 -1.853463
428.657013 419.038361 2.113255 1.400170
431.933716 53.742100 2.077422 0.992421
431.933716 53.742100 2.077422 -2.924188
432.324310 361.945648 2.097734 -3.171523
434.322754 65.735703 1.768005 0.132199
434.322754 65.735703 1.768005 -2.691944
434.213837 619.499634 1.981787 1.358547
435.457886 100.236885 1.835307 0.135013
436.453278 157.256180 2.114401 -1.843710
437.131805 289.371368 2.061164 -0.662921
438.888916 355.612274 1.974119 0.778939
438.888916 355.612274 1.974119 -0.202785
440.207214 346.054779 1.884801 1.195634
441.412140 501.729614 1.892752 -1.768547
444.034821 31.141214 1.919116 0.586741
443.863678 75.950592 2.048077 -2.298424
446.432465 39.952305 2.051111 0.302897
447.136414 597.479553 2.044837 -0.753948
447.607880 489.725403 2.231843 -1.711124
450.576385 392.056976 2.162685 -1.415635
452.024628 250.546570 1.950377 -0.254338
453.421539 342.811584 1.838939 -0.497788
454.520874 516.635864 1.791993 -4.489908
453.742859 636.665833 2.142723 -3.137089
454.642487 81.989220 1.801961 1.022641
455.525909 124.291336 1.982101 1.261726
455.525909 124.291336 1.982101 -3.206849
456.239105 216.296295 1.934623 -3.432847
458.542480 413.936432 2.123495 1.323905
459.479889 566.815613 2.073889 -1.459502
459.775238 49.190632 2.046494 -0.264829
459.830902 102.148651 1.964458 0.871700
460.658630 127.248741 1.944607 0.251455
460.658630 127.248741 1.944607 -3.054946
463.229156 96.067719 2.143193 0.518806
463.229156 96.067719 2.143193 -2.406275
463.867615 109.869179 1.871625 -0.054780
463.867615 109.869179 1.871625 -2.703768
465.870270 169.969086 1.998265 1.480248
465.870270 169.969086 1.998265 -1.493667
465.919800 360.804535 2.153185 -3.146127
470.875702 271.223114 1.974161 0.075385
470.875702 271.223114 1.974161 -3.897460
470.486389 516.012817 1.814147 1.250722
472.393799 295.628296 2.071495 -0.117305
471.948029 480.058929 1.840422 -1.348715
473.182251 189.795090 1.855466 -3.708928
472.941498 348.680725 1.792072 -0.753020
472.948700 468.356476 2.065277 -1.457736
475.522247 167.215012 1.951487 0.637631
475.522247 167.215012 1.951487 -1.584447
475.108673 438.298401 2.326723 -1.560112
476.836578 218.210953 2.059748 -2.548764
10.134630 604.409302 2.741773 0.967318
10.134630 604.409302 2.741773 -1.400065
13.518813 185.020355 2.423266 -4.529809
14.313338 232.929306 2.214313 -4.128713
16.217060 116.550575 2.555262 -1.446556
15.893733 217.050781 2.452666 -0.109103
15.893733 217.050781 2.452666 -2.510182
18.731829 584.384583 2.374490 0.195715
18.731829 584.384583 2.374490 -0.586296
18.731829 584.384583 2.374490 -2.316495
20.543589 254.853897 2.316939 -0.594207
24.834934 589.770020 2.630958 -1.676069
34.725895 206.676147 2.731160 0.705284
34.725895 206.676147 2.731160 -2.144615
34.574242 187.360046 2.816308 -4.700139
35.334560 153.542557 2.673640 -1.321705
35.334560 153.542557 2.673640 -2.064105
35.334560 153.542557 2.673640 -4.596071
36.220917 288.363068 2.653374 -4.616171
37.363857 608.967957 2.348037 -2.131897
37.363857 608.967957 2.348037 -3.382959
39.244511 169.046326 2.435266 -1.562704
42.116238 133.927536 2.456786 -1.525102
42.882317 381.824524 2.902611 -3.348005
46.406925 17.515465 2.734015 -2.876400
49.376469 463.873932 2.623060 -4.690698
49.819443 79.309906 2.630077 -4.298389
59.364223 417.983582 2.747481 -1.157803
60.242054 42.920391 2.405515 1.535189
60.568142 229.955688 2.567434 -3.063559
63.839169 484.859985 2.558558 -2.124903
64.635811 166.378372 2.630867 -2.185479
67.017975 568.140625 2.416238 -0.346339
67.017975 568.140625 2.416238 -2.828452
67.766060 413.627411 2.381568 -1.221320
74.775993 215.677017 2.818330 -4.503958
75.035027 511.329987 2.359918 -3.753384
77.984535 18.861446 2.785105 -2.254726
77.807007 478.081085 2.541531 -1.983107
78.895851 546.041748 2.410605 -3.726587
80.497704 258.337463 2.387112 -1.578434
82.197578 80.258049 2.399915 -1.212676
84.540665 100.835030 2.561668 -3.659195
84.486916 535.302979 2.617932 -3.712420
89.395676 450.591461 2.728721 0.051861
89.395676 450.591461 2.728721 -1.458431
89.494232 32.360218 2.457026 -1.389738
90.120087 372.417664 2.558444 -4.615608
91.565735 101.940521 2.665567 -3.582564
90.907639 392.520752 2.456076 -1.522093
91.406914 534.581299 2.564945 -3.721551
96.907921 337.939514 2.575692 0.133290
97.351196 351.087494 2.660718 0.200362
98.749588 83.445374 2.641958 -0.546858
98.986214 285.753143 2.790677 -4.676031
100.919624 515.960999 2.406933 -0.188647
100.919624 515.960999 2.406933 -4.085098
100.991341 560.159180 2.461986 -3.734915
103.963837 373.190582 2.677266 0.047037
105.370529 188.449005 2.399625 1.453565
104.807076 497.353973 2.568095 -0.678433
104.807076 497.353973 2.568095 -3.723472
109.507019 447.498169 2.729636 -1.933126
112.452827 432.871918 2.470533 1.434798
117.185486 477.107330 2.366902 -2.115780
117.839348 168.743195 2.608438 -1.046676
120.603020 104.932579 2.727987 -1.066639
122.311089 47.201218 2.514526 -1.028228
124.194031 271.707306 2.843469 -1.410101
124.240288 590.569824 2.308224 -3.885125
125.171387 432.111053 2.731522 -1.800371
125.467010 562.751709 2.645400 -1.880727
128.554657 71.647003 2.283005 0.929948
131.249634 180.533585 2.645837 -1.303766
132.924667 158.038773 2.759154 -3.057717
137.256317 100.436829 2.241812 -0.566318
139.023712 469.020477 2.413876 -4.587393
142.337708 371.489746 2.518299 -3.679911
153.065842 427.697906 2.568527 -2.015076
153.583282 310.604614 2.797629 -0.013564
160.641998 457.309265 2.766554 1.476918
163.823822 426.231171 2.454281 -1.812579
164.574249 522.736816 2.810513 1.509918
164.574249 522.736816 2.810513 -1.647007
165.402817 62.676933 2.502166 -0.955679
165.833771 286.166351 2.471611 1.113692
167.267838 215.447083 2.603595 1.105409
177.132782 27.103609 2.570396 -0.698012
176.621597 368.645447 2.535126 1.439073
181.740005 128.157974 2.382781 -1.706237
181.938812 149.762085 2.392436 -0.785245
184.911865 434.919586 2.291263 -1.609948
187.965347 382.738983 2.837229 -0.404543
189.719498 470.532318 2.587817 1.346268
193.083344 477.004822 2.677761 -2.059007
194.653748 390.012573 2.615541 -1.526279
195.641937 408.808838 2.603272 1.356242
197.367462 306.079346 2.446712 -0.627593
198.392532 324.083282 2.429736 -0.079207
199.382095 280.637909 2.479140 1.347374
198.835449 335.495575 2.557243 0.053038
198.859879 355.392639 2.532646 -0.018961
199.165649 434.286774 2.747191 -1.299864
208.234909 62.656811 2.530898 -0.657875
207.701523 599.165161 2.389420 -1.103162
209.061691 629.665527 2.614960 -2.229832
211.524277 19.146519 2.663225 -3.660090
215.700775 142.815933 2.392853 -3.554882
216.487778 432.707520 2.712489 -1.686449
217.167831 41.328350 2.853993 -3.274673
217.903915 212.185532 2.621869 1.518474
218.132736 450.958740 2.701180 -1.251354
218.857452 60.266579 2.321264 1.529347
219.626724 315.278412 2.470696 -3.045807
221.842880 595.958191 2.798605 -1.532467
222.388184 396.091980 2.693268 -1.828146
222.668991 372.714325 2.176196 -2.719837
224.618195 16.267002 2.524040 -0.031720
226.234634 211.562531 2.973968 -4.271560
228.105865 113.516350 2.397486 -1.409069
230.784073 395.192352 2.212393 -1.651579
231.886078 621.566284 2.615059 -1.609968
232.415955 81.612556 2.650807 0.136705
234.474365 577.489136 2.399734 0.929837
234.474365 577.489136 2.399734 -2.447657
234.526276 202.922607 2.724132 -1.327243
237.512497 101.065170 2.613547 -3.220364
238.770279 240.099792 2.576088 -3.739337
238.528580 485.332611 2.686715 -1.743726
239.714905 79.114731 2.429868 0.341278
239.714905 79.114731 2.429868 -2.984955
243.249374 47.575005 2.373169 0.255249
243.249374 47.575005 2.373169 -2.826921
244.447021 199.093658 2.359043 -2.412032
245.471756 348.605469 2.620429 0.135012
246.465759 76.600418 2.293282 -0.055548
247.779205 214.454666 2.441430 -0.078784
248.210083 366.696991 2.666547 -2.227381
248.210083 366.696991 2.666547 -3.382748
249.400421 284.018005 2.692208 -3.213411
252.447906 249.210510 2.129296 -3.289852
258.805115 250.953812 2.281973 -2.184916
260.726135 140.573074 2.593501 0.674823
264.349854 88.520401 2.801568 -1.777524
264.349854 88.520401 2.801568 -3.172606
270.384735 271.149872 2.435360 -0.463400
270.257355 351.552246 2.556280 -0.187988
270.855347 364.616241 2.543102 -3.022067
270.499176 556.621460 2.860066 0.320940
272.142181 211.687439 2.619697 -2.958044
272.142181 211.687439 2.619697 -4.198888
272.491150 149.033096 2.635224 -1.033084
272.892822 232.550110 2.806006 -2.191347
273.321655 251.009293 2.562695 0.775837
273.032013 259.854034 2.555030 0.587399
274.022400 170.026810 2.717727 -1.123994
274.753052 93.344894 2.392348 0.813794
277.045929 127.096764 2.778195 1.063855
277.045929 127.096764 2.778195 -2.276636
278.522949 464.364685 2.729360 1.337208
278.522949 464.364685 2.729360 -1.397329
277.759644 629.812927 2.625456 -2.103624
279.218414 184.557846 2.421910 -1.644716
280.401917 403.398132 2.450294 -3.634279
282.334351 450.662445 2.639401 -1.954285
282.818542 280.184143 2.342483 -2.490441
283.834595 48.754429 2.568426 -4.059623
283.407684 237.510590 2.393025 0.929178
283.407684 237.510590 2.393025 -2.416415
288.248199 414.551056 2.229047 0.376547
288.248199 414.551056 2.229047 -2.795021
288.810883 114.061798 2.453521 0.653440
288.810883 114.061798 2.453521 -2.350598
289.801117 232.811478 2.808210 0.650167
291.489349 64.425728 2.373759 -2.716321
295.240509 264.278534 2.530241 -4.203323
297.449799 99.784447 2.402656 -2.380050
299.044037 291.452301 2.747666 0.715781
304.398010 69.928703 2.771333 0.788335
306.130310 247.541000 2.414023 0.052605
306.130310 247.541000 2.414023 -2.532634
305.780823 431.338196 2.382628 1.483432
306.556549 99.115456 2.402560 0.967974
309.893250 594.839600 2.513859 -1.380820
310.773254 325.277985 2.618492 -0.567203
312.525452 89.338860 2.448328 -2.230613
311.638458 352.972229 2.489669 -0.229642
315.492584 22.901316 2.608411 -3.102765
315.492584 22.901316 2.608411 -4.459373
316.815948 15.062948 2.401590 0.234588
316.815948 15.062948 2.401590 -2.472324
316.815948 15.062948 2.401590 -4.395973
317.708282 511.198303 2.635198 1.409603
321.127197 73.073051 2.680116 0.074265
321.660217 108.796432 2.800193 -3.520459
322.005859 154.002457 2.273815 -1.091049
321.533356 430.827240 2.376583 1.540111
327.695282 299.787384 2.477094 -1.527434
328.929321 594.890198 3.138879 1.166536
329.088043 115.562920 2.372856 -1.303066
329.088043 115.562920 2.372856 -3.336593
330.134247 9.976013 2.387258 0.694889
331.690094 25.480623 2.296383 -2.086798
331.609924 480.510559 2.585495 -1.832605
333.855865 234.338058 2.590842 0.743476
336.264465 607.524475 2.976649 -4.574785
337.186584 20.205696 2.706426 -2.262137
337.616486 127.513474 2.270470 -4.217225
339.329529 197.715332 2.646764 0.973230
339.284454 461.094757 2.392411 -4.517402
342.016663 86.723259 2.362346 0.996035
341.532166 546.461243 2.319973 -1.239729
351.441437 170.847885 2.771077 -1.996858
351.466309 365.267303 2.798679 0.002818
354.611786 431.004791 2.664901 1.523984
356.100189 80.505745 2.486641 1.472516
356.100189 80.505745 2.486641 -3.356873
357.935272 36.197060 2.440153 0.619971
357.935272 36.197060 2.440153 -2.292119
359.070007 301.189056 2.520406 -1.597159
363.816010 143.737076 2.806909 -2.360920
364.161713 151.951141 2.595901 0.885307
364.161713 151.951141 2.595901 -2.206307
364.947754 399.068146 2.301278 -0.567813
367.372711 89.329430 2.578290 0.540849
367.930389 158.764114 2.829227 0.899397
367.930389 158.764114 2.829227 -2.057808
369.552795 115.490479 2.739792 -0.666200
370.452972 184.178635 2.643120 -2.539483
371.475006 145.962479 2.795449 -2.401938
371.526398 499.834503 2.514640 -2.039286
371.526398 499.834503 2.514640 -4.578802
372.758331 301.883942 2.350003 -1.541897
373.007660 397.884155 2.746163 -2.170122
374.582825 318.067322 2.274198 -1.708398
373.526947 441.728210 2.531828 -4.482920
374.327362 610.263794 2.459203 -1.437253
377.083618 28.418354 2.563493 0.981695
378.019012 177.142426 2.550362 -2.284513
382.912781 129.268494 2.429114 -2.229540
382.367493 193.747711 2.381944 -4.641540
386.093323 79.716064 2.661294 1.360712
386.093323 79.716064 2.661294 -3.260051
388.665009 554.934082 2.524686 -4.684066
392.080780 237.426575 2.854758 -4.002407
393.141968 92.154778 2.430171 -4.317605
395.766724 150.691681 2.670057 -2.093306
395.978149 365.631470 2.581280 -3.200882
396.314240 481.940277 2.650411 -1.993442
399.653839 8.927619 2.547721 -3.506556
399.874573 175.450562 2.679294 -1.674752
401.087585 126.716064 2.450310 0.947127
401.087585 126.716064 2.450310 -1.473366
400.546265 234.589157 2.545807 -3.964993
401.310822 436.261719 2.426763 -4.594373
402.582031 133.845917 2.502443 1.561857
402.582031 133.845917 2.502443 -1.534889
403.085724 60.944836 2.747396 0.932239
407.567810 304.313782 2.613177 -1.751728
407.973267 243.164963 2.356247 -3.394829
408.134918 438.823486 2.793173 -4.589996
409.038422 208.807861 2.685951 -3.742460
412.114655 6.425237 2.579706 -0.037429
412.047852 533.808105 2.539132 -1.466896
412.047852 533.808105 2.539132 -4.359863
414.275085 469.235901 2.428822 -1.377107
413.942932 526.456848 2.793791 -4.328690
414.684906 190.191864 2.327184 -2.829049
415.118347 245.415970 2.629835 -2.955462
415.771301 267.178650 2.454180 -3.312455
416.173798 477.588898 2.636391 -1.488231
419.479828 348.442139 2.780226 -4.531568
420.587219 98.381195 2.471352 -2.539672
423.231873 272.853088 2.597328 -1.138536
423.231873 272.853088 2.597328 -3.593628
424.465820 31.319550 2.501698 -2.589681
424.016113 192.609558 2.502377 0.591384
423.947388 585.696045 2.533963 -1.812014
425.781921 468.362061 2.740218 -1.812399
425.899719 536.102600 2.398551 -4.596404
432.654083 89.966621 2.620127 -2.385556
432.454773 132.283936 2.691824 1.052940
437.057983 559.268921 2.319404 -4.554346
438.348389 414.517273 2.546776 1.524722
439.418427 87.886810 2.439226 0.777560
439.002686 599.376465 2.615947 -4.062952
439.854889 44.714020 2.464700 0.509373
441.385651 258.722778 2.583002 -0.829206
441.863312 218.712296 2.757940 0.640807
441.863312 218.712296 2.757940 -0.364694
450.294220 78.145668 2.425525 -2.045657
451.316681 369.972473 2.589303 -0.325183
451.316681 369.972473 2.589303 -2.271876
451.316681 369.972473 2.589303 -3.811778
450.382874 440.826599 2.324045 -1.201444
453.982025 353.542267 2.435064 -3.849481
460.841064 338.405762 2.553665 0.807725
460.841064 338.405762 2.553665 -2.053508
463.050232 271.533905 2.742734 -0.056109
465.748291 36.769630 2.516532 -0.126515
465.748291 36.769630 2.516532 -1.269845
466.716858 335.014160 2.473345 -4.579695
467.821533 634.679565 2.355852 -3.868610
469.276031 198.491882 2.516208 -3.350645
469.275116 328.495575 2.466406 -0.827823
469.939880 48.987133 2.341065 -0.995973
475.601105 522.565308 2.551597 -1.385208
5.593094 388.309601 3.363595 1.307540
6.790843 265.901764 3.086064 -4.420673
8.065275 98.433250 3.308634 -3.871510
17.563469 282.737671 3.166707 -4.573623
27.507467 340.241547 3.426178 0.189058
34.412663 267.799622 2.911409 -1.382956
38.105869 585.856323 3.008221 -3.446945
39.643261 452.373505 3.042083 1.570649
41.183647 535.992065 3.576854 -0.168539
39.744297 599.721069 3.374289 -3.264202
41.708763 105.671448 3.520507 -3.682309
44.217773 69.449684 2.958886 -3.500320
47.365101 480.362274 3.000427 -3.986954
49.551300 412.445129 3.007207 -1.393015
52.209263 225.891403 2.895733 -3.446343
52.107922 255.293839 3.087052 -1.703278
53.171051 245.432602 2.947272 -3.680471
56.936230 159.598083 3.236011 1.387890
56.936230 159.598083 3.236011 -2.103532
66.215775 141.178009 3.587010 -2.091068
83.847328 535.216858 2.927272 -3.723105
83.519791 625.420837 3.422053 -1.296793
95.056244 278.521240 2.871963 -1.572648
95.056244 278.521240 2.871963 -4.703057
96.339508 439.810272 3.089788 -0.926475
96.339508 439.810272 3.089788 -4.409417
97.033760 24.316597 2.943679 0.424757
97.033760 24.316597 2.943679 -1.697305
108.482307 85.645828 3.388934 -0.561218
108.054420 465.849854 3.339731 -4.002655
111.572037 371.968475 3.330433 -0.034266
117.370216 136.573212 3.070120 -4.041019
123.164154 441.682770 3.027007 -2.006970
125.236725 150.054657 3.223330 -3.413367
125.236725 150.054657 3.223330 -4.248540
136.298080 272.203094 3.255976 -1.490630
139.620804 51.556141 3.535469 -1.352241
139.881683 10.787216 3.228353 -1.288888
140.028992 423.868988 3.414818 -1.732460
140.028992 423.868988 3.414818 -2.491189
140.028992 423.868988 3.414818 -4.408933
142.959579 561.031982 3.382469 -2.204425
143.855087 258.800995 3.492435 -2.346755
144.511536 322.501770 3.336304 -3.283512
148.714859 366.347504 3.007169 -2.092388
152.168350 208.369675 3.223418 -3.468026
152.895477 322.425964 2.960280 0.088084
153.846344 12.726570 3.315791 -1.253069
153.577240 273.356995 2.970541 -2.012931
155.038055 56.314144 3.146906 -1.238723
155.375656 86.139297 3.247409 -1.633678
156.691971 72.235092 3.282345 -4.331461
157.993927 544.994019 3.344673 1.265740
157.993927 544.994019 3.344673 -1.361765
157.478653 554.491394 3.282221 -1.335861
159.380264 40.829166 3.352960 -4.034974
165.983139 199.747971 3.227822 -0.843987
165.983139 199.747971 3.227822 -2.694726
165.983139 199.747971 3.227822 -4.696644
167.519348 345.025757 3.282487 -3.322745
168.945251 47.643639 3.027897 -3.822228
171.307220 278.016266 3.531417 -1.650539
173.207153 152.365524 3.150839 -0.910544
173.207153 152.365524 3.150839 -4.226679
179.812332 257.289459 2.897148 -4.669836
179.993637 390.201416 2.888317 -1.649051
182.017456 72.759727 2.902378 -1.103685
187.436981 382.447144 3.016917 -0.421267
187.534164 629.185364 3.284785 -1.699412
189.419800 302.945312 3.466626 -1.271623
190.978607 64.581024 3.526474 -4.131438
191.586441 601.892700 3.357146 1.425471
194.414261 445.238312 3.296483 0.831272
196.326630 148.775253 3.003542 -0.586382
197.357224 289.810760 3.174401 0.624583
198.234604 612.096008 2.975856 -1.641220
199.660751 416.951508 3.181174 -1.461210
201.815704 82.942436 2.928304 -1.343999
201.815704 82.942436 2.928304 -3.195388
204.327667 459.853760 3.195286 1.215117
204.327667 459.853760 3.195286 -1.615656
204.562210 223.937561 3.102034 -0.672687
204.735428 251.246262 3.234886 -3.586304
206.573914 523.794617 3.234102 -1.994413
207.782364 145.994156 3.056273 -0.631783
211.668640 408.853271 2.831326 -1.061206
217.723068 15.084029 3.303662 0.015180
217.723068 15.084029 3.303662 -3.648375
221.873749 219.579773 3.306819 -4.327506
222.924179 408.189484 3.041939 -3.894955
224.385651 251.596359 3.508604 -0.539214
224.096176 588.055237 3.056053 -2.082086
224.096176 588.055237 3.056053 -4.630816
225.528809 596.028015 2.854234 -1.707820
228.127563 192.955353 2.943502 -0.162291
228.127563 192.955353 2.943502 -3.696396
228.801208 98.444710 3.251614 0.406470
228.801208 98.444710 3.251614 -3.245866
229.196976 311.159943 2.895802 -1.933458
229.370880 345.865356 3.124251 0.491779
229.370880 345.865356 3.124251 -3.260066
233.673248 55.349731 2.884741 -2.625403
234.990997 121.104805 2.905641 -0.345023
234.990997 121.104805 2.905641 -3.634324
236.714386 68.956795 3.409486 0.022574
237.031006 194.394958 3.029764 -0.349281
237.031006 194.394958 3.029764 -1.308158
237.031006 194.394958 3.029764 -2.366383
237.666428 349.803894 2.982027 0.294929
237.666428 349.803894 2.982027 -3.182404
238.560974 396.218445 3.009760 -1.823816
239.515900 388.309418 3.220597 -1.903799
241.087875 283.888031 3.553357 -0.752174
241.087875 283.888031 3.553357 -3.269580
244.585907 321.239227 3.470840 -2.964853
247.395691 130.992676 3.172254 0.099372
249.003281 570.102356 3.424345 -2.529816
251.440475 46.048416 3.359181 0.305096
252.334930 121.614037 3.156535 0.480931
255.426193 75.203156 3.197352 0.189597
254.517105 90.442413 3.523778 -0.043255
254.957626 586.328674 2.938415 -2.198121
256.977142 131.463913 3.511676 0.248367
266.978088 135.031006 2.866944 0.759185
278.397369 360.030823 3.278752 -1.767287
280.460083 112.853180 2.924922 -2.400843
280.720062 224.146149 3.101396 -2.914050
280.876831 254.436890 3.183009 0.858876
281.375610 506.620819 3.011880 -1.078143
286.897430 166.073196 3.182960 -1.170452
296.325134 189.229797 3.280987 -1.964273
296.325134 189.229797 3.280987 -4.376516
297.971619 198.783463 3.047120 -4.408575
300.004486 477.984070 3.002847 -1.063995
301.735168 20.785141 3.397774 1.178748
301.735168 20.785141 3.397774 -2.382513
303.602661 229.557556 3.491820 1.070394
306.532471 238.675217 2.967629 -1.882630
311.244873 339.768524 3.240185 -0.040961
311.693787 213.267059 3.020515 0.881517
311.457977 255.432541 3.402441 0.535683
316.376007 572.462830 3.593013 -1.984785
319.150940 380.421539 3.554378 -1.239982
320.026062 258.533051 3.577160 0.621470
330.810577 195.926773 3.258937 0.947469
331.419983 206.464600 3.177446 1.053858
331.899048 291.831421 3.453928 -1.497536
331.899048 291.831421 3.453928 -4.606121
338.068848 100.311897 3.205389 1.179287
342.075195 208.986847 3.341218 -2.660862
350.090179 31.284498 3.377881 0.929832
350.196960 201.823792 2.922135 -1.673639
351.189880 159.699738 3.575397 0.961117
351.189880 159.699738 3.575397 -2.102100
355.539154 98.140022 3.381605 -2.444650
356.135925 177.917175 3.094678 0.934982
357.929077 438.327209 3.107868 -4.470982
358.745026 308.973724 3.244726 -4.591312
358.644104 570.119568 3.293197 -1.927828
359.858154 12.589117 3.047630 0.917774
359.910675 482.455170 3.451769 -1.503241
360.165741 520.431702 2.865125 -1.569623
362.932404 194.790329 3.129811 -2.246145
367.366211 294.029327 3.377982 -4.551692
375.443726 246.038284 3.433793 -1.367010
380.754852 284.455933 3.367052 1.359442
380.754852 284.455933 3.367052 0.126319
389.263641 283.183990 3.374587 0.013678
389.263641 283.183990 3.374587 -2.965748
390.324463 49.148563 3.421820 -2.227363
394.036713 57.590439 3.255444 -2.214151
393.866821 303.596130 3.259028 -2.100963
393.866821 303.596130 3.259028 -3.795101
396.711548 267.592163 3.151287 -2.924042
398.178345 534.271118 3.306384 -1.680580
398.822510 35.105446 3.036249 -3.530380
402.197845 117.630310 2.928952 -2.342441
403.353180 602.742126 2.957730 -1.490872
404.105438 282.040558 3.245451 -3.037563
405.936768 162.992950 3.069143 1.295436
418.325348 359.007843 3.332677 0.642757
418.325348 359.007843 3.332677 -1.641552
418.325348 359.007843 3.332677 -3.781153
418.100891 514.007751 3.160961 -0.627928
418.100891 514.007751 3.160961 -1.989485
419.208282 131.890137 3.368449 0.621261
418.624390 567.084900 3.602728 -1.263918
420.603943 318.087006 3.415206 -3.744473
422.150116 368.881805 3.333273 -1.858064
428.845123 150.513885 3.418523 -0.315237
433.618408 174.427475 3.535933 0.321280
433.618408 174.427475 3.535933 -0.548211
437.187561 633.625549 3.188554 0.533962
437.521301 23.236118 3.483654 -2.848539
443.786682 227.560760 3.618991 0.492256
443.786682 227.560760 3.618991 -1.155925
442.649841 536.029663 3.236343 -1.851156
442.649841 536.029663 3.236343 -4.527070
446.005066 517.683777 3.389937 -2.023537
447.062012 24.227795 2.998528 0.524487
447.062012 24.227795 2.998528 -2.813243
448.104187 236.816681 2.955748 -1.057888
449.858734 403.978699 3.071088 -0.620495
456.462646 501.706879 3.205774 -1.529486
457.085938 22.151222 3.134612 0.542518
458.051575 398.123413 3.139213 -0.564844
459.744202 310.902771 2.972601 -2.344627
461.234009 66.705025 3.063229 -2.191769
463.310699 492.786469 3.534559 1.550241
466.768005 344.699738 3.093174 -0.826521
468.233704 88.222466 3.278702 0.689709
468.233704 88.222466 3.278702 -2.481055
470.204376 273.780029 2.977456 -0.107804
470.662445 625.396912 3.324002 -1.491138
474.136322 340.151947 3.038041 -0.780252
474.070740 398.411499 3.190072 -1.197395
13.805669 150.770996 3.793533 -0.140917
13.729486 47.361038 4.516332 -4.074502
15.791089 139.066086 4.090550 0.006006
15.791089 139.066086 4.090550 -2.441725
25.955120 145.000534 4.128398 -0.029323
29.906929 188.981293 4.277897 -4.698065
37.540817 39.114761 4.404684 -0.171942
38.917274 599.880737 3.674343 -3.261480
41.829411 536.369934 3.755075 -0.134137
47.831059 306.149292 4.085645 -2.328440
54.896194 69.747398 3.945598 -0.920966
59.649090 585.670349 4.275596 -0.787559
60.588680 298.756042 4.203737 -1.905631
81.518600 393.320953 3.839895 -1.714365
94.383522 300.174438 4.118862 -1.146032
106.875641 308.879639 4.139427 -0.691548
111.906693 319.694244 4.133239 -0.298565
118.360832 20.919685 4.140259 -4.613724
118.008171 183.995026 3.879422 -4.667137
122.872940 314.235046 4.028607 0.009958
125.928452 341.541595 4.010325 0.188438
131.232971 169.764160 4.029313 -3.607072
132.426041 281.051361 3.765353 1.510764
132.426041 281.051361 3.765353 -1.443330
135.219223 314.121521 3.987215 -3.158761
140.093994 424.273193 3.545218 -2.148880
140.093994 424.273193 3.545218 -4.318365
144.832947 308.959747 3.808428 -0.157213
144.832947 308.959747 3.808428 -3.037653
150.218124 152.016800 4.515352 -4.437377
150.203339 206.737564 4.188818 -3.622723
161.128769 208.451904 3.625022 -3.489894
167.455948 302.627686 4.169944 -2.893084
168.020569 581.296814 3.978343 -2.195575
168.622894 329.277893 3.551947 -3.022422
171.167282 277.973816 3.385339 -1.615488
178.964096 119.420128 4.178675 -1.587623
178.015060 267.127533 3.699394 -1.648405
186.898193 256.328491 3.911304 1.252292
186.898193 256.328491 3.911304 -1.745129
193.538055 110.629295 4.690788 -2.624634
193.334824 265.291382 3.950799 1.109988
193.334824 265.291382 3.950799 -1.550518
192.822540 484.994812 3.686155 -1.826513
194.373123 224.712799 3.854444 -3.794824
196.798950 398.538635 4.255018 -1.330951
211.999008 244.831467 4.019688 -0.380246
211.999008 244.831467 4.019688 -0.380246
214.474258 423.491913 4.096735 -1.703113
217.454254 13.586814 3.908643 0.012576
217.454254 13.586814 3.908643 -3.684164
222.719269 52.172054 3.691165 -0.402322
224.347855 129.277252 4.312990 -0.553562
227.683289 283.709167 4.295002 -3.717987
226.070557 542.791809 4.547877 1.398084
226.070557 542.791809 4.547877 -1.361955
228.330078 102.481392 4.465356 0.004754
228.330078 102.481392 4.465356 -3.084613
233.725754 45.562866 4.265295 -0.303108
233.725754 45.562866 4.265295 -2.759250
234.281113 334.369202 4.364692 0.031081
234.281113 334.369202 4.364692 -0.750394
234.281113 334.369202 4.364692 -4.383158
240.778076 283.767670 3.605608 -3.224233
242.777481 183.114700 3.611124 -4.184553
248.442047 570.222473 3.582048 -2.668127
248.580338 197.176392 3.953087 0.467858
249.612411 274.542114 4.184201 -2.979014
248.428452 379.448242 4.234734 -2.648792
260.937927 274.774292 3.654822 0.398339
262.925598 201.906525 3.690994 -3.987414
265.394135 520.416931 3.770497 -2.262892
268.948883 224.346191 4.202486 -2.163043
268.873718 433.337921 3.747595 -1.494950
279.490417 360.765778 3.795304 -1.863506
280.883636 454.080048 4.243730 1.379707
283.274200 465.214691 4.482119 -1.451029
284.007843 401.886353 3.860271 -3.486235
285.156921 420.911865 3.998128 -2.821681
286.564758 155.841217 4.142343 -1.200725
294.015045 25.287046 4.312793 -2.178180
299.372467 116.508125 3.878255 0.573811
299.627991 162.612091 3.856472 -1.389579
299.975189 478.673187 3.284671 -1.092294
315.811157 485.410614 4.398377 -1.505006
317.487274 246.402817 3.860887 0.820813
331.154755 223.558350 4.232116 0.974038
341.503632 481.273468 4.372944 -1.724298
342.233521 260.788239 4.296257 -0.174118
345.113159 116.954826 4.095411 -0.757527
348.171783 47.829510 4.208553 0.989788
351.663391 159.508759 3.572311 -2.022883
352.646210 133.655533 3.992875 -2.458717
352.646210 133.655533 3.992875 -3.638467
356.155182 188.335510 4.179935 0.812549
355.284821 263.425720 4.259851 -3.112639
355.622192 280.405243 4.413989 -3.393867
354.603455 395.115173 4.160098 -0.660209
358.630646 536.553162 3.995287 1.440757
363.141052 21.606562 3.859957 0.890997
361.920715 123.333267 3.587906 -0.652490
361.920715 123.333267 3.587906 -2.698145
361.920715 123.333267 3.587906 -3.608417
365.710815 416.631958 4.048591 0.331704
365.710815 416.631958 4.048591 -1.544100
367.393829 58.592445 4.231482 -1.780903
370.975372 203.363174 3.944261 -1.001577
371.331726 351.868256 4.259277 -3.235102
372.962311 463.552124 4.032787 -1.640402
374.847504 476.990997 4.394042 -1.475544
378.248901 235.958588 4.548292 -4.558220
377.347168 488.543762 4.067959 -1.605624
382.482880 138.675690 3.685584 -2.196783
383.501526 365.906097 4.381042 -4.254860
395.406494 105.433800 4.030748 -2.437803
395.398254 570.933167 3.704997 -1.781745
395.941040 13.343797 4.639016 0.506619
395.941040 13.343797 4.639016 -3.551449
398.522522 534.311340 3.607954 -1.729584
404.984467 76.816238 4.773335 -2.858143
405.525513 60.789371 3.626458 0.952430
405.525513 60.789371 3.626458 -3.994994
404.771301 218.232452 3.929123 -1.406179
404.771301 218.232452 3.929123 -3.443801
409.070984 387.295013 4.430331 -2.690808
411.358978 289.514343 3.997818 -2.982653
437.382507 23.222797 3.520884 -2.761678
441.019196 200.554810 4.341968 -0.353334
441.783905 480.841614 4.275173 -1.399006
445.831177 285.539276 4.065940 -0.717329
447.224548 49.917149 3.827728 0.569782
446.734680 95.376358 4.116896 0.635365
458.712646 168.903412 3.841359 -1.414001
458.712646 168.903412 3.841359 -4.414422
469.675842 33.725170 4.031240 -0.700542
469.965576 312.195007 4.022759 -0.510534
473.367035 211.552750 4.352858 -4.215378
10.151890 254.324905 4.415994 -1.942831
22.534986 163.715134 4.812842 -1.418340
25.421299 41.652882 5.111578 -0.124127
25.421299 41.652882 5.111578 -4.134892
28.123005 176.697708 5.004280 -4.651076
48.302044 190.623871 4.462259 -4.460907
48.503662 177.074966 5.232199 -1.670056
48.503662 177.074966 5.232199 -4.524875
53.188496 365.922119 4.785920 -2.979705
55.988907 414.955902 5.093580 -1.358115
56.555756 467.086884 4.788834 -4.703213
74.803055 20.659508 5.142762 -0.954777
77.751968 53.584072 5.035522 -4.530400
77.573166 295.311554 4.879441 -1.540346
79.105965 181.278656 4.864326 1.489703
78.895142 228.574020 5.555613 1.327358
78.895142 228.574020 5.555613 -0.736772
101.353737 465.925629 5.266041 -2.064669
101.353737 465.925629 5.266041 -3.757905
102.862419 184.296951 4.910779 1.566470
107.583244 556.623840 4.647173 -3.643551
121.664322 153.828506 5.624177 -3.623218
135.998627 114.234802 4.675659 -1.678140
139.936371 183.917740 5.770433 -4.374272
146.749023 34.363480 4.556970 -4.249884
145.837051 227.568573 5.593461 -3.246972
147.669830 293.769592 4.932492 -4.452242
152.676071 595.860779 5.751010 -1.673838
159.176132 466.762543 4.468630 1.478682
159.314560 281.936310 4.341623 1.458541
159.314560 281.936310 4.341623 -2.087765
164.938263 532.681946 4.579840 1.482330
167.161880 405.850464 4.843812 -0.260193
170.608612 348.971405 4.706052 -3.146442
178.304062 206.897003 5.678255 -4.473999
182.986816 191.861832 4.906786 1.163640
182.986816 191.861832 4.906786 -0.841355
182.700607 289.834961 5.554077 1.289043
182.700607 289.834961 5.554077 -1.632748
190.867386 52.202278 5.444971 -4.247637
204.747467 162.779388 4.594373 -0.668247
203.989456 176.907486 4.819324 -4.543734
205.549667 192.389557 5.212283 -4.349635
205.843887 262.748962 4.843792 -3.260963
208.910629 340.749847 5.441746 -0.011527
211.916580 33.777668 4.692729 -3.528521
211.935974 399.984680 4.840647 -0.464553
215.420166 98.926758 4.609483 -0.141000
217.650803 74.043541 4.314589 -2.967323
234.146103 69.829277 4.774230 -3.060787
242.138367 107.530060 5.411868 -0.563221
242.138367 107.530060 5.411868 -3.068073
247.395584 168.564606 4.774840 0.980195
247.395584 168.564606 4.774840 -1.933200
247.041672 420.725159 5.383113 -2.645892
249.263870 122.407410 4.946779 0.274359
264.307709 27.971422 5.318863 0.198540
269.625183 118.306526 5.360347 0.447060
269.229675 148.054306 5.265225 -1.106130
274.243103 303.217010 5.218325 0.747927
279.176025 259.692047 5.900273 0.396509
286.905518 292.023743 5.531376 0.757605
292.487946 68.119675 4.859346 0.805666
292.487946 68.119675 4.859346 -2.728085
296.247803 278.497864 6.133836 0.538926
297.740295 84.080284 5.388849 0.747189
315.942413 107.708771 5.082700 1.307405
314.919556 152.470520 4.583030 -2.302948
322.342499 350.326141 5.752623 -0.236419
322.342499 350.326141 5.752623 -3.069522
326.156616 75.959717 5.521678 -1.918915
328.526978 210.711182 4.611226 0.930264
335.811218 281.466614 4.721079 1.554129
341.120270 312.494141 5.018261 -1.369771
343.841644 183.940125 5.048501 0.674179
361.566528 73.060631 5.384847 -2.090660
362.463989 450.042572 5.574039 -4.406310
372.178070 94.065765 5.488308 0.954642
369.964508 622.010437 4.292012 -2.676826
381.333191 532.666931 5.168526 0.102964
381.333191 532.666931 5.168526 -1.776371
383.449615 314.714966 5.289678 -1.626442
397.155640 144.536728 5.012446 -2.458080
406.766113 350.359863 4.891596 -2.661296
412.806244 255.918045 4.955642 -3.057765
417.411316 28.285990 5.030765 -0.163205
417.411316 28.285990 5.030765 -2.511960
417.686432 428.760162 4.671500 1.510244
437.988403 216.523148 4.928601 -0.226383
454.898560 528.222473 5.346854 -0.984149
454.898560 528.222473 5.346854 -2.083490
456.489868 447.081177 5.651969 1.508884
28.154247 398.114410 6.081964 -1.133212
57.734985 314.646088 6.483384 -2.169335
64.830078 331.806824 6.402621 -3.196223
64.830078 331.806824 6.402621 -4.255426
65.833649 109.817406 6.112074 -2.302623
76.103043 379.942780 6.883904 -1.714751
76.103043 379.942780 6.883904 -4.317889
78.000603 210.581436 6.218123 1.261522
78.000603 210.581436 6.218123 -1.194883
81.795753 342.652802 6.840729 -3.202504
116.467201 451.875610 7.163462 -2.107571
119.165512 26.026823 6.588737 -4.518648
122.508018 183.201630 6.049841 -4.609714
122.937614 385.303680 5.801223 -1.056903
135.667130 467.805481 6.088576 -4.661658
139.675812 511.940399 7.623341 0.749178
140.668945 442.863434 6.456934 -1.696614
149.518738 402.968994 5.933643 -1.488330
183.078125 399.916809 5.580289 -1.569136
186.262512 238.092133 6.661149 -3.753436
189.655197 579.366943 6.910538 -2.513181
211.736649 96.895172 6.464370 -2.518251
222.077408 273.045715 6.147433 -0.839569
222.077408 273.045715 6.147433 -3.710400
267.818909 383.767975 6.451044 -3.003388
270.943024 92.656296 6.322918 0.655339
273.427948 411.536072 6.832656 -3.287280
280.135406 35.811844 6.635123 -2.004679
280.720917 320.982422 6.844890 0.259230
280.872498 344.357544 6.559144 -2.892705
299.996979 526.738159 6.456012 -1.416400
300.185272 40.267204 5.794679 -2.378122
312.965302 543.043152 6.111547 -1.489060
315.435852 626.590271 6.639202 -0.994242
317.798248 457.015320 6.564158 -0.879270
324.634674 39.757191 7.036011 0.991715
329.384918 142.343384 6.951786 -1.585525
329.321838 530.440918 6.267554 -1.488529
351.602020 617.877319 6.000287 -1.458265
354.688843 287.176941 6.461797 -3.716961
373.649384 329.432037 6.013017 -2.720333
380.868561 221.692261 6.018568 -1.031094
380.868561 221.692261 6.018568 -4.536337
389.434143 243.388977 7.065258 -3.910190
393.725922 341.416443 5.856459 -2.586055
421.070587 164.996857 7.075460 -0.253650
461.925171 153.015732 7.047832 -1.401284
465.812531 465.313202 5.878276 -1.273919
467.967834 352.842957 6.341126 -1.038116
18.398016 60.981609 8.068001 -4.377781
23.555325 8.630650 8.004147 -0.796742
24.683615 449.985565 9.048955 -1.763317
24.683615 449.985565 9.048955 -4.667382
32.479080 276.235626 7.804224 -1.108554
33.762600 314.938507 7.459804 -0.304810
32.723061 428.672943 7.850782 -1.639117
58.479492 29.719646 7.869967 -1.034348
58.849148 512.412231 7.813904 -3.593309
63.884857 472.230377 8.585678 -4.710033
72.235596 619.185364 8.052343 -0.874429
83.314827 148.534271 8.720924 -2.874966
96.913704 237.691101 7.567737 -0.176880
102.058174 62.139206 7.410814 -0.864450
111.866982 109.145531 8.795170 -0.894782
117.359093 451.675049 7.478025 -2.063716
136.093170 134.425003 8.762135 -1.489253
143.801529 383.417694 7.728974 -1.337349
146.009827 611.174988 7.047416 -3.677179
161.936844 308.358551 7.801661 -2.982647
164.978699 25.603605 7.423919 -1.106316
181.397690 96.785851 7.809787 -2.654730
225.899765 234.226761 7.867448 -3.685359
245.419937 147.256622 8.435945 -0.371911
258.384430 260.133453 8.357632 -2.930041
270.227509 67.901482 8.314372 -2.441886
284.523560 486.850311 9.420998 -1.297446
300.351196 329.004852 7.943861 -0.583402
300.351196 329.004852 7.943861 -2.712744
339.747375 331.613037 7.979216 -0.639495
339.747375 331.613037 7.979216 -2.654935
351.132721 404.418518 8.286598 -0.605500
355.422424 213.377594 8.576013 1.561785
355.257202 236.383865 7.917779 -4.687518
355.411102 529.587097 7.263499 -1.910848
412.831573 150.771683 7.226353 -0.316669
417.787659 518.202271 7.464210 -1.406026
448.687592 411.477112 8.298437 -4.700493
40.465992 247.916092 10.044886 -1.155442
58.121296 449.551117 9.706594 -1.473515
58.121296 449.551117 9.706594 -4.698884
77.071922 498.451691 10.061524 -3.493914
88.030396 87.114647 9.759064 -0.989854
152.020828 183.201355 10.825725 -4.117937
188.343094 343.640411 10.237253 -3.118542
191.186722 588.160522 9.727266 -2.245152
206.909592 105.303932 10.757095 -2.547591
210.767136 299.013031 9.607230 -3.090733
208.384201 497.950378 9.688519 -1.568783
236.271667 210.356720 9.126936 -3.844030
331.193115 437.051758 10.053755 1.352061
333.821320 62.883614 10.480678 0.918684
365.165009 378.843964 11.263103 -0.502588
382.772217 37.446838 10.659652 1.055054
382.772217 37.446838 10.659652 -2.504837
392.145355 250.273727 9.238837 -3.153274
421.622192 194.937302 10.458439 -0.212672
450.276123 196.193680 10.810314 -0.214442
46.917290 146.689606 13.652702 -2.365542
290.684357 147.316071 12.938054 -1.501039
381.730652 103.801575 12.907674 -2.354060
36.506927 353.940033 15.920278 -0.605267
36.506927 353.940033 15.920278 -3.400689
85.230232 323.836609 15.417456 -0.063668
81.443062 563.518127 16.218019 -3.583645
217.478653 377.675629 16.744265 -2.415351
412.357971 404.211243 16.200010 -2.741617
424.950714 109.637810 14.933891 -2.414982
77.977570 168.536179 19.713715 -2.381461
128.571869 225.165543 20.861860 -4.192969
137.214066 352.900513 19.418833 -0.044080
137.214066 352.900513 19.418833 -1.367903
154.715012 88.328781 20.842230 -1.584564
230.077194 549.026794 18.922173 -1.665488
251.736725 298.209442 18.374729 0.162072
251.736725 298.209442 18.374729 -2.732405
315.260437 191.468811 22.035307 -1.530397
394.130859 501.522369 19.638123 -1.670656
406.687134 145.594940 18.533066 -0.033121
406.687134 145.594940 18.533066 -2.184286
432.307373 256.993134 19.432096 -0.752539
160.577698 155.867188 25.787821 -1.779562
160.577698 155.867188 25.787821 -4.284521
310.965454 387.735229 24.220581 -1.338049
344.228638 295.087769 34.369801 -1.474260
344.228638 295.087769 34.369801 -2.626257
11.593016 543.939758 43.039536 -3.377875
135.580978 478.201294 47.788708 -1.676531
